timestamp,datetime,comment-id,voter-id,vote
1624995106039,Tue Jun 29 12:31:46 PDT 2021,0,0,1
1624917538990,Mon Jun 28 14:58:58 PDT 2021,0,1,-1
1624924468009,Mon Jun 28 16:54:28 PDT 2021,0,2,0
1624978239131,Tue Jun 29 07:50:39 PDT 2021,0,3,1
1624979935137,Tue Jun 29 08:18:55 PDT 2021,0,5,-1
1624980912082,Tue Jun 29 08:35:12 PDT 2021,0,6,0
1624983022563,Tue Jun 29 09:10:22 PDT 2021,0,7,0
1624995812757,Tue Jun 29 12:43:32 PDT 2021,0,9,0
1624997124735,Tue Jun 29 13:05:24 PDT 2021,0,10,-1
1624999232939,Tue Jun 29 13:40:32 PDT 2021,0,11,0
1625000356871,Tue Jun 29 13:59:16 PDT 2021,0,12,-1
1625000367373,Tue Jun 29 13:59:27 PDT 2021,0,13,1
1625002191218,Tue Jun 29 14:29:51 PDT 2021,0,14,-1
1625003328237,Tue Jun 29 14:48:48 PDT 2021,0,15,-1
1625004447596,Tue Jun 29 15:07:27 PDT 2021,0,16,-1
1625007456537,Tue Jun 29 15:57:36 PDT 2021,0,17,0
1625007400544,Tue Jun 29 15:56:40 PDT 2021,0,18,0
1625008284776,Tue Jun 29 16:11:24 PDT 2021,0,19,-1
1625008939965,Tue Jun 29 16:22:19 PDT 2021,0,21,0
1625009282029,Tue Jun 29 16:28:02 PDT 2021,0,22,-1
1625020016151,Tue Jun 29 19:26:56 PDT 2021,0,24,-1
1625019875658,Tue Jun 29 19:24:35 PDT 2021,0,25,-1
1625020071698,Tue Jun 29 19:27:51 PDT 2021,0,26,1
1625021986241,Tue Jun 29 19:59:46 PDT 2021,0,27,1
1625055626994,Wed Jun 30 05:20:26 PDT 2021,0,28,0
1625058081643,Wed Jun 30 06:01:21 PDT 2021,0,30,-1
1625065129361,Wed Jun 30 07:58:49 PDT 2021,0,33,-1
1625066294091,Wed Jun 30 08:18:14 PDT 2021,0,34,0
1625068648130,Wed Jun 30 08:57:28 PDT 2021,0,35,-1
1625069159274,Wed Jun 30 09:05:59 PDT 2021,0,36,-1
1625071539058,Wed Jun 30 09:45:39 PDT 2021,0,37,-1
1625072231348,Wed Jun 30 09:57:11 PDT 2021,0,38,-1
1625082509337,Wed Jun 30 12:48:29 PDT 2021,0,40,0
1625099438875,Wed Jun 30 17:30:38 PDT 2021,0,41,1
1625086586653,Wed Jun 30 13:56:26 PDT 2021,0,42,-1
1625090046806,Wed Jun 30 14:54:06 PDT 2021,0,43,1
1625093151124,Wed Jun 30 15:45:51 PDT 2021,0,45,0
1625095418066,Wed Jun 30 16:23:38 PDT 2021,0,46,-1
1625095291915,Wed Jun 30 16:21:31 PDT 2021,0,47,-1
1625096219465,Wed Jun 30 16:36:59 PDT 2021,0,48,-1
1625099294276,Wed Jun 30 17:28:14 PDT 2021,0,50,0
1625102839030,Wed Jun 30 18:27:19 PDT 2021,0,52,0
1625101657467,Wed Jun 30 18:07:37 PDT 2021,0,53,1
1625101575598,Wed Jun 30 18:06:15 PDT 2021,0,54,1
1625108271248,Wed Jun 30 19:57:51 PDT 2021,0,55,-1
1625116228649,Wed Jun 30 22:10:28 PDT 2021,0,57,1
1625118269705,Wed Jun 30 22:44:29 PDT 2021,0,59,-1
1625150972205,Thu Jul 01 07:49:32 PDT 2021,0,61,1
1625151037045,Thu Jul 01 07:50:37 PDT 2021,0,62,0
1625154333790,Thu Jul 01 08:45:33 PDT 2021,0,63,0
1625155969011,Thu Jul 01 09:12:49 PDT 2021,0,64,0
1625158236729,Thu Jul 01 09:50:36 PDT 2021,0,65,0
1625158761154,Thu Jul 01 09:59:21 PDT 2021,0,66,0
1625159912215,Thu Jul 01 10:18:32 PDT 2021,0,68,-1
1625160208759,Thu Jul 01 10:23:28 PDT 2021,0,69,1
1625168049013,Thu Jul 01 12:34:09 PDT 2021,0,70,1
1625162434377,Thu Jul 01 11:00:34 PDT 2021,0,71,1
1625163666478,Thu Jul 01 11:21:06 PDT 2021,0,73,1
1625164877647,Thu Jul 01 11:41:17 PDT 2021,0,74,0
1625164596072,Thu Jul 01 11:36:36 PDT 2021,0,85,1
1625168887009,Thu Jul 01 12:48:07 PDT 2021,0,92,0
1625173863292,Thu Jul 01 14:11:03 PDT 2021,0,93,-1
1625175169616,Thu Jul 01 14:32:49 PDT 2021,0,94,1
1625179498872,Thu Jul 01 15:44:58 PDT 2021,0,95,-1
1625182830736,Thu Jul 01 16:40:30 PDT 2021,0,96,0
1626144986444,Mon Jul 12 19:56:26 PDT 2021,0,98,1
1625190405519,Thu Jul 01 18:46:45 PDT 2021,0,100,1
1625190829513,Thu Jul 01 18:53:49 PDT 2021,0,101,0
1625200172838,Thu Jul 01 21:29:32 PDT 2021,0,102,1
1625238349037,Fri Jul 02 08:05:49 PDT 2021,0,103,1
1625241572094,Fri Jul 02 08:59:32 PDT 2021,0,104,1
1625242409160,Fri Jul 02 09:13:29 PDT 2021,0,106,1
1625245525594,Fri Jul 02 10:05:25 PDT 2021,0,107,1
1625267016143,Fri Jul 02 16:03:36 PDT 2021,0,111,-1
1625275105669,Fri Jul 02 18:18:25 PDT 2021,0,112,-1
1625329563129,Sat Jul 03 09:26:03 PDT 2021,0,118,1
1625333793833,Sat Jul 03 10:36:33 PDT 2021,0,119,1
1625362063830,Sat Jul 03 18:27:43 PDT 2021,0,120,1
1625364356689,Sat Jul 03 19:05:56 PDT 2021,0,121,0
1625365757857,Sat Jul 03 19:29:17 PDT 2021,0,122,-1
1625366080417,Sat Jul 03 19:34:40 PDT 2021,0,123,-1
1625375528127,Sat Jul 03 22:12:08 PDT 2021,0,124,-1
1625384033282,Sun Jul 04 00:33:53 PDT 2021,0,125,0
1625410472464,Sun Jul 04 07:54:32 PDT 2021,0,126,0
1625414454884,Sun Jul 04 09:00:54 PDT 2021,0,127,0
1625424225676,Sun Jul 04 11:43:45 PDT 2021,0,131,1
1625429273790,Sun Jul 04 13:07:53 PDT 2021,0,132,-1
1625436103324,Sun Jul 04 15:01:43 PDT 2021,0,135,0
1625436888781,Sun Jul 04 15:14:48 PDT 2021,0,136,0
1625437391500,Sun Jul 04 15:23:11 PDT 2021,0,137,0
1625452494184,Sun Jul 04 19:34:54 PDT 2021,0,141,0
1625461204681,Sun Jul 04 22:00:04 PDT 2021,0,144,-1
1625463438022,Sun Jul 04 22:37:18 PDT 2021,0,145,-1
1625496997589,Mon Jul 05 07:56:37 PDT 2021,0,147,0
1625593754201,Tue Jul 06 10:49:14 PDT 2021,0,151,-1
1625602534590,Tue Jul 06 13:15:34 PDT 2021,0,152,0
1625614185610,Tue Jul 06 16:29:45 PDT 2021,0,153,0
1625611669466,Tue Jul 06 15:47:49 PDT 2021,0,155,-1
1625627420483,Tue Jul 06 20:10:20 PDT 2021,0,156,-1
1625635819065,Tue Jul 06 22:30:19 PDT 2021,0,157,1
1625673100099,Wed Jul 07 08:51:40 PDT 2021,0,160,1
1625674954343,Wed Jul 07 09:22:34 PDT 2021,0,161,-1
1625675499954,Wed Jul 07 09:31:39 PDT 2021,0,162,0
1625676802110,Wed Jul 07 09:53:22 PDT 2021,0,163,1
1625678659760,Wed Jul 07 10:24:19 PDT 2021,0,166,0
1625686230069,Wed Jul 07 12:30:30 PDT 2021,0,170,0
1625693787407,Wed Jul 07 14:36:27 PDT 2021,0,173,1
1625693962141,Wed Jul 07 14:39:22 PDT 2021,0,174,-1
1625694688164,Wed Jul 07 14:51:28 PDT 2021,0,177,-1
1625696259996,Wed Jul 07 15:17:39 PDT 2021,0,180,0
1625696692927,Wed Jul 07 15:24:52 PDT 2021,0,181,-1
1625698147316,Wed Jul 07 15:49:07 PDT 2021,0,183,0
1625699982041,Wed Jul 07 16:19:42 PDT 2021,0,186,0
1625700750635,Wed Jul 07 16:32:30 PDT 2021,0,187,0
1625700910927,Wed Jul 07 16:35:10 PDT 2021,0,188,1
1625702998892,Wed Jul 07 17:09:58 PDT 2021,0,189,1
1625710455751,Wed Jul 07 19:14:15 PDT 2021,0,193,-1
1625710891643,Wed Jul 07 19:21:31 PDT 2021,0,194,1
1625723176804,Wed Jul 07 22:46:16 PDT 2021,0,196,0
1625752930600,Thu Jul 08 07:02:10 PDT 2021,0,197,-1
1625772870738,Thu Jul 08 12:34:30 PDT 2021,0,198,0
1625759423776,Thu Jul 08 08:50:23 PDT 2021,0,199,-1
1625763053404,Thu Jul 08 09:50:53 PDT 2021,0,201,-1
1625763763606,Thu Jul 08 10:02:43 PDT 2021,0,203,1
1625770678085,Thu Jul 08 11:57:58 PDT 2021,0,205,1
1625782581776,Thu Jul 08 15:16:21 PDT 2021,0,207,-1
1625784406399,Thu Jul 08 15:46:46 PDT 2021,0,208,0
1625786660181,Thu Jul 08 16:24:20 PDT 2021,0,209,-1
1625844998603,Fri Jul 09 08:36:38 PDT 2021,0,215,-1
1625855866206,Fri Jul 09 11:37:46 PDT 2021,0,217,-1
1625863941414,Fri Jul 09 13:52:21 PDT 2021,0,218,-1
1625868188266,Fri Jul 09 15:03:08 PDT 2021,0,219,-1
1625921769968,Sat Jul 10 05:56:09 PDT 2021,0,223,-1
1625922357309,Sat Jul 10 06:05:57 PDT 2021,0,224,-1
1625929847648,Sat Jul 10 08:10:47 PDT 2021,0,226,1
1625965216897,Sat Jul 10 18:00:16 PDT 2021,0,232,-1
1625971813308,Sat Jul 10 19:50:13 PDT 2021,0,233,0
1625982558722,Sat Jul 10 22:49:18 PDT 2021,0,234,-1
1626012530971,Sun Jul 11 07:08:50 PDT 2021,0,236,1
1626015621971,Sun Jul 11 08:00:21 PDT 2021,0,237,-1
1626015797566,Sun Jul 11 08:03:17 PDT 2021,0,238,-1
1626018798356,Sun Jul 11 08:53:18 PDT 2021,0,239,0
1626027598055,Sun Jul 11 11:19:58 PDT 2021,0,240,-1
1626029770788,Sun Jul 11 11:56:10 PDT 2021,0,241,-1
1626033989801,Sun Jul 11 13:06:29 PDT 2021,0,243,0
1626063726936,Sun Jul 11 21:22:06 PDT 2021,0,248,-1
1626097595455,Mon Jul 12 06:46:35 PDT 2021,0,250,1
1626160202997,Tue Jul 13 00:10:02 PDT 2021,0,255,-1
1626184967805,Tue Jul 13 07:02:47 PDT 2021,0,256,-1
1626641203726,Sun Jul 18 13:46:43 PDT 2021,0,258,1
1626213693501,Tue Jul 13 15:01:33 PDT 2021,0,260,-1
1626274946697,Wed Jul 14 08:02:26 PDT 2021,0,265,1
1626384216762,Thu Jul 15 14:23:36 PDT 2021,0,267,0
1626385802678,Thu Jul 15 14:50:02 PDT 2021,0,271,0
1626455634900,Fri Jul 16 10:13:54 PDT 2021,0,274,0
1626471850562,Fri Jul 16 14:44:10 PDT 2021,0,275,0
1626492479285,Fri Jul 16 20:27:59 PDT 2021,0,276,1
1626541299217,Sat Jul 17 10:01:39 PDT 2021,0,278,-1
1626546295052,Sat Jul 17 11:24:55 PDT 2021,0,280,0
1626552785764,Sat Jul 17 13:13:05 PDT 2021,0,281,-1
1626554049231,Sat Jul 17 13:34:09 PDT 2021,0,282,-1
1626568170698,Sat Jul 17 17:29:30 PDT 2021,0,284,1
1626584565728,Sat Jul 17 22:02:45 PDT 2021,0,286,1
1626713320028,Mon Jul 19 09:48:40 PDT 2021,0,288,0
1626716433116,Mon Jul 19 10:40:33 PDT 2021,0,290,1
1626720457686,Mon Jul 19 11:47:37 PDT 2021,0,291,1
1626737783626,Mon Jul 19 16:36:23 PDT 2021,0,294,0
1626752392423,Mon Jul 19 20:39:52 PDT 2021,0,295,-1
1626792513279,Tue Jul 20 07:48:33 PDT 2021,0,296,1
1626799031536,Tue Jul 20 09:37:11 PDT 2021,0,298,0
1626910246553,Wed Jul 21 16:30:46 PDT 2021,0,299,0
1626965341500,Thu Jul 22 07:49:01 PDT 2021,0,300,0
1627001573892,Thu Jul 22 17:52:53 PDT 2021,0,302,-1
1627002552367,Thu Jul 22 18:09:12 PDT 2021,0,303,1
1627008947218,Thu Jul 22 19:55:47 PDT 2021,0,305,-1
1627082464924,Fri Jul 23 16:21:04 PDT 2021,0,308,1
1627084441733,Fri Jul 23 16:54:01 PDT 2021,0,309,1
1627085767920,Fri Jul 23 17:16:07 PDT 2021,0,310,1
1627087193651,Fri Jul 23 17:39:53 PDT 2021,0,311,-1
1627087808286,Fri Jul 23 17:50:08 PDT 2021,0,312,1
1627099837245,Fri Jul 23 21:10:37 PDT 2021,0,313,1
1627101002037,Fri Jul 23 21:30:02 PDT 2021,0,314,1
1627101404652,Fri Jul 23 21:36:44 PDT 2021,0,315,1
1627162898231,Sat Jul 24 14:41:38 PDT 2021,0,317,0
1627187906380,Sat Jul 24 21:38:26 PDT 2021,0,318,1
1627192229609,Sat Jul 24 22:50:29 PDT 2021,0,319,-1
1627404941249,Tue Jul 27 09:55:41 PDT 2021,0,321,0
1627407562719,Tue Jul 27 10:39:22 PDT 2021,0,322,-1
1627415004318,Tue Jul 27 12:43:24 PDT 2021,0,325,1
1627699626876,Fri Jul 30 19:47:06 PDT 2021,0,326,1
1627502829308,Wed Jul 28 13:07:09 PDT 2021,0,332,1
1627505190870,Wed Jul 28 13:46:30 PDT 2021,0,337,1
1627505879842,Wed Jul 28 13:57:59 PDT 2021,0,339,1
1627509171594,Wed Jul 28 14:52:51 PDT 2021,0,343,1
1627508908598,Wed Jul 28 14:48:28 PDT 2021,0,345,1
1627515590743,Wed Jul 28 16:39:50 PDT 2021,0,348,1
1627515497645,Wed Jul 28 16:38:17 PDT 2021,0,350,0
1627523407425,Wed Jul 28 18:50:07 PDT 2021,0,353,-1
1627521632689,Wed Jul 28 18:20:32 PDT 2021,0,356,-1
1627529354636,Wed Jul 28 20:29:14 PDT 2021,0,357,-1
1627532028850,Wed Jul 28 21:13:48 PDT 2021,0,358,-1
1627544808769,Thu Jul 29 00:46:48 PDT 2021,0,364,-1
1627573723961,Thu Jul 29 08:48:43 PDT 2021,0,366,1
1627587377103,Thu Jul 29 12:36:17 PDT 2021,0,373,-1
1627593577614,Thu Jul 29 14:19:37 PDT 2021,0,374,1
1627595414317,Thu Jul 29 14:50:14 PDT 2021,0,375,-1
1627608456858,Thu Jul 29 18:27:36 PDT 2021,0,376,0
1627611902557,Thu Jul 29 19:25:02 PDT 2021,0,377,1
1627613789379,Thu Jul 29 19:56:29 PDT 2021,0,378,0
1627655872185,Fri Jul 30 07:37:52 PDT 2021,0,380,0
1627664238465,Fri Jul 30 09:57:18 PDT 2021,0,382,-1
1627667067007,Fri Jul 30 10:44:27 PDT 2021,0,384,0
1627676286955,Fri Jul 30 13:18:06 PDT 2021,0,386,-1
1627675869266,Fri Jul 30 13:11:09 PDT 2021,0,387,0
1627681370716,Fri Jul 30 14:42:50 PDT 2021,0,388,-1
1627682845372,Fri Jul 30 15:07:25 PDT 2021,0,389,-1
1627685167741,Fri Jul 30 15:46:07 PDT 2021,0,393,-1
1627703487195,Fri Jul 30 20:51:27 PDT 2021,0,396,-1
1627752515056,Sat Jul 31 10:28:35 PDT 2021,0,398,1
1627770764116,Sat Jul 31 15:32:44 PDT 2021,0,401,-1
1627771721098,Sat Jul 31 15:48:41 PDT 2021,0,402,-1
1627777199757,Sat Jul 31 17:19:59 PDT 2021,0,403,1
1627838168427,Sun Aug 01 10:16:08 PDT 2021,0,404,-1
1624994687820,Tue Jun 29 12:24:47 PDT 2021,1,0,1
1624917496037,Mon Jun 28 14:58:16 PDT 2021,1,1,1
1624924450876,Mon Jun 28 16:54:10 PDT 2021,1,2,1
1624978101320,Tue Jun 29 07:48:21 PDT 2021,1,3,0
1624980256181,Tue Jun 29 08:24:16 PDT 2021,1,5,1
1624980972166,Tue Jun 29 08:36:12 PDT 2021,1,6,1
1624983163483,Tue Jun 29 09:12:43 PDT 2021,1,7,0
1624995260843,Tue Jun 29 12:34:20 PDT 2021,1,8,1
1624995782549,Tue Jun 29 12:43:02 PDT 2021,1,9,0
1624997098636,Tue Jun 29 13:04:58 PDT 2021,1,10,1
1624999314362,Tue Jun 29 13:41:54 PDT 2021,1,11,1
1625000172723,Tue Jun 29 13:56:12 PDT 2021,1,12,1
1625000426296,Tue Jun 29 14:00:26 PDT 2021,1,13,1
1625000692025,Tue Jun 29 14:04:52 PDT 2021,1,14,1
1625003410355,Tue Jun 29 14:50:10 PDT 2021,1,15,1
1625004237458,Tue Jun 29 15:03:57 PDT 2021,1,16,1
1625007393243,Tue Jun 29 15:56:33 PDT 2021,1,17,0
1625007477751,Tue Jun 29 15:57:57 PDT 2021,1,18,1
1625008525498,Tue Jun 29 16:15:25 PDT 2021,1,19,1
1625008929311,Tue Jun 29 16:22:09 PDT 2021,1,21,-1
1625009130766,Tue Jun 29 16:25:30 PDT 2021,1,22,-1
1625020003420,Tue Jun 29 19:26:43 PDT 2021,1,24,0
1625019899483,Tue Jun 29 19:24:59 PDT 2021,1,25,1
1625020092743,Tue Jun 29 19:28:12 PDT 2021,1,26,1
1625021896049,Tue Jun 29 19:58:16 PDT 2021,1,27,1
1625055541331,Wed Jun 30 05:19:01 PDT 2021,1,28,0
1625058171750,Wed Jun 30 06:02:51 PDT 2021,1,30,0
1625064976643,Wed Jun 30 07:56:16 PDT 2021,1,33,0
1625066328184,Wed Jun 30 08:18:48 PDT 2021,1,34,0
1625068298304,Wed Jun 30 08:51:38 PDT 2021,1,35,1
1625069339572,Wed Jun 30 09:08:59 PDT 2021,1,36,-1
1625071880616,Wed Jun 30 09:51:20 PDT 2021,1,37,1
1625071919545,Wed Jun 30 09:51:59 PDT 2021,1,38,-1
1625082603046,Wed Jun 30 12:50:03 PDT 2021,1,40,1
1625099606801,Wed Jun 30 17:33:26 PDT 2021,1,41,-1
1625086299508,Wed Jun 30 13:51:39 PDT 2021,1,42,0
1625090168823,Wed Jun 30 14:56:08 PDT 2021,1,43,1
1625092861749,Wed Jun 30 15:41:01 PDT 2021,1,45,1
1625095467479,Wed Jun 30 16:24:27 PDT 2021,1,46,-1
1625095101773,Wed Jun 30 16:18:21 PDT 2021,1,47,1
1625096368789,Wed Jun 30 16:39:28 PDT 2021,1,48,1
1625099624569,Wed Jun 30 17:33:44 PDT 2021,1,50,1
1625102890993,Wed Jun 30 18:28:10 PDT 2021,1,52,1
1625101648997,Wed Jun 30 18:07:28 PDT 2021,1,53,-1
1625101617428,Wed Jun 30 18:06:57 PDT 2021,1,54,1
1625108012564,Wed Jun 30 19:53:32 PDT 2021,1,55,-1
1625112329070,Wed Jun 30 21:05:29 PDT 2021,1,56,0
1625116146437,Wed Jun 30 22:09:06 PDT 2021,1,57,1
1625117888991,Wed Jun 30 22:38:08 PDT 2021,1,59,0
1625150929485,Thu Jul 01 07:48:49 PDT 2021,1,61,1
1625152473376,Thu Jul 01 08:14:33 PDT 2021,1,62,-1
1625154589891,Thu Jul 01 08:49:49 PDT 2021,1,63,0
1625155708376,Thu Jul 01 09:08:28 PDT 2021,1,64,-1
1625158125342,Thu Jul 01 09:48:45 PDT 2021,1,65,1
1625410441864,Sun Jul 04 07:54:01 PDT 2021,1,66,0
1625159777953,Thu Jul 01 10:16:17 PDT 2021,1,68,-1
1625159844051,Thu Jul 01 10:17:24 PDT 2021,1,69,-1
1625167819258,Thu Jul 01 12:30:19 PDT 2021,1,70,-1
1625161947605,Thu Jul 01 10:52:27 PDT 2021,1,71,-1
1625163398450,Thu Jul 01 11:16:38 PDT 2021,1,73,-1
1625166983697,Thu Jul 01 12:16:23 PDT 2021,1,74,0
1625164055241,Thu Jul 01 11:27:35 PDT 2021,1,83,-1
1625164440700,Thu Jul 01 11:34:00 PDT 2021,1,84,-1
1625164985162,Thu Jul 01 11:43:05 PDT 2021,1,85,-1
1625165340029,Thu Jul 01 11:49:00 PDT 2021,1,86,-1
1625168424853,Thu Jul 01 12:40:24 PDT 2021,1,92,1
1625174682709,Thu Jul 01 14:24:42 PDT 2021,1,94,1
1625179355284,Thu Jul 01 15:42:35 PDT 2021,1,95,0
1625183110069,Thu Jul 01 16:45:10 PDT 2021,1,96,-1
1625185485066,Thu Jul 01 17:24:45 PDT 2021,1,97,0
1626141123604,Mon Jul 12 18:52:03 PDT 2021,1,98,1
1625190083097,Thu Jul 01 18:41:23 PDT 2021,1,99,-1
1625191330933,Thu Jul 01 19:02:10 PDT 2021,1,100,0
1625191090753,Thu Jul 01 18:58:10 PDT 2021,1,101,-1
1625199991381,Thu Jul 01 21:26:31 PDT 2021,1,102,-1
1625238052341,Fri Jul 02 08:00:52 PDT 2021,1,103,-1
1625241722172,Fri Jul 02 09:02:02 PDT 2021,1,104,-1
1625242062261,Fri Jul 02 09:07:42 PDT 2021,1,106,0
1625245553329,Fri Jul 02 10:05:53 PDT 2021,1,107,1
1625252397173,Fri Jul 02 11:59:57 PDT 2021,1,109,0
1625266819997,Fri Jul 02 16:00:19 PDT 2021,1,111,-1
1625273968736,Fri Jul 02 17:59:28 PDT 2021,1,112,-1
1625329285320,Sat Jul 03 09:21:25 PDT 2021,1,118,-1
1625333705926,Sat Jul 03 10:35:05 PDT 2021,1,119,1
1625365085914,Sat Jul 03 19:18:05 PDT 2021,1,121,1
1625365518175,Sat Jul 03 19:25:18 PDT 2021,1,122,-1
1625366345072,Sat Jul 03 19:39:05 PDT 2021,1,123,1
1625374892633,Sat Jul 03 22:01:32 PDT 2021,1,124,-1
1625413828025,Sun Jul 04 08:50:28 PDT 2021,1,127,0
1625424515931,Sun Jul 04 11:48:35 PDT 2021,1,131,1
1625429078602,Sun Jul 04 13:04:38 PDT 2021,1,132,-1
1625435474373,Sun Jul 04 14:51:14 PDT 2021,1,135,0
1625436915914,Sun Jul 04 15:15:15 PDT 2021,1,136,-1
1625437213688,Sun Jul 04 15:20:13 PDT 2021,1,137,1
1625452213048,Sun Jul 04 19:30:13 PDT 2021,1,141,-1
1625454689872,Sun Jul 04 20:11:29 PDT 2021,1,142,-1
1625462445154,Sun Jul 04 22:20:45 PDT 2021,1,145,-1
1625496456912,Mon Jul 05 07:47:36 PDT 2021,1,147,1
1625593671838,Tue Jul 06 10:47:51 PDT 2021,1,151,0
1625602904848,Tue Jul 06 13:21:44 PDT 2021,1,152,1
1625598033684,Tue Jul 06 12:00:33 PDT 2021,1,153,0
1625601388121,Tue Jul 06 12:56:28 PDT 2021,1,154,-1
1625611468435,Tue Jul 06 15:44:28 PDT 2021,1,155,1
1625627627380,Tue Jul 06 20:13:47 PDT 2021,1,156,-1
1625635687842,Tue Jul 06 22:28:07 PDT 2021,1,157,1
1625673151906,Wed Jul 07 08:52:31 PDT 2021,1,160,-1
1625674840086,Wed Jul 07 09:20:40 PDT 2021,1,161,1
1625675048501,Wed Jul 07 09:24:08 PDT 2021,1,162,-1
1625676806313,Wed Jul 07 09:53:26 PDT 2021,1,163,-1
1625677921598,Wed Jul 07 10:12:01 PDT 2021,1,166,1
1625686221097,Wed Jul 07 12:30:21 PDT 2021,1,170,-1
1625693912594,Wed Jul 07 14:38:32 PDT 2021,1,173,1
1625694152267,Wed Jul 07 14:42:32 PDT 2021,1,174,1
1625696560253,Wed Jul 07 15:22:40 PDT 2021,1,180,1
1625696774183,Wed Jul 07 15:26:14 PDT 2021,1,181,0
1625698692335,Wed Jul 07 15:58:12 PDT 2021,1,183,-1
1625699761057,Wed Jul 07 16:16:01 PDT 2021,1,186,0
1625700998381,Wed Jul 07 16:36:38 PDT 2021,1,187,0
1625700746337,Wed Jul 07 16:32:26 PDT 2021,1,188,1
1625702761006,Wed Jul 07 17:06:01 PDT 2021,1,189,1
1625707062541,Wed Jul 07 18:17:42 PDT 2021,1,191,1
1625709893435,Wed Jul 07 19:04:53 PDT 2021,1,193,1
1625710568172,Wed Jul 07 19:16:08 PDT 2021,1,194,1
1625722646152,Wed Jul 07 22:37:26 PDT 2021,1,196,1
1625752506815,Thu Jul 08 06:55:06 PDT 2021,1,197,1
1625755730402,Thu Jul 08 07:48:50 PDT 2021,1,198,1
1625758772353,Thu Jul 08 08:39:32 PDT 2021,1,199,-1
1625762944698,Thu Jul 08 09:49:04 PDT 2021,1,201,-1
1625763771230,Thu Jul 08 10:02:51 PDT 2021,1,203,1
1625770620146,Thu Jul 08 11:57:00 PDT 2021,1,205,1
1625782201961,Thu Jul 08 15:10:01 PDT 2021,1,207,1
1625783772693,Thu Jul 08 15:36:12 PDT 2021,1,208,1
1625787058244,Thu Jul 08 16:30:58 PDT 2021,1,209,1
1625789775878,Thu Jul 08 17:16:15 PDT 2021,1,210,1
1625805456176,Thu Jul 08 21:37:36 PDT 2021,1,214,1
1625844863244,Fri Jul 09 08:34:23 PDT 2021,1,215,0
1625855550821,Fri Jul 09 11:32:30 PDT 2021,1,217,0
1625863514485,Fri Jul 09 13:45:14 PDT 2021,1,218,0
1625868246234,Fri Jul 09 15:04:06 PDT 2021,1,219,0
1625921466228,Sat Jul 10 05:51:06 PDT 2021,1,223,0
1625922216088,Sat Jul 10 06:03:36 PDT 2021,1,224,1
1625929783114,Sat Jul 10 08:09:43 PDT 2021,1,226,0
1625939445204,Sat Jul 10 10:50:45 PDT 2021,1,228,1
1625961604479,Sat Jul 10 17:00:04 PDT 2021,1,231,-1
1625965178145,Sat Jul 10 17:59:38 PDT 2021,1,232,1
1625982499014,Sat Jul 10 22:48:19 PDT 2021,1,234,-1
1626011963012,Sun Jul 11 06:59:23 PDT 2021,1,236,1
1626014947567,Sun Jul 11 07:49:07 PDT 2021,1,237,0
1626015555172,Sun Jul 11 07:59:15 PDT 2021,1,238,-1
1626017065338,Sun Jul 11 08:24:25 PDT 2021,1,239,-1
1626027476922,Sun Jul 11 11:17:56 PDT 2021,1,240,-1
1626031498794,Sun Jul 11 12:24:58 PDT 2021,1,241,0
1626033644758,Sun Jul 11 13:00:44 PDT 2021,1,243,0
1626063780836,Sun Jul 11 21:23:00 PDT 2021,1,248,1
1626097604953,Mon Jul 12 06:46:44 PDT 2021,1,250,1
1626160392850,Tue Jul 13 00:13:12 PDT 2021,1,255,1
1626184628422,Tue Jul 13 06:57:08 PDT 2021,1,256,-1
1627192505533,Sat Jul 24 22:55:05 PDT 2021,1,258,0
1626214026612,Tue Jul 13 15:07:06 PDT 2021,1,260,1
1626215462311,Tue Jul 13 15:31:02 PDT 2021,1,261,1
1626219016743,Tue Jul 13 16:30:16 PDT 2021,1,262,0
1626298195772,Wed Jul 14 14:29:55 PDT 2021,1,265,1
1626384379023,Thu Jul 15 14:26:19 PDT 2021,1,267,0
1626360839149,Thu Jul 15 07:53:59 PDT 2021,1,269,-1
1626386066012,Thu Jul 15 14:54:26 PDT 2021,1,271,0
1626455758767,Fri Jul 16 10:15:58 PDT 2021,1,274,-1
1626470952336,Fri Jul 16 14:29:12 PDT 2021,1,275,0
1626492673954,Fri Jul 16 20:31:13 PDT 2021,1,276,0
1626541240393,Sat Jul 17 10:00:40 PDT 2021,1,278,0
1626540576743,Sat Jul 17 09:49:36 PDT 2021,1,279,1
1626545435044,Sat Jul 17 11:10:35 PDT 2021,1,280,1
1626552428891,Sat Jul 17 13:07:08 PDT 2021,1,281,0
1626554004120,Sat Jul 17 13:33:24 PDT 2021,1,282,-1
1626567995512,Sat Jul 17 17:26:35 PDT 2021,1,284,-1
1626584803570,Sat Jul 17 22:06:43 PDT 2021,1,286,1
1626713250312,Mon Jul 19 09:47:30 PDT 2021,1,288,1
1626716441392,Mon Jul 19 10:40:41 PDT 2021,1,290,1
1626720667629,Mon Jul 19 11:51:07 PDT 2021,1,291,1
1626737547401,Mon Jul 19 16:32:27 PDT 2021,1,294,1
1626752187749,Mon Jul 19 20:36:27 PDT 2021,1,295,1
1626792545613,Tue Jul 20 07:49:05 PDT 2021,1,296,1
1626798946316,Tue Jul 20 09:35:46 PDT 2021,1,298,-1
1626909433504,Wed Jul 21 16:17:13 PDT 2021,1,299,1
1626965046990,Thu Jul 22 07:44:06 PDT 2021,1,300,1
1627001247018,Thu Jul 22 17:47:27 PDT 2021,1,302,0
1627002352542,Thu Jul 22 18:05:52 PDT 2021,1,303,-1
1627008871650,Thu Jul 22 19:54:31 PDT 2021,1,305,-1
1627082503042,Fri Jul 23 16:21:43 PDT 2021,1,308,1
1627083932287,Fri Jul 23 16:45:32 PDT 2021,1,309,1
1627084997766,Fri Jul 23 17:03:17 PDT 2021,1,310,1
1627086790526,Fri Jul 23 17:33:10 PDT 2021,1,311,1
1627087901667,Fri Jul 23 17:51:41 PDT 2021,1,312,1
1627099591426,Fri Jul 23 21:06:31 PDT 2021,1,313,1
1627100562882,Fri Jul 23 21:22:42 PDT 2021,1,314,1
1627102006088,Fri Jul 23 21:46:46 PDT 2021,1,315,1
1627162340761,Sat Jul 24 14:32:20 PDT 2021,1,317,1
1627187474319,Sat Jul 24 21:31:14 PDT 2021,1,318,-1
1627191486182,Sat Jul 24 22:38:06 PDT 2021,1,319,-1
1627404977395,Tue Jul 27 09:56:17 PDT 2021,1,321,1
1627407899359,Tue Jul 27 10:44:59 PDT 2021,1,322,-1
1627415033283,Tue Jul 27 12:43:53 PDT 2021,1,325,1
1627426226029,Tue Jul 27 15:50:26 PDT 2021,1,326,1
1627439537308,Tue Jul 27 19:32:17 PDT 2021,1,327,1
1627502512544,Wed Jul 28 13:01:52 PDT 2021,1,332,1
1627503967934,Wed Jul 28 13:26:07 PDT 2021,1,335,0
1627505081945,Wed Jul 28 13:44:41 PDT 2021,1,337,1
1627505665103,Wed Jul 28 13:54:25 PDT 2021,1,339,1
1627509093611,Wed Jul 28 14:51:33 PDT 2021,1,343,1
1627509974264,Wed Jul 28 15:06:14 PDT 2021,1,346,1
1627515541052,Wed Jul 28 16:39:01 PDT 2021,1,348,1
1627515216075,Wed Jul 28 16:33:36 PDT 2021,1,349,-1
1627520152601,Wed Jul 28 17:55:52 PDT 2021,1,353,-1
1627521744870,Wed Jul 28 18:22:24 PDT 2021,1,356,-1
1627529975270,Wed Jul 28 20:39:35 PDT 2021,1,357,-1
1627542933501,Thu Jul 29 00:15:33 PDT 2021,1,364,0
1627542933602,Thu Jul 29 00:15:33 PDT 2021,1,364,0
1627573791137,Thu Jul 29 08:49:51 PDT 2021,1,366,-1
1627582747858,Thu Jul 29 11:19:07 PDT 2021,1,369,1
1627586662425,Thu Jul 29 12:24:22 PDT 2021,1,373,-1
1627607643625,Thu Jul 29 18:14:03 PDT 2021,1,376,-1
1627613703791,Thu Jul 29 19:55:03 PDT 2021,1,378,0
1627655713424,Fri Jul 30 07:35:13 PDT 2021,1,380,0
1627664088134,Fri Jul 30 09:54:48 PDT 2021,1,382,-1
1627667193506,Fri Jul 30 10:46:33 PDT 2021,1,384,1
1627675794215,Fri Jul 30 13:09:54 PDT 2021,1,386,-1
1627680896579,Fri Jul 30 14:34:56 PDT 2021,1,388,0
1627682574130,Fri Jul 30 15:02:54 PDT 2021,1,389,-1
1627684335440,Fri Jul 30 15:32:15 PDT 2021,1,391,1
1627686079798,Fri Jul 30 16:01:19 PDT 2021,1,394,1
1627690173283,Fri Jul 30 17:09:33 PDT 2021,1,395,1
1627702860250,Fri Jul 30 20:41:00 PDT 2021,1,396,0
1627770151141,Sat Jul 31 15:22:31 PDT 2021,1,401,-1
1627771644053,Sat Jul 31 15:47:24 PDT 2021,1,402,-1
1627776848701,Sat Jul 31 17:14:08 PDT 2021,1,403,-1
1627838114979,Sun Aug 01 10:15:14 PDT 2021,1,404,-1
1624994884626,Tue Jun 29 12:28:04 PDT 2021,2,0,-1
1624917562491,Mon Jun 28 14:59:22 PDT 2021,2,1,1
1624924532589,Mon Jun 28 16:55:32 PDT 2021,2,2,-1
1624978115619,Tue Jun 29 07:48:35 PDT 2021,2,3,-1
1624980133280,Tue Jun 29 08:22:13 PDT 2021,2,5,-1
1624980873250,Tue Jun 29 08:34:33 PDT 2021,2,6,1
1624982976129,Tue Jun 29 09:09:36 PDT 2021,2,7,0
1624995209790,Tue Jun 29 12:33:29 PDT 2021,2,8,-1
1624995594908,Tue Jun 29 12:39:54 PDT 2021,2,9,0
1624997113776,Tue Jun 29 13:05:13 PDT 2021,2,10,1
1624999160836,Tue Jun 29 13:39:20 PDT 2021,2,11,-1
1625000287007,Tue Jun 29 13:58:07 PDT 2021,2,12,0
1625000370750,Tue Jun 29 13:59:30 PDT 2021,2,13,1
1625002155740,Tue Jun 29 14:29:15 PDT 2021,2,14,-1
1625003428007,Tue Jun 29 14:50:28 PDT 2021,2,15,-1
1625004357168,Tue Jun 29 15:05:57 PDT 2021,2,16,-1
1625007349963,Tue Jun 29 15:55:49 PDT 2021,2,17,-1
1625007556701,Tue Jun 29 15:59:16 PDT 2021,2,18,-1
1625008481423,Tue Jun 29 16:14:41 PDT 2021,2,19,-1
1625008982237,Tue Jun 29 16:23:02 PDT 2021,2,21,-1
1625009067775,Tue Jun 29 16:24:27 PDT 2021,2,22,-1
1625020024774,Tue Jun 29 19:27:04 PDT 2021,2,24,-1
1625019831303,Tue Jun 29 19:23:51 PDT 2021,2,25,-1
1625020180680,Tue Jun 29 19:29:40 PDT 2021,2,26,-1
1625021876469,Tue Jun 29 19:57:56 PDT 2021,2,27,-1
1625055494036,Wed Jun 30 05:18:14 PDT 2021,2,28,-1
1625058137353,Wed Jun 30 06:02:17 PDT 2021,2,30,-1
1625065190833,Wed Jun 30 07:59:50 PDT 2021,2,33,1
1625066514780,Wed Jun 30 08:21:54 PDT 2021,2,34,0
1625068312384,Wed Jun 30 08:51:52 PDT 2021,2,35,1
1625069412973,Wed Jun 30 09:10:12 PDT 2021,2,36,-1
1625071324046,Wed Jun 30 09:42:04 PDT 2021,2,37,-1
1625071960987,Wed Jun 30 09:52:40 PDT 2021,2,38,0
1625082461621,Wed Jun 30 12:47:41 PDT 2021,2,40,-1
1625099303627,Wed Jun 30 17:28:23 PDT 2021,2,41,-1
1625086624886,Wed Jun 30 13:57:04 PDT 2021,2,42,-1
1625089773853,Wed Jun 30 14:49:33 PDT 2021,2,43,-1
1625093042614,Wed Jun 30 15:44:02 PDT 2021,2,45,-1
1625095139605,Wed Jun 30 16:18:59 PDT 2021,2,46,-1
1625095211694,Wed Jun 30 16:20:11 PDT 2021,2,47,-1
1625096269988,Wed Jun 30 16:37:49 PDT 2021,2,48,1
1625099546894,Wed Jun 30 17:32:26 PDT 2021,2,50,-1
1625101308711,Wed Jun 30 18:01:48 PDT 2021,2,52,1
1625101635303,Wed Jun 30 18:07:15 PDT 2021,2,53,1
1625101756183,Wed Jun 30 18:09:16 PDT 2021,2,54,-1
1625108292434,Wed Jun 30 19:58:12 PDT 2021,2,55,-1
1625115969937,Wed Jun 30 22:06:09 PDT 2021,2,57,-1
1625117672723,Wed Jun 30 22:34:32 PDT 2021,2,59,0
1625150281691,Thu Jul 01 07:38:01 PDT 2021,2,61,1
1625151349562,Thu Jul 01 07:55:49 PDT 2021,2,62,1
1625154345970,Thu Jul 01 08:45:45 PDT 2021,2,63,-1
1625155702931,Thu Jul 01 09:08:22 PDT 2021,2,64,1
1625157890459,Thu Jul 01 09:44:50 PDT 2021,2,65,-1
1625410461791,Sun Jul 04 07:54:21 PDT 2021,2,66,-1
1625159916670,Thu Jul 01 10:18:36 PDT 2021,2,68,1
1625160076402,Thu Jul 01 10:21:16 PDT 2021,2,69,1
1625159974428,Thu Jul 01 10:19:34 PDT 2021,2,70,0
1625161962887,Thu Jul 01 10:52:42 PDT 2021,2,71,1
1625163627355,Thu Jul 01 11:20:27 PDT 2021,2,73,1
1625164850298,Thu Jul 01 11:40:50 PDT 2021,2,74,0
1625164007027,Thu Jul 01 11:26:47 PDT 2021,2,83,1
1625164991395,Thu Jul 01 11:43:11 PDT 2021,2,85,1
1625165332644,Thu Jul 01 11:48:52 PDT 2021,2,86,1
1625168370755,Thu Jul 01 12:39:30 PDT 2021,2,92,1
1625173681448,Thu Jul 01 14:08:01 PDT 2021,2,93,-1
1625174704034,Thu Jul 01 14:25:04 PDT 2021,2,94,-1
1625174842059,Thu Jul 01 14:27:22 PDT 2021,2,95,0
1625183094403,Thu Jul 01 16:44:54 PDT 2021,2,96,1
1625185363400,Thu Jul 01 17:22:43 PDT 2021,2,97,0
1626141797321,Mon Jul 12 19:03:17 PDT 2021,2,98,-1
1625190618279,Thu Jul 01 18:50:18 PDT 2021,2,100,0
1625190923898,Thu Jul 01 18:55:23 PDT 2021,2,101,1
1625200001563,Thu Jul 01 21:26:41 PDT 2021,2,102,1
1625238135207,Fri Jul 02 08:02:15 PDT 2021,2,103,1
1625241832791,Fri Jul 02 09:03:52 PDT 2021,2,104,-1
1625241642937,Fri Jul 02 09:00:42 PDT 2021,2,105,-1
1625242241133,Fri Jul 02 09:10:41 PDT 2021,2,106,-1
1625245478901,Fri Jul 02 10:04:38 PDT 2021,2,107,-1
1625251653177,Fri Jul 02 11:47:33 PDT 2021,2,108,0
1625266504396,Fri Jul 02 15:55:04 PDT 2021,2,111,-1
1625275989978,Fri Jul 02 18:33:09 PDT 2021,2,112,-1
1625320395861,Sat Jul 03 06:53:15 PDT 2021,2,116,-1
1625329220695,Sat Jul 03 09:20:20 PDT 2021,2,118,-1
1625333956753,Sat Jul 03 10:39:16 PDT 2021,2,119,1
1625364964420,Sat Jul 03 19:16:04 PDT 2021,2,121,-1
1625365242270,Sat Jul 03 19:20:42 PDT 2021,2,122,-1
1625365913479,Sat Jul 03 19:31:53 PDT 2021,2,123,1
1625374641598,Sat Jul 03 21:57:21 PDT 2021,2,124,-1
1625384386478,Sun Jul 04 00:39:46 PDT 2021,2,125,0
1625413533138,Sun Jul 04 08:45:33 PDT 2021,2,127,1
1625424573688,Sun Jul 04 11:49:33 PDT 2021,2,131,-1
1625429007095,Sun Jul 04 13:03:27 PDT 2021,2,132,-1
1625435061110,Sun Jul 04 14:44:21 PDT 2021,2,135,0
1625436560516,Sun Jul 04 15:09:20 PDT 2021,2,136,-1
1625436883209,Sun Jul 04 15:14:43 PDT 2021,2,137,1
1625452020608,Sun Jul 04 19:27:00 PDT 2021,2,141,1
1625454541708,Sun Jul 04 20:09:01 PDT 2021,2,142,1
1625462859383,Sun Jul 04 22:27:39 PDT 2021,2,145,-1
1625496115557,Mon Jul 05 07:41:55 PDT 2021,2,147,-1
1625593692580,Tue Jul 06 10:48:12 PDT 2021,2,151,-1
1625602821203,Tue Jul 06 13:20:21 PDT 2021,2,152,-1
1625598061077,Tue Jul 06 12:01:01 PDT 2021,2,153,1
1625611423514,Tue Jul 06 15:43:43 PDT 2021,2,155,-1
1625627172812,Tue Jul 06 20:06:12 PDT 2021,2,156,-1
1625635939473,Tue Jul 06 22:32:19 PDT 2021,2,157,-1
1625672498990,Wed Jul 07 08:41:38 PDT 2021,2,159,1
1625672829804,Wed Jul 07 08:47:09 PDT 2021,2,160,-1
1625674472694,Wed Jul 07 09:14:32 PDT 2021,2,161,0
1625675214634,Wed Jul 07 09:26:54 PDT 2021,2,162,0
1625676551591,Wed Jul 07 09:49:11 PDT 2021,2,163,-1
1625677754280,Wed Jul 07 10:09:14 PDT 2021,2,166,1
1625677745758,Wed Jul 07 10:09:05 PDT 2021,2,168,1
1625693816932,Wed Jul 07 14:36:56 PDT 2021,2,173,-1
1625694221939,Wed Jul 07 14:43:41 PDT 2021,2,174,0
1625694528165,Wed Jul 07 14:48:48 PDT 2021,2,177,0
1625695773951,Wed Jul 07 15:09:33 PDT 2021,2,178,0
1625696553885,Wed Jul 07 15:22:33 PDT 2021,2,180,1
1625696554451,Wed Jul 07 15:22:34 PDT 2021,2,181,-1
1625697160774,Wed Jul 07 15:32:40 PDT 2021,2,182,-1
1625697991161,Wed Jul 07 15:46:31 PDT 2021,2,183,-1
1625699796573,Wed Jul 07 16:16:36 PDT 2021,2,186,-1
1625700438091,Wed Jul 07 16:27:18 PDT 2021,2,187,-1
1625700468422,Wed Jul 07 16:27:48 PDT 2021,2,188,-1
1625702720331,Wed Jul 07 17:05:20 PDT 2021,2,189,-1
1625707129396,Wed Jul 07 18:18:49 PDT 2021,2,191,1
1625710355921,Wed Jul 07 19:12:35 PDT 2021,2,193,-1
1625710748205,Wed Jul 07 19:19:08 PDT 2021,2,194,-1
1625722894346,Wed Jul 07 22:41:34 PDT 2021,2,196,0
1625752545551,Thu Jul 08 06:55:45 PDT 2021,2,197,1
1625755602147,Thu Jul 08 07:46:42 PDT 2021,2,198,0
1625759182323,Thu Jul 08 08:46:22 PDT 2021,2,199,-1
1625760269787,Thu Jul 08 09:04:29 PDT 2021,2,200,0
1625762503803,Thu Jul 08 09:41:43 PDT 2021,2,201,-1
1625763522571,Thu Jul 08 09:58:42 PDT 2021,2,203,-1
1625770298639,Thu Jul 08 11:51:38 PDT 2021,2,205,-1
1625782036994,Thu Jul 08 15:07:16 PDT 2021,2,207,-1
1625783605484,Thu Jul 08 15:33:25 PDT 2021,2,208,-1
1625786647414,Thu Jul 08 16:24:07 PDT 2021,2,209,0
1625789997977,Thu Jul 08 17:19:57 PDT 2021,2,210,0
1625805433404,Thu Jul 08 21:37:13 PDT 2021,2,214,-1
1625844662689,Fri Jul 09 08:31:02 PDT 2021,2,215,-1
1625853071835,Fri Jul 09 10:51:11 PDT 2021,2,216,0
1625855858002,Fri Jul 09 11:37:38 PDT 2021,2,217,1
1625863866230,Fri Jul 09 13:51:06 PDT 2021,2,218,0
1625868205225,Fri Jul 09 15:03:25 PDT 2021,2,219,-1
1625921414149,Sat Jul 10 05:50:14 PDT 2021,2,223,-1
1625921973900,Sat Jul 10 05:59:33 PDT 2021,2,224,1
1625929004445,Sat Jul 10 07:56:44 PDT 2021,2,226,1
1625938117777,Sat Jul 10 10:28:37 PDT 2021,2,227,-1
1625939385470,Sat Jul 10 10:49:45 PDT 2021,2,228,-1
1625961480688,Sat Jul 10 16:58:00 PDT 2021,2,231,-1
1625964507059,Sat Jul 10 17:48:27 PDT 2021,2,232,0
1625971768378,Sat Jul 10 19:49:28 PDT 2021,2,233,-1
1625982191044,Sat Jul 10 22:43:11 PDT 2021,2,234,1
1626011930043,Sun Jul 11 06:58:50 PDT 2021,2,236,-1
1626015397606,Sun Jul 11 07:56:37 PDT 2021,2,237,0
1626015200100,Sun Jul 11 07:53:20 PDT 2021,2,238,-1
1626018276087,Sun Jul 11 08:44:36 PDT 2021,2,239,-1
1626027341709,Sun Jul 11 11:15:41 PDT 2021,2,240,-1
1626031321549,Sun Jul 11 12:22:01 PDT 2021,2,241,1
1626033288420,Sun Jul 11 12:54:48 PDT 2021,2,243,-1
1626063180546,Sun Jul 11 21:13:00 PDT 2021,2,248,-1
1626097432995,Mon Jul 12 06:43:52 PDT 2021,2,250,1
1626100818025,Mon Jul 12 07:40:18 PDT 2021,2,251,-1
1626160290082,Tue Jul 13 00:11:30 PDT 2021,2,255,-1
1626184310432,Tue Jul 13 06:51:50 PDT 2021,2,256,-1
1626641221654,Sun Jul 18 13:47:01 PDT 2021,2,258,-1
1626228098711,Tue Jul 13 19:01:38 PDT 2021,2,259,0
1626213932560,Tue Jul 13 15:05:32 PDT 2021,2,260,0
1626215456160,Tue Jul 13 15:30:56 PDT 2021,2,261,-1
1626220788403,Tue Jul 13 16:59:48 PDT 2021,2,263,1
1626234547992,Tue Jul 13 20:49:07 PDT 2021,2,264,1
1626235319452,Tue Jul 13 21:01:59 PDT 2021,2,265,-1
1626383467774,Thu Jul 15 14:11:07 PDT 2021,2,267,0
1626360926768,Thu Jul 15 07:55:26 PDT 2021,2,269,0
1626385872372,Thu Jul 15 14:51:12 PDT 2021,2,271,0
1626455649289,Fri Jul 16 10:14:09 PDT 2021,2,274,0
1626471165621,Fri Jul 16 14:32:45 PDT 2021,2,275,0
1626492718722,Fri Jul 16 20:31:58 PDT 2021,2,276,0
1626540533438,Sat Jul 17 09:48:53 PDT 2021,2,278,1
1626540362913,Sat Jul 17 09:46:02 PDT 2021,2,279,1
1626545983548,Sat Jul 17 11:19:43 PDT 2021,2,280,-1
1626552484728,Sat Jul 17 13:08:04 PDT 2021,2,281,-1
1626553359532,Sat Jul 17 13:22:39 PDT 2021,2,282,-1
1626571030154,Sat Jul 17 18:17:10 PDT 2021,2,284,1
1626584532873,Sat Jul 17 22:02:12 PDT 2021,2,286,-1
1626713180986,Mon Jul 19 09:46:20 PDT 2021,2,288,-1
1626716300130,Mon Jul 19 10:38:20 PDT 2021,2,290,-1
1626720321151,Mon Jul 19 11:45:21 PDT 2021,2,291,-1
1626737339946,Mon Jul 19 16:28:59 PDT 2021,2,294,-1
1626752043859,Mon Jul 19 20:34:03 PDT 2021,2,295,0
1626792014757,Tue Jul 20 07:40:14 PDT 2021,2,296,1
1626798513452,Tue Jul 20 09:28:33 PDT 2021,2,298,-1
1626908442453,Wed Jul 21 16:00:42 PDT 2021,2,299,-1
1626964931879,Thu Jul 22 07:42:11 PDT 2021,2,300,-1
1626918934773,Wed Jul 21 18:55:34 PDT 2021,2,301,-1
1627000819195,Thu Jul 22 17:40:19 PDT 2021,2,302,-1
1627002523071,Thu Jul 22 18:08:43 PDT 2021,2,303,-1
1627007840528,Thu Jul 22 19:37:20 PDT 2021,2,304,-1
1627008983285,Thu Jul 22 19:56:23 PDT 2021,2,305,0
1627083749553,Fri Jul 23 16:42:29 PDT 2021,2,309,-1
1627085486803,Fri Jul 23 17:11:26 PDT 2021,2,310,-1
1627086688058,Fri Jul 23 17:31:28 PDT 2021,2,311,-1
1627088270762,Fri Jul 23 17:57:50 PDT 2021,2,312,-1
1627099770370,Fri Jul 23 21:09:30 PDT 2021,2,313,-1
1627101171774,Fri Jul 23 21:32:51 PDT 2021,2,314,-1
1627102008458,Fri Jul 23 21:46:48 PDT 2021,2,315,-1
1627162501580,Sat Jul 24 14:35:01 PDT 2021,2,317,1
1627187381419,Sat Jul 24 21:29:41 PDT 2021,2,318,1
1627192104634,Sat Jul 24 22:48:24 PDT 2021,2,319,1
1627407365656,Tue Jul 27 10:36:05 PDT 2021,2,322,1
1627414923336,Tue Jul 27 12:42:03 PDT 2021,2,325,-1
1627424716889,Tue Jul 27 15:25:16 PDT 2021,2,326,-1
1627451076562,Tue Jul 27 22:44:36 PDT 2021,2,328,-1
1627502528216,Wed Jul 28 13:02:08 PDT 2021,2,332,-1
1627503248596,Wed Jul 28 13:14:08 PDT 2021,2,334,-1
1627503954996,Wed Jul 28 13:25:54 PDT 2021,2,335,1
1627504864810,Wed Jul 28 13:41:04 PDT 2021,2,337,-1
1627506013799,Wed Jul 28 14:00:13 PDT 2021,2,339,-1
1627506697555,Wed Jul 28 14:11:37 PDT 2021,2,341,-1
1627508728451,Wed Jul 28 14:45:28 PDT 2021,2,343,-1
1627508955363,Wed Jul 28 14:49:15 PDT 2021,2,345,-1
1627515166794,Wed Jul 28 16:32:46 PDT 2021,2,348,-1
1627515123181,Wed Jul 28 16:32:03 PDT 2021,2,349,-1
1627523497969,Wed Jul 28 18:51:37 PDT 2021,2,353,-1
1627522290420,Wed Jul 28 18:31:30 PDT 2021,2,356,-1
1627529929231,Wed Jul 28 20:38:49 PDT 2021,2,357,-1
1627531796208,Wed Jul 28 21:09:56 PDT 2021,2,358,-1
1627544445136,Thu Jul 29 00:40:45 PDT 2021,2,364,-1
1627573379535,Thu Jul 29 08:42:59 PDT 2021,2,366,-1
1627582898482,Thu Jul 29 11:21:38 PDT 2021,2,369,-1
1627583753116,Thu Jul 29 11:35:53 PDT 2021,2,371,-1
1627587072706,Thu Jul 29 12:31:12 PDT 2021,2,373,0
1627607414243,Thu Jul 29 18:10:14 PDT 2021,2,376,0
1627656262635,Fri Jul 30 07:44:22 PDT 2021,2,380,-1
1627663990177,Fri Jul 30 09:53:10 PDT 2021,2,382,1
1627667893018,Fri Jul 30 10:58:13 PDT 2021,2,384,-1
1627675362628,Fri Jul 30 13:02:42 PDT 2021,2,386,-1
1627680076705,Fri Jul 30 14:21:16 PDT 2021,2,388,0
1627681963942,Fri Jul 30 14:52:43 PDT 2021,2,389,1
1627685320382,Fri Jul 30 15:48:40 PDT 2021,2,393,1
1627686019303,Fri Jul 30 16:00:19 PDT 2021,2,394,-1
1627689903088,Fri Jul 30 17:05:03 PDT 2021,2,395,1
1627703058345,Fri Jul 30 20:44:18 PDT 2021,2,396,-1
1627770030930,Sat Jul 31 15:20:30 PDT 2021,2,401,1
1627772035633,Sat Jul 31 15:53:55 PDT 2021,2,402,1
1627775676372,Sat Jul 31 16:54:36 PDT 2021,2,403,-1
1627837752085,Sun Aug 01 10:09:12 PDT 2021,2,404,1
1624994584503,Tue Jun 29 12:23:04 PDT 2021,3,0,1
1624917542347,Mon Jun 28 14:59:02 PDT 2021,3,1,1
1624924483159,Mon Jun 28 16:54:43 PDT 2021,3,2,1
1624978187343,Tue Jun 29 07:49:47 PDT 2021,3,3,0
1624980160551,Tue Jun 29 08:22:40 PDT 2021,3,5,-1
1624980861909,Tue Jun 29 08:34:21 PDT 2021,3,6,1
1624983095734,Tue Jun 29 09:11:35 PDT 2021,3,7,0
1624995245082,Tue Jun 29 12:34:05 PDT 2021,3,8,1
1624995806414,Tue Jun 29 12:43:26 PDT 2021,3,9,0
1624997105673,Tue Jun 29 13:05:05 PDT 2021,3,10,1
1624999130040,Tue Jun 29 13:38:50 PDT 2021,3,11,1
1625000279387,Tue Jun 29 13:57:59 PDT 2021,3,12,1
1625000249183,Tue Jun 29 13:57:29 PDT 2021,3,13,1
1625002164628,Tue Jun 29 14:29:24 PDT 2021,3,14,0
1625003436776,Tue Jun 29 14:50:36 PDT 2021,3,15,-1
1625004282907,Tue Jun 29 15:04:42 PDT 2021,3,16,0
1625007380994,Tue Jun 29 15:56:20 PDT 2021,3,17,1
1625007321061,Tue Jun 29 15:55:21 PDT 2021,3,18,-1
1625008384330,Tue Jun 29 16:13:04 PDT 2021,3,19,1
1625008738023,Tue Jun 29 16:18:58 PDT 2021,3,21,1
1625009189583,Tue Jun 29 16:26:29 PDT 2021,3,22,0
1625019700219,Tue Jun 29 19:21:40 PDT 2021,3,24,0
1625019790269,Tue Jun 29 19:23:10 PDT 2021,3,25,-1
1625019885409,Tue Jun 29 19:24:45 PDT 2021,3,26,0
1625022074884,Tue Jun 29 20:01:14 PDT 2021,3,27,-1
1625055544162,Wed Jun 30 05:19:04 PDT 2021,3,28,0
1625058108245,Wed Jun 30 06:01:48 PDT 2021,3,30,0
1625065157515,Wed Jun 30 07:59:17 PDT 2021,3,33,1
1625066502791,Wed Jun 30 08:21:42 PDT 2021,3,34,0
1625068328137,Wed Jun 30 08:52:08 PDT 2021,3,35,1
1625069443988,Wed Jun 30 09:10:43 PDT 2021,3,36,-1
1625071743293,Wed Jun 30 09:49:03 PDT 2021,3,37,1
1625072198650,Wed Jun 30 09:56:38 PDT 2021,3,38,-1
1625082489345,Wed Jun 30 12:48:09 PDT 2021,3,40,0
1625099446127,Wed Jun 30 17:30:46 PDT 2021,3,41,-1
1625086360486,Wed Jun 30 13:52:40 PDT 2021,3,42,0
1625090151203,Wed Jun 30 14:55:51 PDT 2021,3,43,1
1625092976476,Wed Jun 30 15:42:56 PDT 2021,3,45,1
1625095343452,Wed Jun 30 16:22:23 PDT 2021,3,46,1
1625095271761,Wed Jun 30 16:21:11 PDT 2021,3,47,1
1625095819299,Wed Jun 30 16:30:19 PDT 2021,3,48,1
1625099283679,Wed Jun 30 17:28:03 PDT 2021,3,50,1
1625100959919,Wed Jun 30 17:55:59 PDT 2021,3,51,0
1625102880953,Wed Jun 30 18:28:00 PDT 2021,3,52,1
1625101584782,Wed Jun 30 18:06:24 PDT 2021,3,53,1
1625101661712,Wed Jun 30 18:07:41 PDT 2021,3,54,0
1625107960728,Wed Jun 30 19:52:40 PDT 2021,3,55,1
1625112310962,Wed Jun 30 21:05:10 PDT 2021,3,56,0
1625116130597,Wed Jun 30 22:08:50 PDT 2021,3,57,1
1625117216052,Wed Jun 30 22:26:56 PDT 2021,3,58,1
1625118334100,Wed Jun 30 22:45:34 PDT 2021,3,59,0
1625150826840,Thu Jul 01 07:47:06 PDT 2021,3,61,-1
1625151217083,Thu Jul 01 07:53:37 PDT 2021,3,62,1
1625154559871,Thu Jul 01 08:49:19 PDT 2021,3,63,0
1625155959256,Thu Jul 01 09:12:39 PDT 2021,3,64,1
1625158220141,Thu Jul 01 09:50:20 PDT 2021,3,65,0
1625410010129,Sun Jul 04 07:46:50 PDT 2021,3,66,1
1625159740001,Thu Jul 01 10:15:40 PDT 2021,3,68,1
1625160277929,Thu Jul 01 10:24:37 PDT 2021,3,69,1
1625167977229,Thu Jul 01 12:32:57 PDT 2021,3,70,1
1625162676561,Thu Jul 01 11:04:36 PDT 2021,3,71,1
1625163636773,Thu Jul 01 11:20:36 PDT 2021,3,73,1
1625164899092,Thu Jul 01 11:41:39 PDT 2021,3,74,0
1625164067158,Thu Jul 01 11:27:47 PDT 2021,3,83,1
1625164907032,Thu Jul 01 11:41:47 PDT 2021,3,85,1
1625165745577,Thu Jul 01 11:55:45 PDT 2021,3,88,-1
1625168658984,Thu Jul 01 12:44:18 PDT 2021,3,92,0
1625174514694,Thu Jul 01 14:21:54 PDT 2021,3,94,1
1625175008698,Thu Jul 01 14:30:08 PDT 2021,3,95,1
1625183211046,Thu Jul 01 16:46:51 PDT 2021,3,96,0
1626145107574,Mon Jul 12 19:58:27 PDT 2021,3,98,0
1625189759539,Thu Jul 01 18:35:59 PDT 2021,3,99,1
1625191033883,Thu Jul 01 18:57:13 PDT 2021,3,100,1
1625191136545,Thu Jul 01 18:58:56 PDT 2021,3,101,0
1625200006949,Thu Jul 01 21:26:46 PDT 2021,3,102,1
1625238283876,Fri Jul 02 08:04:43 PDT 2021,3,103,1
1625241464548,Fri Jul 02 08:57:44 PDT 2021,3,104,1
1625242398519,Fri Jul 02 09:13:18 PDT 2021,3,106,1
1625245779262,Fri Jul 02 10:09:39 PDT 2021,3,107,1
1625251474713,Fri Jul 02 11:44:34 PDT 2021,3,108,0
1625265368778,Fri Jul 02 15:36:08 PDT 2021,3,110,1
1625266230058,Fri Jul 02 15:50:30 PDT 2021,3,111,1
1625275555044,Fri Jul 02 18:25:55 PDT 2021,3,112,1
1625320410538,Sat Jul 03 06:53:30 PDT 2021,3,116,1
1625329665405,Sat Jul 03 09:27:45 PDT 2021,3,118,0
1625334126247,Sat Jul 03 10:42:06 PDT 2021,3,119,1
1625364826683,Sat Jul 03 19:13:46 PDT 2021,3,121,-1
1625365498979,Sat Jul 03 19:24:58 PDT 2021,3,122,1
1625365993925,Sat Jul 03 19:33:13 PDT 2021,3,123,1
1625374538682,Sat Jul 03 21:55:38 PDT 2021,3,124,-1
1625383768075,Sun Jul 04 00:29:28 PDT 2021,3,125,0
1625410193406,Sun Jul 04 07:49:53 PDT 2021,3,126,1
1625414075994,Sun Jul 04 08:54:35 PDT 2021,3,127,1
1625424875883,Sun Jul 04 11:54:35 PDT 2021,3,131,1
1625429004137,Sun Jul 04 13:03:24 PDT 2021,3,132,0
1625435027661,Sun Jul 04 14:43:47 PDT 2021,3,135,1
1625436074333,Sun Jul 04 15:01:14 PDT 2021,3,136,1
1625437175914,Sun Jul 04 15:19:35 PDT 2021,3,137,1
1625452202383,Sun Jul 04 19:30:02 PDT 2021,3,141,0
1625454699846,Sun Jul 04 20:11:39 PDT 2021,3,142,0
1625463252683,Sun Jul 04 22:34:12 PDT 2021,3,145,0
1625543033506,Mon Jul 05 20:43:53 PDT 2021,3,146,-1
1625496342646,Mon Jul 05 07:45:42 PDT 2021,3,147,1
1625593975581,Tue Jul 06 10:52:55 PDT 2021,3,151,1
1625602526594,Tue Jul 06 13:15:26 PDT 2021,3,152,0
1625598219439,Tue Jul 06 12:03:39 PDT 2021,3,153,1
1625611285395,Tue Jul 06 15:41:25 PDT 2021,3,155,1
1625627546947,Tue Jul 06 20:12:26 PDT 2021,3,156,-1
1625635950329,Tue Jul 06 22:32:30 PDT 2021,3,157,0
1625672979406,Wed Jul 07 08:49:39 PDT 2021,3,160,0
1625674811034,Wed Jul 07 09:20:11 PDT 2021,3,161,-1
1625675143394,Wed Jul 07 09:25:43 PDT 2021,3,162,0
1625676445987,Wed Jul 07 09:47:25 PDT 2021,3,163,1
1625678650866,Wed Jul 07 10:24:10 PDT 2021,3,166,1
1625686272341,Wed Jul 07 12:31:12 PDT 2021,3,170,0
1625689335130,Wed Jul 07 13:22:15 PDT 2021,3,171,1
1625693144396,Wed Jul 07 14:25:44 PDT 2021,3,173,1
1625693972142,Wed Jul 07 14:39:32 PDT 2021,3,174,-1
1625695401170,Wed Jul 07 15:03:21 PDT 2021,3,178,1
1625696579410,Wed Jul 07 15:22:59 PDT 2021,3,181,0
1625698178612,Wed Jul 07 15:49:38 PDT 2021,3,183,0
1625700048453,Wed Jul 07 16:20:48 PDT 2021,3,186,1
1625700106387,Wed Jul 07 16:21:46 PDT 2021,3,187,0
1625700659808,Wed Jul 07 16:30:59 PDT 2021,3,188,1
1625702726749,Wed Jul 07 17:05:26 PDT 2021,3,189,1
1625709607419,Wed Jul 07 19:00:07 PDT 2021,3,191,1
1625710125975,Wed Jul 07 19:08:45 PDT 2021,3,193,0
1625710118942,Wed Jul 07 19:08:38 PDT 2021,3,194,1
1625722709551,Wed Jul 07 22:38:29 PDT 2021,3,196,0
1625753008275,Thu Jul 08 07:03:28 PDT 2021,3,197,1
1625755396017,Thu Jul 08 07:43:16 PDT 2021,3,198,1
1625759456724,Thu Jul 08 08:50:56 PDT 2021,3,199,1
1625762708229,Thu Jul 08 09:45:08 PDT 2021,3,201,1
1625763444239,Thu Jul 08 09:57:24 PDT 2021,3,203,1
1625770253314,Thu Jul 08 11:50:53 PDT 2021,3,205,0
1625782166280,Thu Jul 08 15:09:26 PDT 2021,3,207,1
1625784327577,Thu Jul 08 15:45:27 PDT 2021,3,208,1
1625786409197,Thu Jul 08 16:20:09 PDT 2021,3,209,1
1625790070395,Thu Jul 08 17:21:10 PDT 2021,3,210,-1
1625844445020,Fri Jul 09 08:27:25 PDT 2021,3,215,1
1625855278344,Fri Jul 09 11:27:58 PDT 2021,3,217,1
1625863494047,Fri Jul 09 13:44:54 PDT 2021,3,218,1
1625868557362,Fri Jul 09 15:09:17 PDT 2021,3,219,0
1625921673131,Sat Jul 10 05:54:33 PDT 2021,3,223,-1
1625922084762,Sat Jul 10 06:01:24 PDT 2021,3,224,0
1625926465004,Sat Jul 10 07:14:25 PDT 2021,3,225,1
1625929241480,Sat Jul 10 08:00:41 PDT 2021,3,226,0
1625937581587,Sat Jul 10 10:19:41 PDT 2021,3,227,0
1625939791342,Sat Jul 10 10:56:31 PDT 2021,3,228,1
1625961541296,Sat Jul 10 16:59:01 PDT 2021,3,231,-1
1625965139070,Sat Jul 10 17:58:59 PDT 2021,3,232,1
1625971730250,Sat Jul 10 19:48:50 PDT 2021,3,233,0
1625982205102,Sat Jul 10 22:43:25 PDT 2021,3,234,-1
1626011387529,Sun Jul 11 06:49:47 PDT 2021,3,236,-1
1626015088997,Sun Jul 11 07:51:28 PDT 2021,3,237,1
1626015491072,Sun Jul 11 07:58:11 PDT 2021,3,238,1
1626018688677,Sun Jul 11 08:51:28 PDT 2021,3,239,1
1626027349388,Sun Jul 11 11:15:49 PDT 2021,3,240,1
1626029744583,Sun Jul 11 11:55:44 PDT 2021,3,241,1
1626033827035,Sun Jul 11 13:03:47 PDT 2021,3,243,0
1626055871302,Sun Jul 11 19:11:11 PDT 2021,3,247,-1
1626063714534,Sun Jul 11 21:21:54 PDT 2021,3,248,1
1626097089484,Mon Jul 12 06:38:09 PDT 2021,3,249,1
1626097459880,Mon Jul 12 06:44:19 PDT 2021,3,250,1
1626160229342,Tue Jul 13 00:10:29 PDT 2021,3,255,1
1626184558501,Tue Jul 13 06:55:58 PDT 2021,3,256,-1
1627192516416,Sat Jul 24 22:55:16 PDT 2021,3,258,1
1626214322290,Tue Jul 13 15:12:02 PDT 2021,3,260,1
1626215381352,Tue Jul 13 15:29:41 PDT 2021,3,261,-1
1626235468256,Tue Jul 13 21:04:28 PDT 2021,3,265,1
1626384171863,Thu Jul 15 14:22:51 PDT 2021,3,267,1
1626385853480,Thu Jul 15 14:50:53 PDT 2021,3,271,0
1626455341772,Fri Jul 16 10:09:01 PDT 2021,3,274,1
1626471874929,Fri Jul 16 14:44:34 PDT 2021,3,275,1
1626492594817,Fri Jul 16 20:29:54 PDT 2021,3,276,0
1626540461875,Sat Jul 17 09:47:41 PDT 2021,3,278,1
1626545704134,Sat Jul 17 11:15:04 PDT 2021,3,280,1
1626552302772,Sat Jul 17 13:05:02 PDT 2021,3,281,0
1626553744684,Sat Jul 17 13:29:04 PDT 2021,3,282,-1
1626568334822,Sat Jul 17 17:32:14 PDT 2021,3,284,1
1626584730226,Sat Jul 17 22:05:30 PDT 2021,3,286,-1
1626713234117,Mon Jul 19 09:47:14 PDT 2021,3,288,0
1626716578000,Mon Jul 19 10:42:58 PDT 2021,3,290,1
1626720364735,Mon Jul 19 11:46:04 PDT 2021,3,291,1
1626724183699,Mon Jul 19 12:49:43 PDT 2021,3,292,0
1626737824487,Mon Jul 19 16:37:04 PDT 2021,3,294,1
1626752530710,Mon Jul 19 20:42:10 PDT 2021,3,295,1
1626792304608,Tue Jul 20 07:45:04 PDT 2021,3,296,1
1626798483112,Tue Jul 20 09:28:03 PDT 2021,3,298,1
1626909775991,Wed Jul 21 16:22:55 PDT 2021,3,299,0
1626965141807,Thu Jul 22 07:45:41 PDT 2021,3,300,0
1626919175403,Wed Jul 21 18:59:35 PDT 2021,3,301,-1
1627001030875,Thu Jul 22 17:43:50 PDT 2021,3,302,1
1627002697158,Thu Jul 22 18:11:37 PDT 2021,3,303,-1
1627009044384,Thu Jul 22 19:57:24 PDT 2021,3,305,1
1627084261109,Fri Jul 23 16:51:01 PDT 2021,3,309,-1
1627085256484,Fri Jul 23 17:07:36 PDT 2021,3,310,-1
1627087153335,Fri Jul 23 17:39:13 PDT 2021,3,311,-1
1627088124651,Fri Jul 23 17:55:24 PDT 2021,3,312,-1
1627100136278,Fri Jul 23 21:15:36 PDT 2021,3,313,-1
1627100891492,Fri Jul 23 21:28:11 PDT 2021,3,314,-1
1627101776283,Fri Jul 23 21:42:56 PDT 2021,3,315,-1
1627163352846,Sat Jul 24 14:49:12 PDT 2021,3,317,0
1627187173020,Sat Jul 24 21:26:13 PDT 2021,3,318,1
1627191904892,Sat Jul 24 22:45:04 PDT 2021,3,319,-1
1627407340919,Tue Jul 27 10:35:40 PDT 2021,3,322,0
1627410948728,Tue Jul 27 11:35:48 PDT 2021,3,323,0
1627426189931,Tue Jul 27 15:49:49 PDT 2021,3,326,1
1627439572866,Tue Jul 27 19:32:52 PDT 2021,3,327,0
1627451101931,Tue Jul 27 22:45:01 PDT 2021,3,328,0
1627451516896,Tue Jul 27 22:51:56 PDT 2021,3,329,0
1627501564898,Wed Jul 28 12:46:04 PDT 2021,3,332,1
1627503995265,Wed Jul 28 13:26:35 PDT 2021,3,335,1
1627505273134,Wed Jul 28 13:47:53 PDT 2021,3,337,1
1627505979489,Wed Jul 28 13:59:39 PDT 2021,3,339,1
1627506686896,Wed Jul 28 14:11:26 PDT 2021,3,341,1
1627508635075,Wed Jul 28 14:43:55 PDT 2021,3,343,-1
1627509929484,Wed Jul 28 15:05:29 PDT 2021,3,346,0
1627515402601,Wed Jul 28 16:36:42 PDT 2021,3,348,1
1627515462453,Wed Jul 28 16:37:42 PDT 2021,3,350,1
1627522578613,Wed Jul 28 18:36:18 PDT 2021,3,353,1
1627522103776,Wed Jul 28 18:28:23 PDT 2021,3,356,0
1627529877002,Wed Jul 28 20:37:57 PDT 2021,3,357,1
1627531920956,Wed Jul 28 21:12:00 PDT 2021,3,358,-1
1627544432467,Thu Jul 29 00:40:32 PDT 2021,3,364,1
1627574046132,Thu Jul 29 08:54:06 PDT 2021,3,366,-1
1627577172484,Thu Jul 29 09:46:12 PDT 2021,3,367,1
1627579362125,Thu Jul 29 10:22:42 PDT 2021,3,368,0
1627582825568,Thu Jul 29 11:20:25 PDT 2021,3,369,0
1627586932047,Thu Jul 29 12:28:52 PDT 2021,3,373,1
1627607655462,Thu Jul 29 18:14:15 PDT 2021,3,376,1
1627654859457,Fri Jul 30 07:20:59 PDT 2021,3,380,0
1627664217736,Fri Jul 30 09:56:57 PDT 2021,3,382,1
1627667019644,Fri Jul 30 10:43:39 PDT 2021,3,384,1
1627675524790,Fri Jul 30 13:05:24 PDT 2021,3,386,1
1627681375367,Fri Jul 30 14:42:55 PDT 2021,3,388,1
1627682646934,Fri Jul 30 15:04:06 PDT 2021,3,389,-1
1627684584381,Fri Jul 30 15:36:24 PDT 2021,3,392,1
1627686325218,Fri Jul 30 16:05:25 PDT 2021,3,394,1
1627703333302,Fri Jul 30 20:48:53 PDT 2021,3,396,0
1627752651568,Sat Jul 31 10:30:51 PDT 2021,3,398,0
1627769872505,Sat Jul 31 15:17:52 PDT 2021,3,401,1
1627772082626,Sat Jul 31 15:54:42 PDT 2021,3,402,1
1627776745948,Sat Jul 31 17:12:25 PDT 2021,3,403,0
1627837792794,Sun Aug 01 10:09:52 PDT 2021,3,404,1
1624995177116,Tue Jun 29 12:32:57 PDT 2021,4,0,1
1624917572345,Mon Jun 28 14:59:32 PDT 2021,4,1,0
1624924721704,Mon Jun 28 16:58:41 PDT 2021,4,2,1
1624978263965,Tue Jun 29 07:51:03 PDT 2021,4,3,0
1624980333636,Tue Jun 29 08:25:33 PDT 2021,4,5,1
1624981010469,Tue Jun 29 08:36:50 PDT 2021,4,6,1
1624983178460,Tue Jun 29 09:12:58 PDT 2021,4,7,0
1624995858064,Tue Jun 29 12:44:18 PDT 2021,4,9,0
1624997180486,Tue Jun 29 13:06:20 PDT 2021,4,10,1
1624999185649,Tue Jun 29 13:39:45 PDT 2021,4,11,1
1625000298527,Tue Jun 29 13:58:18 PDT 2021,4,12,0
1625000452600,Tue Jun 29 14:00:52 PDT 2021,4,13,0
1625002334754,Tue Jun 29 14:32:14 PDT 2021,4,14,1
1625003308331,Tue Jun 29 14:48:28 PDT 2021,4,15,0
1625004038486,Tue Jun 29 15:00:38 PDT 2021,4,16,1
1625007370996,Tue Jun 29 15:56:10 PDT 2021,4,17,1
1625007347547,Tue Jun 29 15:55:47 PDT 2021,4,18,0
1625008270885,Tue Jun 29 16:11:10 PDT 2021,4,19,1
1625008978759,Tue Jun 29 16:22:58 PDT 2021,4,21,-1
1625009078422,Tue Jun 29 16:24:38 PDT 2021,4,22,-1
1625019871534,Tue Jun 29 19:24:31 PDT 2021,4,24,0
1625019786118,Tue Jun 29 19:23:06 PDT 2021,4,25,-1
1625020142018,Tue Jun 29 19:29:02 PDT 2021,4,26,1
1625022115558,Tue Jun 29 20:01:55 PDT 2021,4,27,0
1625055638022,Wed Jun 30 05:20:38 PDT 2021,4,28,0
1625058187250,Wed Jun 30 06:03:07 PDT 2021,4,30,-1
1625065220052,Wed Jun 30 08:00:20 PDT 2021,4,33,0
1625066622503,Wed Jun 30 08:23:42 PDT 2021,4,34,0
1625068506429,Wed Jun 30 08:55:06 PDT 2021,4,35,1
1625069360632,Wed Jun 30 09:09:20 PDT 2021,4,36,1
1625071914531,Wed Jun 30 09:51:54 PDT 2021,4,37,0
1625072038573,Wed Jun 30 09:53:58 PDT 2021,4,38,0
1625082613201,Wed Jun 30 12:50:13 PDT 2021,4,40,-1
1625099244155,Wed Jun 30 17:27:24 PDT 2021,4,41,-1
1625086682893,Wed Jun 30 13:58:02 PDT 2021,4,42,0
1625090003003,Wed Jun 30 14:53:23 PDT 2021,4,43,-1
1625093105989,Wed Jun 30 15:45:05 PDT 2021,4,45,1
1625095539409,Wed Jun 30 16:25:39 PDT 2021,4,46,1
1625095307293,Wed Jun 30 16:21:47 PDT 2021,4,47,0
1625096426953,Wed Jun 30 16:40:26 PDT 2021,4,48,-1
1625099207345,Wed Jun 30 17:26:47 PDT 2021,4,50,1
1625101011276,Wed Jun 30 17:56:51 PDT 2021,4,51,1
1625102956755,Wed Jun 30 18:29:16 PDT 2021,4,52,0
1625101802595,Wed Jun 30 18:10:02 PDT 2021,4,53,1
1625101593743,Wed Jun 30 18:06:33 PDT 2021,4,54,1
1625108289190,Wed Jun 30 19:58:09 PDT 2021,4,55,0
1625112355301,Wed Jun 30 21:05:55 PDT 2021,4,56,1
1625116520265,Wed Jun 30 22:15:20 PDT 2021,4,57,1
1625118178478,Wed Jun 30 22:42:58 PDT 2021,4,59,0
1625151088229,Thu Jul 01 07:51:28 PDT 2021,4,61,-1
1625152711796,Thu Jul 01 08:18:31 PDT 2021,4,62,1
1625154598245,Thu Jul 01 08:49:58 PDT 2021,4,63,1
1625155983676,Thu Jul 01 09:13:03 PDT 2021,4,64,1
1625158121986,Thu Jul 01 09:48:41 PDT 2021,4,65,0
1625410410616,Sun Jul 04 07:53:30 PDT 2021,4,66,0
1625159507223,Thu Jul 01 10:11:47 PDT 2021,4,68,1
1625160151872,Thu Jul 01 10:22:31 PDT 2021,4,69,1
1625167800120,Thu Jul 01 12:30:00 PDT 2021,4,70,0
1625162853178,Thu Jul 01 11:07:33 PDT 2021,4,71,-1
1625163584709,Thu Jul 01 11:19:44 PDT 2021,4,73,-1
1625166978993,Thu Jul 01 12:16:18 PDT 2021,4,74,0
1625165117391,Thu Jul 01 11:45:17 PDT 2021,4,85,-1
1625165305319,Thu Jul 01 11:48:25 PDT 2021,4,86,-1
1625168532460,Thu Jul 01 12:42:12 PDT 2021,4,92,-1
1625175382638,Thu Jul 01 14:36:22 PDT 2021,4,94,1
1625175221747,Thu Jul 01 14:33:41 PDT 2021,4,95,1
1625183251632,Thu Jul 01 16:47:31 PDT 2021,4,96,1
1626144999939,Mon Jul 12 19:56:39 PDT 2021,4,98,1
1625190140630,Thu Jul 01 18:42:20 PDT 2021,4,100,-1
1625191306450,Thu Jul 01 19:01:46 PDT 2021,4,101,1
1625199982136,Thu Jul 01 21:26:22 PDT 2021,4,102,0
1625237929091,Fri Jul 02 07:58:49 PDT 2021,4,103,-1
1625241666783,Fri Jul 02 09:01:06 PDT 2021,4,104,1
1625241813333,Fri Jul 02 09:03:33 PDT 2021,4,105,1
1625242340163,Fri Jul 02 09:12:20 PDT 2021,4,106,-1
1625246312081,Fri Jul 02 10:18:32 PDT 2021,4,107,0
1625266886781,Fri Jul 02 16:01:26 PDT 2021,4,111,1
1625275096545,Fri Jul 02 18:18:16 PDT 2021,4,112,-1
1625329651743,Sat Jul 03 09:27:31 PDT 2021,4,118,-1
1625333774746,Sat Jul 03 10:36:14 PDT 2021,4,119,-1
1625364792348,Sat Jul 03 19:13:12 PDT 2021,4,121,1
1625365574062,Sat Jul 03 19:26:14 PDT 2021,4,122,-1
1625366157577,Sat Jul 03 19:35:57 PDT 2021,4,123,1
1625376300218,Sat Jul 03 22:25:00 PDT 2021,4,124,-1
1625414901902,Sun Jul 04 09:08:21 PDT 2021,4,127,1
1625424879289,Sun Jul 04 11:54:39 PDT 2021,4,131,1
1625429144778,Sun Jul 04 13:05:44 PDT 2021,4,132,-1
1625436266508,Sun Jul 04 15:04:26 PDT 2021,4,135,1
1625436432374,Sun Jul 04 15:07:12 PDT 2021,4,136,1
1625437152796,Sun Jul 04 15:19:12 PDT 2021,4,137,1
1625452437524,Sun Jul 04 19:33:57 PDT 2021,4,141,1
1625461254073,Sun Jul 04 22:00:54 PDT 2021,4,144,1
1625463393761,Sun Jul 04 22:36:33 PDT 2021,4,145,1
1625496718055,Mon Jul 05 07:51:58 PDT 2021,4,147,1
1625594058928,Tue Jul 06 10:54:18 PDT 2021,4,151,-1
1625602935066,Tue Jul 06 13:22:15 PDT 2021,4,152,-1
1625613308988,Tue Jul 06 16:15:08 PDT 2021,4,153,1
1625611958930,Tue Jul 06 15:52:38 PDT 2021,4,155,0
1625627254010,Tue Jul 06 20:07:34 PDT 2021,4,156,-1
1625635994059,Tue Jul 06 22:33:14 PDT 2021,4,157,1
1625673006958,Wed Jul 07 08:50:06 PDT 2021,4,160,1
1625674864649,Wed Jul 07 09:21:04 PDT 2021,4,161,1
1625675116402,Wed Jul 07 09:25:16 PDT 2021,4,162,0
1625676797514,Wed Jul 07 09:53:17 PDT 2021,4,163,-1
1625678821779,Wed Jul 07 10:27:01 PDT 2021,4,166,-1
1625686300612,Wed Jul 07 12:31:40 PDT 2021,4,170,0
1625694367842,Wed Jul 07 14:46:07 PDT 2021,4,173,1
1625693976917,Wed Jul 07 14:39:36 PDT 2021,4,174,1
1625696508458,Wed Jul 07 15:21:48 PDT 2021,4,180,0
1625696423129,Wed Jul 07 15:20:23 PDT 2021,4,181,0
1625698325740,Wed Jul 07 15:52:05 PDT 2021,4,183,0
1625699954926,Wed Jul 07 16:19:14 PDT 2021,4,186,-1
1625700718774,Wed Jul 07 16:31:58 PDT 2021,4,187,1
1625700518750,Wed Jul 07 16:28:38 PDT 2021,4,188,1
1625703140761,Wed Jul 07 17:12:20 PDT 2021,4,189,1
1625710534088,Wed Jul 07 19:15:34 PDT 2021,4,191,1
1625710485605,Wed Jul 07 19:14:45 PDT 2021,4,193,1
1625710936716,Wed Jul 07 19:22:16 PDT 2021,4,194,1
1625723180946,Wed Jul 07 22:46:20 PDT 2021,4,196,1
1625755500627,Thu Jul 08 07:45:00 PDT 2021,4,198,-1
1625759441135,Thu Jul 08 08:50:41 PDT 2021,4,199,1
1625760159231,Thu Jul 08 09:02:39 PDT 2021,4,200,0
1625762376055,Thu Jul 08 09:39:36 PDT 2021,4,201,-1
1625763869756,Thu Jul 08 10:04:29 PDT 2021,4,203,1
1625770600105,Thu Jul 08 11:56:40 PDT 2021,4,205,1
1625772397365,Thu Jul 08 12:26:37 PDT 2021,4,206,1
1625782567449,Thu Jul 08 15:16:07 PDT 2021,4,207,1
1625783641519,Thu Jul 08 15:34:01 PDT 2021,4,208,1
1625786791139,Thu Jul 08 16:26:31 PDT 2021,4,209,1
1625845255604,Fri Jul 09 08:40:55 PDT 2021,4,215,1
1625856099709,Fri Jul 09 11:41:39 PDT 2021,4,217,0
1625864025921,Fri Jul 09 13:53:45 PDT 2021,4,218,0
1625868313183,Fri Jul 09 15:05:13 PDT 2021,4,219,-1
1625921895996,Sat Jul 10 05:58:15 PDT 2021,4,223,0
1625922611760,Sat Jul 10 06:10:11 PDT 2021,4,224,0
1625929681903,Sat Jul 10 08:08:01 PDT 2021,4,226,0
1625929682162,Sat Jul 10 08:08:02 PDT 2021,4,226,0
1625937632429,Sat Jul 10 10:20:32 PDT 2021,4,227,1
1625965266152,Sat Jul 10 18:01:06 PDT 2021,4,232,1
1625971733890,Sat Jul 10 19:48:53 PDT 2021,4,233,0
1625982290767,Sat Jul 10 22:44:50 PDT 2021,4,234,-1
1626012635750,Sun Jul 11 07:10:35 PDT 2021,4,236,1
1626015164910,Sun Jul 11 07:52:44 PDT 2021,4,237,1
1626015193705,Sun Jul 11 07:53:13 PDT 2021,4,238,1
1626018404300,Sun Jul 11 08:46:44 PDT 2021,4,239,1
1626027690737,Sun Jul 11 11:21:30 PDT 2021,4,240,1
1626031358006,Sun Jul 11 12:22:38 PDT 2021,4,241,1
1626033957093,Sun Jul 11 13:05:57 PDT 2021,4,243,1
1626063592246,Sun Jul 11 21:19:52 PDT 2021,4,248,1
1626097683728,Mon Jul 12 06:48:03 PDT 2021,4,250,1
1626160030935,Tue Jul 13 00:07:10 PDT 2021,4,255,0
1626184413532,Tue Jul 13 06:53:33 PDT 2021,4,256,-1
1626214359307,Tue Jul 13 15:12:39 PDT 2021,4,260,-1
1626298386708,Wed Jul 14 14:33:06 PDT 2021,4,265,-1
1626384266890,Thu Jul 15 14:24:26 PDT 2021,4,267,0
1626360990478,Thu Jul 15 07:56:30 PDT 2021,4,269,0
1626385684114,Thu Jul 15 14:48:04 PDT 2021,4,271,1
1626455432875,Fri Jul 16 10:10:32 PDT 2021,4,274,-1
1626472005998,Fri Jul 16 14:46:45 PDT 2021,4,275,1
1626492879307,Fri Jul 16 20:34:39 PDT 2021,4,276,-1
1626541278691,Sat Jul 17 10:01:18 PDT 2021,4,278,0
1626546138636,Sat Jul 17 11:22:18 PDT 2021,4,280,0
1626552728943,Sat Jul 17 13:12:08 PDT 2021,4,281,0
1626554123975,Sat Jul 17 13:35:23 PDT 2021,4,282,-1
1626568126231,Sat Jul 17 17:28:46 PDT 2021,4,284,1
1626584737160,Sat Jul 17 22:05:37 PDT 2021,4,286,1
1626713348750,Mon Jul 19 09:49:08 PDT 2021,4,288,1
1626716624739,Mon Jul 19 10:43:44 PDT 2021,4,290,1
1626720910479,Mon Jul 19 11:55:10 PDT 2021,4,291,1
1626737707895,Mon Jul 19 16:35:07 PDT 2021,4,294,1
1626752356705,Mon Jul 19 20:39:16 PDT 2021,4,295,1
1626792386037,Tue Jul 20 07:46:26 PDT 2021,4,296,1
1626798790385,Tue Jul 20 09:33:10 PDT 2021,4,298,1
1626909408534,Wed Jul 21 16:16:48 PDT 2021,4,299,1
1626965171041,Thu Jul 22 07:46:11 PDT 2021,4,300,1
1627000772942,Thu Jul 22 17:39:32 PDT 2021,4,302,1
1627002694904,Thu Jul 22 18:11:34 PDT 2021,4,303,-1
1627008867460,Thu Jul 22 19:54:27 PDT 2021,4,305,-1
1627082530345,Fri Jul 23 16:22:10 PDT 2021,4,308,1
1627083922649,Fri Jul 23 16:45:22 PDT 2021,4,309,-1
1627085550540,Fri Jul 23 17:12:30 PDT 2021,4,310,-1
1627087183044,Fri Jul 23 17:39:43 PDT 2021,4,311,-1
1627088330814,Fri Jul 23 17:58:50 PDT 2021,4,312,-1
1627099935663,Fri Jul 23 21:12:15 PDT 2021,4,313,-1
1627100937443,Fri Jul 23 21:28:57 PDT 2021,4,314,-1
1627102022553,Fri Jul 23 21:47:02 PDT 2021,4,315,-1
1627131629569,Sat Jul 24 06:00:29 PDT 2021,4,316,1
1627163199158,Sat Jul 24 14:46:39 PDT 2021,4,317,1
1627187831790,Sat Jul 24 21:37:11 PDT 2021,4,318,1
1627191608032,Sat Jul 24 22:40:08 PDT 2021,4,319,1
1627407469479,Tue Jul 27 10:37:49 PDT 2021,4,322,1
1627426368163,Tue Jul 27 15:52:48 PDT 2021,4,326,0
1627502905325,Wed Jul 28 13:08:25 PDT 2021,4,332,1
1627505234509,Wed Jul 28 13:47:14 PDT 2021,4,337,1
1627505856808,Wed Jul 28 13:57:36 PDT 2021,4,339,1
1627508928227,Wed Jul 28 14:48:48 PDT 2021,4,343,-1
1627509897948,Wed Jul 28 15:04:57 PDT 2021,4,346,1
1627515216390,Wed Jul 28 16:33:36 PDT 2021,4,348,-1
1627515173128,Wed Jul 28 16:32:53 PDT 2021,4,349,-1
1627522644789,Wed Jul 28 18:37:24 PDT 2021,4,353,1
1627522383241,Wed Jul 28 18:33:03 PDT 2021,4,356,-1
1627530567653,Wed Jul 28 20:49:27 PDT 2021,4,357,1
1627536205040,Wed Jul 28 22:23:25 PDT 2021,4,361,1
1627544423918,Thu Jul 29 00:40:23 PDT 2021,4,364,1
1627574020128,Thu Jul 29 08:53:40 PDT 2021,4,366,0
1627585154190,Thu Jul 29 11:59:14 PDT 2021,4,372,1
1627587326912,Thu Jul 29 12:35:26 PDT 2021,4,373,1
1627610080829,Thu Jul 29 18:54:40 PDT 2021,4,376,0
1627655433825,Fri Jul 30 07:30:33 PDT 2021,4,380,0
1627664318452,Fri Jul 30 09:58:38 PDT 2021,4,382,1
1627667517485,Fri Jul 30 10:51:57 PDT 2021,4,384,1
1627676147698,Fri Jul 30 13:15:47 PDT 2021,4,386,0
1627681774928,Fri Jul 30 14:49:34 PDT 2021,4,388,1
1627682221649,Fri Jul 30 14:57:01 PDT 2021,4,389,0
1627686368517,Fri Jul 30 16:06:08 PDT 2021,4,394,1
1627703524262,Fri Jul 30 20:52:04 PDT 2021,4,396,-1
1627757060713,Sat Jul 31 11:44:20 PDT 2021,4,399,0
1627770219854,Sat Jul 31 15:23:39 PDT 2021,4,401,-1
1627772210414,Sat Jul 31 15:56:50 PDT 2021,4,402,1
1627776723680,Sat Jul 31 17:12:03 PDT 2021,4,403,1
1627837763162,Sun Aug 01 10:09:23 PDT 2021,4,404,1
1624994741165,Tue Jun 29 12:25:41 PDT 2021,5,0,0
1624917414070,Mon Jun 28 14:56:54 PDT 2021,5,1,1
1624924570357,Mon Jun 28 16:56:10 PDT 2021,5,2,1
1624978212407,Tue Jun 29 07:50:12 PDT 2021,5,3,-1
1624980105757,Tue Jun 29 08:21:45 PDT 2021,5,5,0
1624980709680,Tue Jun 29 08:31:49 PDT 2021,5,6,1
1624983041275,Tue Jun 29 09:10:41 PDT 2021,5,7,0
1624995573653,Tue Jun 29 12:39:33 PDT 2021,5,9,0
1624997069740,Tue Jun 29 13:04:29 PDT 2021,5,10,0
1624999627964,Tue Jun 29 13:47:07 PDT 2021,5,11,1
1625000249780,Tue Jun 29 13:57:29 PDT 2021,5,12,-1
1625000356271,Tue Jun 29 13:59:16 PDT 2021,5,13,1
1625002300287,Tue Jun 29 14:31:40 PDT 2021,5,14,-1
1625003466966,Tue Jun 29 14:51:06 PDT 2021,5,15,-1
1625004168663,Tue Jun 29 15:02:48 PDT 2021,5,16,-1
1625007340378,Tue Jun 29 15:55:40 PDT 2021,5,17,-1
1625007328607,Tue Jun 29 15:55:28 PDT 2021,5,18,-1
1625008298271,Tue Jun 29 16:11:38 PDT 2021,5,19,-1
1625008951666,Tue Jun 29 16:22:31 PDT 2021,5,21,-1
1625009070766,Tue Jun 29 16:24:30 PDT 2021,5,22,-1
1625019811211,Tue Jun 29 19:23:31 PDT 2021,5,24,-1
1625019859742,Tue Jun 29 19:24:19 PDT 2021,5,25,-1
1625020083841,Tue Jun 29 19:28:03 PDT 2021,5,26,-1
1625021747848,Tue Jun 29 19:55:47 PDT 2021,5,27,1
1625055582586,Wed Jun 30 05:19:42 PDT 2021,5,28,-1
1625058027381,Wed Jun 30 06:00:27 PDT 2021,5,30,-1
1625064726266,Wed Jun 30 07:52:06 PDT 2021,5,33,-1
1625066508450,Wed Jun 30 08:21:48 PDT 2021,5,34,0
1625068425362,Wed Jun 30 08:53:45 PDT 2021,5,35,1
1625068473144,Wed Jun 30 08:54:33 PDT 2021,5,36,-1
1625071688384,Wed Jun 30 09:48:08 PDT 2021,5,37,-1
1625071955584,Wed Jun 30 09:52:35 PDT 2021,5,38,-1
1625082269530,Wed Jun 30 12:44:29 PDT 2021,5,40,-1
1625099526960,Wed Jun 30 17:32:06 PDT 2021,5,41,-1
1625086148420,Wed Jun 30 13:49:08 PDT 2021,5,42,-1
1625089558202,Wed Jun 30 14:45:58 PDT 2021,5,43,-1
1625092980183,Wed Jun 30 15:43:00 PDT 2021,5,45,-1
1625095060083,Wed Jun 30 16:17:40 PDT 2021,5,46,1
1625095251307,Wed Jun 30 16:20:51 PDT 2021,5,47,-1
1625096113964,Wed Jun 30 16:35:13 PDT 2021,5,48,-1
1625099157377,Wed Jun 30 17:25:57 PDT 2021,5,50,1
1625100863899,Wed Jun 30 17:54:23 PDT 2021,5,52,-1
1625101755274,Wed Jun 30 18:09:15 PDT 2021,5,53,-1
1625101636737,Wed Jun 30 18:07:16 PDT 2021,5,54,0
1625108024353,Wed Jun 30 19:53:44 PDT 2021,5,55,-1
1625112350759,Wed Jun 30 21:05:50 PDT 2021,5,56,1
1625116287958,Wed Jun 30 22:11:27 PDT 2021,5,57,1
1625117664058,Wed Jun 30 22:34:24 PDT 2021,5,58,-1
1625118213642,Wed Jun 30 22:43:33 PDT 2021,5,59,-1
1625120555874,Wed Jun 30 23:22:35 PDT 2021,5,60,0
1625150039909,Thu Jul 01 07:33:59 PDT 2021,5,61,1
1625151249153,Thu Jul 01 07:54:09 PDT 2021,5,62,-1
1625153234067,Thu Jul 01 08:27:14 PDT 2021,5,63,-1
1625156000147,Thu Jul 01 09:13:20 PDT 2021,5,64,-1
1625157982389,Thu Jul 01 09:46:22 PDT 2021,5,65,1
1625410829128,Sun Jul 04 08:00:29 PDT 2021,5,66,-1
1625159761881,Thu Jul 01 10:16:01 PDT 2021,5,68,-1
1625160227896,Thu Jul 01 10:23:47 PDT 2021,5,69,-1
1625159895097,Thu Jul 01 10:18:15 PDT 2021,5,70,-1
1625161502411,Thu Jul 01 10:45:02 PDT 2021,5,71,0
1625163624881,Thu Jul 01 11:20:24 PDT 2021,5,73,-1
1625164881168,Thu Jul 01 11:41:21 PDT 2021,5,74,0
1625164243017,Thu Jul 01 11:30:43 PDT 2021,5,83,-1
1625165056044,Thu Jul 01 11:44:16 PDT 2021,5,85,-1
1625168915701,Thu Jul 01 12:48:35 PDT 2021,5,92,-1
1625175327342,Thu Jul 01 14:35:27 PDT 2021,5,94,1
1625179743364,Thu Jul 01 15:49:03 PDT 2021,5,95,-1
1625183135974,Thu Jul 01 16:45:35 PDT 2021,5,96,-1
1626139485819,Mon Jul 12 18:24:45 PDT 2021,5,98,1
1625191571770,Thu Jul 01 19:06:11 PDT 2021,5,100,-1
1625191279216,Thu Jul 01 19:01:19 PDT 2021,5,101,-1
1625200139382,Thu Jul 01 21:28:59 PDT 2021,5,102,-1
1625238138408,Fri Jul 02 08:02:18 PDT 2021,5,103,-1
1625241731111,Fri Jul 02 09:02:11 PDT 2021,5,104,-1
1625242208342,Fri Jul 02 09:10:08 PDT 2021,5,106,-1
1625246514523,Fri Jul 02 10:21:54 PDT 2021,5,107,-1
1625266813797,Fri Jul 02 16:00:13 PDT 2021,5,111,-1
1625276640934,Fri Jul 02 18:44:00 PDT 2021,5,112,-1
1625329603730,Sat Jul 03 09:26:43 PDT 2021,5,118,-1
1625334192387,Sat Jul 03 10:43:12 PDT 2021,5,119,-1
1625364955044,Sat Jul 03 19:15:55 PDT 2021,5,121,1
1625365766339,Sat Jul 03 19:29:26 PDT 2021,5,122,-1
1625365839015,Sat Jul 03 19:30:39 PDT 2021,5,123,1
1625376121926,Sat Jul 03 22:22:01 PDT 2021,5,124,-1
1625415050649,Sun Jul 04 09:10:50 PDT 2021,5,127,-1
1625425153571,Sun Jul 04 11:59:13 PDT 2021,5,131,1
1625429147227,Sun Jul 04 13:05:47 PDT 2021,5,132,-1
1625435399496,Sun Jul 04 14:49:59 PDT 2021,5,135,-1
1625436970800,Sun Jul 04 15:16:10 PDT 2021,5,136,-1
1625437411080,Sun Jul 04 15:23:31 PDT 2021,5,137,0
1625452263093,Sun Jul 04 19:31:03 PDT 2021,5,141,-1
1625463318414,Sun Jul 04 22:35:18 PDT 2021,5,145,0
1625496656248,Mon Jul 05 07:50:56 PDT 2021,5,147,1
1625593566708,Tue Jul 06 10:46:06 PDT 2021,5,151,-1
1625602923515,Tue Jul 06 13:22:03 PDT 2021,5,152,-1
1625614198237,Tue Jul 06 16:29:58 PDT 2021,5,153,-1
1625611637193,Tue Jul 06 15:47:17 PDT 2021,5,155,-1
1625627286739,Tue Jul 06 20:08:06 PDT 2021,5,156,-1
1625636051394,Tue Jul 06 22:34:11 PDT 2021,5,157,0
1625673046560,Wed Jul 07 08:50:46 PDT 2021,5,160,-1
1625674813290,Wed Jul 07 09:20:13 PDT 2021,5,161,-1
1625675192250,Wed Jul 07 09:26:32 PDT 2021,5,162,0
1625676451888,Wed Jul 07 09:47:31 PDT 2021,5,163,-1
1625678635126,Wed Jul 07 10:23:55 PDT 2021,5,166,1
1625693976998,Wed Jul 07 14:39:36 PDT 2021,5,173,-1
1625694298701,Wed Jul 07 14:44:58 PDT 2021,5,174,-1
1625696776232,Wed Jul 07 15:26:16 PDT 2021,5,181,0
1625698766799,Wed Jul 07 15:59:26 PDT 2021,5,183,0
1625700171401,Wed Jul 07 16:22:51 PDT 2021,5,186,-1
1625700431590,Wed Jul 07 16:27:11 PDT 2021,5,187,1
1625700896791,Wed Jul 07 16:34:56 PDT 2021,5,188,1
1625703258888,Wed Jul 07 17:14:18 PDT 2021,5,189,1
1625709628894,Wed Jul 07 19:00:28 PDT 2021,5,191,1
1625710536105,Wed Jul 07 19:15:36 PDT 2021,5,193,-1
1625711273294,Wed Jul 07 19:27:53 PDT 2021,5,194,1
1625722991550,Wed Jul 07 22:43:11 PDT 2021,5,196,1
1625772862148,Thu Jul 08 12:34:22 PDT 2021,5,198,0
1625759618782,Thu Jul 08 08:53:38 PDT 2021,5,199,-1
1625763037988,Thu Jul 08 09:50:37 PDT 2021,5,201,-1
1625763913236,Thu Jul 08 10:05:13 PDT 2021,5,203,0
1625770777091,Thu Jul 08 11:59:37 PDT 2021,5,205,0
1625782067717,Thu Jul 08 15:07:47 PDT 2021,5,207,0
1625783769564,Thu Jul 08 15:36:09 PDT 2021,5,208,-1
1625786532576,Thu Jul 08 16:22:12 PDT 2021,5,209,-1
1625805443928,Thu Jul 08 21:37:23 PDT 2021,5,214,1
1625845075914,Fri Jul 09 08:37:55 PDT 2021,5,215,-1
1625852997203,Fri Jul 09 10:49:57 PDT 2021,5,216,-1
1625856067884,Fri Jul 09 11:41:07 PDT 2021,5,217,-1
1625864115252,Fri Jul 09 13:55:15 PDT 2021,5,218,0
1625868707865,Fri Jul 09 15:11:47 PDT 2021,5,219,-1
1625921774002,Sat Jul 10 05:56:14 PDT 2021,5,223,0
1625922527184,Sat Jul 10 06:08:47 PDT 2021,5,224,0
1625929942592,Sat Jul 10 08:12:22 PDT 2021,5,226,-1
1625938092336,Sat Jul 10 10:28:12 PDT 2021,5,227,-1
1625965528289,Sat Jul 10 18:05:28 PDT 2021,5,232,-1
1625982583677,Sat Jul 10 22:49:43 PDT 2021,5,234,-1
1626012358543,Sun Jul 11 07:05:58 PDT 2021,5,236,1
1626014873267,Sun Jul 11 07:47:53 PDT 2021,5,237,-1
1626015893565,Sun Jul 11 08:04:53 PDT 2021,5,238,1
1626018762961,Sun Jul 11 08:52:42 PDT 2021,5,239,1
1626027740545,Sun Jul 11 11:22:20 PDT 2021,5,240,-1
1626031538056,Sun Jul 11 12:25:38 PDT 2021,5,241,-1
1626033456903,Sun Jul 11 12:57:36 PDT 2021,5,243,0
1626063869506,Sun Jul 11 21:24:29 PDT 2021,5,248,-1
1626097219957,Mon Jul 12 06:40:19 PDT 2021,5,249,0
1626097830035,Mon Jul 12 06:50:30 PDT 2021,5,250,-1
1626160462883,Tue Jul 13 00:14:22 PDT 2021,5,255,1
1626184263639,Tue Jul 13 06:51:03 PDT 2021,5,256,-1
1627140882002,Sat Jul 24 08:34:42 PDT 2021,5,258,1
1626214076783,Tue Jul 13 15:07:56 PDT 2021,5,260,-1
1626219002580,Tue Jul 13 16:30:02 PDT 2021,5,262,1
1626221038480,Tue Jul 13 17:03:58 PDT 2021,5,263,1
1626298373102,Wed Jul 14 14:32:53 PDT 2021,5,265,-1
1626383890732,Thu Jul 15 14:18:10 PDT 2021,5,267,0
1626360766059,Thu Jul 15 07:52:46 PDT 2021,5,269,-1
1626386115434,Thu Jul 15 14:55:15 PDT 2021,5,271,0
1626456228362,Fri Jul 16 10:23:48 PDT 2021,5,274,1
1626470963001,Fri Jul 16 14:29:23 PDT 2021,5,275,-1
1626492927724,Fri Jul 16 20:35:27 PDT 2021,5,276,-1
1626541407101,Sat Jul 17 10:03:27 PDT 2021,5,278,-1
1626546367140,Sat Jul 17 11:26:07 PDT 2021,5,280,1
1626552843060,Sat Jul 17 13:14:03 PDT 2021,5,281,-1
1626553553028,Sat Jul 17 13:25:53 PDT 2021,5,282,-1
1626568287297,Sat Jul 17 17:31:27 PDT 2021,5,284,-1
1626584878876,Sat Jul 17 22:07:58 PDT 2021,5,286,1
1626713193965,Mon Jul 19 09:46:33 PDT 2021,5,288,1
1626716315856,Mon Jul 19 10:38:35 PDT 2021,5,290,1
1626720571120,Mon Jul 19 11:49:31 PDT 2021,5,291,1
1626739248484,Mon Jul 19 17:00:48 PDT 2021,5,292,1
1626737662122,Mon Jul 19 16:34:22 PDT 2021,5,294,1
1626752508876,Mon Jul 19 20:41:48 PDT 2021,5,295,0
1626792432015,Tue Jul 20 07:47:12 PDT 2021,5,296,1
1626799092301,Tue Jul 20 09:38:12 PDT 2021,5,298,-1
1626909414560,Wed Jul 21 16:16:54 PDT 2021,5,299,1
1626964952891,Thu Jul 22 07:42:32 PDT 2021,5,300,1
1627001006497,Thu Jul 22 17:43:26 PDT 2021,5,302,1
1627002544010,Thu Jul 22 18:09:04 PDT 2021,5,303,-1
1627008936959,Thu Jul 22 19:55:36 PDT 2021,5,305,-1
1627083838374,Fri Jul 23 16:43:58 PDT 2021,5,309,1
1627085763048,Fri Jul 23 17:16:03 PDT 2021,5,310,1
1627087162925,Fri Jul 23 17:39:22 PDT 2021,5,311,1
1627088025882,Fri Jul 23 17:53:45 PDT 2021,5,312,1
1627099712132,Fri Jul 23 21:08:32 PDT 2021,5,313,1
1627100874276,Fri Jul 23 21:27:54 PDT 2021,5,314,1
1627101643325,Fri Jul 23 21:40:43 PDT 2021,5,315,1
1627162827164,Sat Jul 24 14:40:27 PDT 2021,5,317,-1
1627188229164,Sat Jul 24 21:43:49 PDT 2021,5,318,-1
1627192072653,Sat Jul 24 22:47:52 PDT 2021,5,319,-1
1627407669039,Tue Jul 27 10:41:09 PDT 2021,5,322,-1
1627414985350,Tue Jul 27 12:43:05 PDT 2021,5,325,1
1627698627052,Fri Jul 30 19:30:27 PDT 2021,5,326,-1
1627451152512,Tue Jul 27 22:45:52 PDT 2021,5,328,1
1627501595464,Wed Jul 28 12:46:35 PDT 2021,5,332,1
1627505230884,Wed Jul 28 13:47:10 PDT 2021,5,337,1
1627505509289,Wed Jul 28 13:51:49 PDT 2021,5,339,1
1627506789892,Wed Jul 28 14:13:09 PDT 2021,5,341,1
1627508553570,Wed Jul 28 14:42:33 PDT 2021,5,343,1
1627679594553,Fri Jul 30 14:13:14 PDT 2021,5,347,-1
1627515459787,Wed Jul 28 16:37:39 PDT 2021,5,348,-1
1627515422412,Wed Jul 28 16:37:02 PDT 2021,5,350,0
1627523018341,Wed Jul 28 18:43:38 PDT 2021,5,353,-1
1627522207775,Wed Jul 28 18:30:07 PDT 2021,5,356,-1
1627529172501,Wed Jul 28 20:26:12 PDT 2021,5,357,1
1627531524439,Wed Jul 28 21:05:24 PDT 2021,5,358,1
1627535403562,Wed Jul 28 22:10:03 PDT 2021,5,361,-1
1627536544990,Wed Jul 28 22:29:04 PDT 2021,5,363,-1
1627543934343,Thu Jul 29 00:32:14 PDT 2021,5,364,-1
1627568125713,Thu Jul 29 07:15:25 PDT 2021,5,365,1
1627573408240,Thu Jul 29 08:43:28 PDT 2021,5,366,1
1627578009136,Thu Jul 29 10:00:09 PDT 2021,5,368,1
1627582654394,Thu Jul 29 11:17:34 PDT 2021,5,369,1
1627582654633,Thu Jul 29 11:17:34 PDT 2021,5,369,1
1627579540520,Thu Jul 29 10:25:40 PDT 2021,5,370,-1
1627586756977,Thu Jul 29 12:25:56 PDT 2021,5,373,-1
1627609478466,Thu Jul 29 18:44:38 PDT 2021,5,376,-1
1627612064771,Thu Jul 29 19:27:44 PDT 2021,5,377,-1
1627614022657,Thu Jul 29 20:00:22 PDT 2021,5,378,-1
1627617967597,Thu Jul 29 21:06:07 PDT 2021,5,379,1
1627656013672,Fri Jul 30 07:40:13 PDT 2021,5,380,-1
1627656563728,Fri Jul 30 07:49:23 PDT 2021,5,381,-1
1627664026043,Fri Jul 30 09:53:46 PDT 2021,5,382,-1
1627666840805,Fri Jul 30 10:40:40 PDT 2021,5,384,1
1627675918062,Fri Jul 30 13:11:58 PDT 2021,5,386,0
1627680982764,Fri Jul 30 14:36:22 PDT 2021,5,388,-1
1627681603763,Fri Jul 30 14:46:43 PDT 2021,5,389,1
1627684052096,Fri Jul 30 15:27:32 PDT 2021,5,391,1
1627684538809,Fri Jul 30 15:35:38 PDT 2021,5,392,1
1627686060350,Fri Jul 30 16:01:00 PDT 2021,5,394,-1
1627690243644,Fri Jul 30 17:10:43 PDT 2021,5,395,0
1627703062873,Fri Jul 30 20:44:22 PDT 2021,5,396,-1
1627752421402,Sat Jul 31 10:27:01 PDT 2021,5,397,1
1627769709168,Sat Jul 31 15:15:09 PDT 2021,5,401,0
1627772136574,Sat Jul 31 15:55:36 PDT 2021,5,402,-1
1627775756761,Sat Jul 31 16:55:56 PDT 2021,5,403,-1
1627838039202,Sun Aug 01 10:13:59 PDT 2021,5,404,-1
1624994719810,Tue Jun 29 12:25:19 PDT 2021,6,0,1
1624917427363,Mon Jun 28 14:57:07 PDT 2021,6,1,1
1624924447570,Mon Jun 28 16:54:07 PDT 2021,6,2,1
1624978162017,Tue Jun 29 07:49:22 PDT 2021,6,3,1
1624979958396,Tue Jun 29 08:19:18 PDT 2021,6,5,1
1624980968603,Tue Jun 29 08:36:08 PDT 2021,6,6,1
1624982995049,Tue Jun 29 09:09:55 PDT 2021,6,7,1
1624995662326,Tue Jun 29 12:41:02 PDT 2021,6,9,1
1624997085284,Tue Jun 29 13:04:45 PDT 2021,6,10,1
1624999178264,Tue Jun 29 13:39:38 PDT 2021,6,11,1
1625000387058,Tue Jun 29 13:59:47 PDT 2021,6,12,1
1625000262331,Tue Jun 29 13:57:42 PDT 2021,6,13,-1
1625001962287,Tue Jun 29 14:26:02 PDT 2021,6,14,1
1625003331920,Tue Jun 29 14:48:51 PDT 2021,6,15,1
1625004171302,Tue Jun 29 15:02:51 PDT 2021,6,16,1
1625007143790,Tue Jun 29 15:52:23 PDT 2021,6,17,1
1625007332065,Tue Jun 29 15:55:32 PDT 2021,6,18,1
1625008489366,Tue Jun 29 16:14:49 PDT 2021,6,19,1
1625008853714,Tue Jun 29 16:20:53 PDT 2021,6,21,1
1625008997703,Tue Jun 29 16:23:17 PDT 2021,6,22,1
1625019585427,Tue Jun 29 19:19:45 PDT 2021,6,24,1
1625019916316,Tue Jun 29 19:25:16 PDT 2021,6,25,1
1625020002070,Tue Jun 29 19:26:42 PDT 2021,6,26,1
1625021742465,Tue Jun 29 19:55:42 PDT 2021,6,27,1
1625055407050,Wed Jun 30 05:16:47 PDT 2021,6,28,1
1625058030555,Wed Jun 30 06:00:30 PDT 2021,6,30,1
1625064679730,Wed Jun 30 07:51:19 PDT 2021,6,33,1
1625066267617,Wed Jun 30 08:17:47 PDT 2021,6,34,1
1625068350249,Wed Jun 30 08:52:30 PDT 2021,6,35,1
1625069354407,Wed Jun 30 09:09:14 PDT 2021,6,36,1
1625071663367,Wed Jun 30 09:47:43 PDT 2021,6,37,1
1625072029324,Wed Jun 30 09:53:49 PDT 2021,6,38,1
1625082218161,Wed Jun 30 12:43:38 PDT 2021,6,40,1
1625099077322,Wed Jun 30 17:24:37 PDT 2021,6,41,0
1625086220232,Wed Jun 30 13:50:20 PDT 2021,6,42,1
1625089754766,Wed Jun 30 14:49:14 PDT 2021,6,43,1
1625093084504,Wed Jun 30 15:44:44 PDT 2021,6,45,1
1625095366111,Wed Jun 30 16:22:46 PDT 2021,6,46,-1
1625095200897,Wed Jun 30 16:20:00 PDT 2021,6,47,1
1625095720711,Wed Jun 30 16:28:40 PDT 2021,6,48,1
1625099170512,Wed Jun 30 17:26:10 PDT 2021,6,50,1
1625101325664,Wed Jun 30 18:02:05 PDT 2021,6,52,-1
1625101567284,Wed Jun 30 18:06:07 PDT 2021,6,53,-1
1625101383976,Wed Jun 30 18:03:03 PDT 2021,6,54,1
1625108050372,Wed Jun 30 19:54:10 PDT 2021,6,55,1
1625112063282,Wed Jun 30 21:01:03 PDT 2021,6,56,1
1625116387886,Wed Jun 30 22:13:07 PDT 2021,6,57,1
1625117854886,Wed Jun 30 22:37:34 PDT 2021,6,59,1
1625150728452,Thu Jul 01 07:45:28 PDT 2021,6,61,1
1625151239366,Thu Jul 01 07:53:59 PDT 2021,6,62,0
1625153584369,Thu Jul 01 08:33:04 PDT 2021,6,63,-1
1625155542208,Thu Jul 01 09:05:42 PDT 2021,6,64,0
1625157927003,Thu Jul 01 09:45:27 PDT 2021,6,65,1
1625410140799,Sun Jul 04 07:49:00 PDT 2021,6,66,1
1625159792851,Thu Jul 01 10:16:32 PDT 2021,6,68,1
1625159989881,Thu Jul 01 10:19:49 PDT 2021,6,69,-1
1625167696525,Thu Jul 01 12:28:16 PDT 2021,6,70,1
1625162280389,Thu Jul 01 10:58:00 PDT 2021,6,71,-1
1625163365698,Thu Jul 01 11:16:05 PDT 2021,6,73,-1
1625163899124,Thu Jul 01 11:24:59 PDT 2021,6,74,0
1625164114791,Thu Jul 01 11:28:34 PDT 2021,6,83,-1
1625164438463,Thu Jul 01 11:33:58 PDT 2021,6,84,-1
1625164899005,Thu Jul 01 11:41:39 PDT 2021,6,85,-1
1625165450248,Thu Jul 01 11:50:50 PDT 2021,6,86,1
1625165759439,Thu Jul 01 11:55:59 PDT 2021,6,88,-1
1625165971549,Thu Jul 01 11:59:31 PDT 2021,6,90,-1
1625168202980,Thu Jul 01 12:36:42 PDT 2021,6,92,1
1625173700254,Thu Jul 01 14:08:20 PDT 2021,6,93,1
1625174560195,Thu Jul 01 14:22:40 PDT 2021,6,94,1
1625175213972,Thu Jul 01 14:33:33 PDT 2021,6,95,1
1625182774865,Thu Jul 01 16:39:34 PDT 2021,6,96,1
1626133774292,Mon Jul 12 16:49:34 PDT 2021,6,98,0
1625190478075,Thu Jul 01 18:47:58 PDT 2021,6,100,1
1625190860288,Thu Jul 01 18:54:20 PDT 2021,6,101,1
1625199767655,Thu Jul 01 21:22:47 PDT 2021,6,102,0
1625238294376,Fri Jul 02 08:04:54 PDT 2021,6,103,0
1625241304192,Fri Jul 02 08:55:04 PDT 2021,6,104,1
1625241676195,Fri Jul 02 09:01:16 PDT 2021,6,105,1
1625242286452,Fri Jul 02 09:11:26 PDT 2021,6,106,0
1625245706247,Fri Jul 02 10:08:26 PDT 2021,6,107,1
1625251582250,Fri Jul 02 11:46:22 PDT 2021,6,108,1
1625266108006,Fri Jul 02 15:48:28 PDT 2021,6,111,1
1625275464966,Fri Jul 02 18:24:24 PDT 2021,6,112,1
1625329436652,Sat Jul 03 09:23:56 PDT 2021,6,118,0
1625333717448,Sat Jul 03 10:35:17 PDT 2021,6,119,1
1625362080521,Sat Jul 03 18:28:00 PDT 2021,6,120,1
1625364529254,Sat Jul 03 19:08:49 PDT 2021,6,121,-1
1625365622710,Sat Jul 03 19:27:02 PDT 2021,6,122,-1
1625365703954,Sat Jul 03 19:28:23 PDT 2021,6,123,1
1625375341124,Sat Jul 03 22:09:01 PDT 2021,6,124,1
1625383700245,Sun Jul 04 00:28:20 PDT 2021,6,125,1
1625410237677,Sun Jul 04 07:50:37 PDT 2021,6,126,1
1625413836143,Sun Jul 04 08:50:36 PDT 2021,6,127,1
1625424510572,Sun Jul 04 11:48:30 PDT 2021,6,131,1
1625428831862,Sun Jul 04 13:00:31 PDT 2021,6,132,1
1625435871549,Sun Jul 04 14:57:51 PDT 2021,6,135,1
1625436755759,Sun Jul 04 15:12:35 PDT 2021,6,136,1
1625437066780,Sun Jul 04 15:17:46 PDT 2021,6,137,1
1625452112433,Sun Jul 04 19:28:32 PDT 2021,6,141,1
1625454693757,Sun Jul 04 20:11:33 PDT 2021,6,142,1
1625462049178,Sun Jul 04 22:14:09 PDT 2021,6,145,1
1625495853483,Mon Jul 05 07:37:33 PDT 2021,6,147,1
1625528620632,Mon Jul 05 16:43:40 PDT 2021,6,148,1
1625593536036,Tue Jul 06 10:45:36 PDT 2021,6,151,1
1625597530494,Tue Jul 06 11:52:10 PDT 2021,6,152,1
1625613394430,Tue Jul 06 16:16:34 PDT 2021,6,153,1
1625611634626,Tue Jul 06 15:47:14 PDT 2021,6,155,1
1625626882489,Tue Jul 06 20:01:22 PDT 2021,6,156,1
1625635800324,Tue Jul 06 22:30:00 PDT 2021,6,157,1
1625672797106,Wed Jul 07 08:46:37 PDT 2021,6,160,1
1625674447413,Wed Jul 07 09:14:07 PDT 2021,6,161,1
1625675095860,Wed Jul 07 09:24:55 PDT 2021,6,162,1
1625676490393,Wed Jul 07 09:48:10 PDT 2021,6,163,1
1625677652385,Wed Jul 07 10:07:32 PDT 2021,6,166,1
1625677825492,Wed Jul 07 10:10:25 PDT 2021,6,168,1
1625689278445,Wed Jul 07 13:21:18 PDT 2021,6,171,1
1625693117369,Wed Jul 07 14:25:17 PDT 2021,6,173,1
1625694144918,Wed Jul 07 14:42:24 PDT 2021,6,174,1
1625694392261,Wed Jul 07 14:46:32 PDT 2021,6,177,1
1625696557873,Wed Jul 07 15:22:37 PDT 2021,6,180,1
1625696556873,Wed Jul 07 15:22:36 PDT 2021,6,181,1
1625697142812,Wed Jul 07 15:32:22 PDT 2021,6,182,1
1625697658795,Wed Jul 07 15:40:58 PDT 2021,6,183,1
1625699848187,Wed Jul 07 16:17:28 PDT 2021,6,186,1
1625699974931,Wed Jul 07 16:19:34 PDT 2021,6,187,1
1625700251930,Wed Jul 07 16:24:11 PDT 2021,6,188,1
1625702506674,Wed Jul 07 17:01:46 PDT 2021,6,189,-1
1625709587724,Wed Jul 07 18:59:47 PDT 2021,6,191,1
1625710199190,Wed Jul 07 19:09:59 PDT 2021,6,193,1
1625710370869,Wed Jul 07 19:12:50 PDT 2021,6,194,1
1625714501954,Wed Jul 07 20:21:41 PDT 2021,6,195,1
1625722668316,Wed Jul 07 22:37:48 PDT 2021,6,196,1
1625752606643,Thu Jul 08 06:56:46 PDT 2021,6,197,1
1625755853775,Thu Jul 08 07:50:53 PDT 2021,6,198,0
1625758850367,Thu Jul 08 08:40:50 PDT 2021,6,199,1
1625760037006,Thu Jul 08 09:00:37 PDT 2021,6,200,1
1625762567944,Thu Jul 08 09:42:47 PDT 2021,6,201,-1
1625763646736,Thu Jul 08 10:00:46 PDT 2021,6,203,1
1625770293509,Thu Jul 08 11:51:33 PDT 2021,6,205,1
1625772354205,Thu Jul 08 12:25:54 PDT 2021,6,206,1
1625781517798,Thu Jul 08 14:58:37 PDT 2021,6,207,1
1625783692519,Thu Jul 08 15:34:52 PDT 2021,6,208,1
1625786308637,Thu Jul 08 16:18:28 PDT 2021,6,209,1
1625789398232,Thu Jul 08 17:09:58 PDT 2021,6,210,1
1625796299424,Thu Jul 08 19:04:59 PDT 2021,6,212,1
1625801504465,Thu Jul 08 20:31:44 PDT 2021,6,213,1
1625844706107,Fri Jul 09 08:31:46 PDT 2021,6,215,1
1625852983043,Fri Jul 09 10:49:43 PDT 2021,6,216,1
1625855963044,Fri Jul 09 11:39:23 PDT 2021,6,217,1
1625863410254,Fri Jul 09 13:43:30 PDT 2021,6,218,1
1625867927897,Fri Jul 09 14:58:47 PDT 2021,6,219,1
1625921154434,Sat Jul 10 05:45:54 PDT 2021,6,223,1
1625922078441,Sat Jul 10 06:01:18 PDT 2021,6,224,1
1625926490459,Sat Jul 10 07:14:50 PDT 2021,6,225,-1
1625928728152,Sat Jul 10 07:52:08 PDT 2021,6,226,1
1625937647535,Sat Jul 10 10:20:47 PDT 2021,6,227,1
1625939548834,Sat Jul 10 10:52:28 PDT 2021,6,228,1
1625961495303,Sat Jul 10 16:58:15 PDT 2021,6,231,1
1625964361172,Sat Jul 10 17:46:01 PDT 2021,6,232,1
1625971541371,Sat Jul 10 19:45:41 PDT 2021,6,233,1
1625982217942,Sat Jul 10 22:43:37 PDT 2021,6,234,1
1626008472551,Sun Jul 11 06:01:12 PDT 2021,6,235,1
1626011412034,Sun Jul 11 06:50:12 PDT 2021,6,236,1
1626014997608,Sun Jul 11 07:49:57 PDT 2021,6,237,1
1626015336133,Sun Jul 11 07:55:36 PDT 2021,6,238,1
1626016348349,Sun Jul 11 08:12:28 PDT 2021,6,239,-1
1626027625950,Sun Jul 11 11:20:25 PDT 2021,6,240,1
1626031397781,Sun Jul 11 12:23:17 PDT 2021,6,241,1
1626033421325,Sun Jul 11 12:57:01 PDT 2021,6,243,1
1626055844846,Sun Jul 11 19:10:44 PDT 2021,6,247,1
1626063018373,Sun Jul 11 21:10:18 PDT 2021,6,248,1
1626097190059,Mon Jul 12 06:39:50 PDT 2021,6,249,1
1626097424386,Mon Jul 12 06:43:44 PDT 2021,6,250,1
1626100726851,Mon Jul 12 07:38:46 PDT 2021,6,251,0
1626160112632,Tue Jul 13 00:08:32 PDT 2021,6,255,1
1626184164254,Tue Jul 13 06:49:24 PDT 2021,6,256,1
1626198199999,Tue Jul 13 10:43:19 PDT 2021,6,257,0
1626641249097,Sun Jul 18 13:47:29 PDT 2021,6,258,0
1626213709873,Tue Jul 13 15:01:49 PDT 2021,6,260,1
1627697043729,Fri Jul 30 19:04:03 PDT 2021,6,261,1
1626274771963,Wed Jul 14 07:59:31 PDT 2021,6,265,1
1626383474313,Thu Jul 15 14:11:14 PDT 2021,6,267,1
1626360870497,Thu Jul 15 07:54:30 PDT 2021,6,269,1
1626386281083,Thu Jul 15 14:58:01 PDT 2021,6,271,1
1626455407658,Fri Jul 16 10:10:07 PDT 2021,6,274,1
1626470869476,Fri Jul 16 14:27:49 PDT 2021,6,275,1
1626492456680,Fri Jul 16 20:27:36 PDT 2021,6,276,-1
1626540314716,Sat Jul 17 09:45:14 PDT 2021,6,278,1
1626540330605,Sat Jul 17 09:45:30 PDT 2021,6,279,1
1626545909528,Sat Jul 17 11:18:29 PDT 2021,6,280,0
1626552351851,Sat Jul 17 13:05:51 PDT 2021,6,281,1
1626553674303,Sat Jul 17 13:27:54 PDT 2021,6,282,1
1626567951746,Sat Jul 17 17:25:51 PDT 2021,6,284,0
1626584650078,Sat Jul 17 22:04:10 PDT 2021,6,286,0
1626713150354,Mon Jul 19 09:45:50 PDT 2021,6,288,1
1626716548012,Mon Jul 19 10:42:28 PDT 2021,6,290,1
1626720083230,Mon Jul 19 11:41:23 PDT 2021,6,291,1
1626733784289,Mon Jul 19 15:29:44 PDT 2021,6,292,0
1626726251691,Mon Jul 19 13:24:11 PDT 2021,6,293,1
1626737428995,Mon Jul 19 16:30:28 PDT 2021,6,294,1
1626751992392,Mon Jul 19 20:33:12 PDT 2021,6,295,1
1626792054070,Tue Jul 20 07:40:54 PDT 2021,6,296,1
1626798429788,Tue Jul 20 09:27:09 PDT 2021,6,298,1
1626909259121,Wed Jul 21 16:14:19 PDT 2021,6,299,1
1626965290914,Thu Jul 22 07:48:10 PDT 2021,6,300,1
1626919196382,Wed Jul 21 18:59:56 PDT 2021,6,301,1
1627001338538,Thu Jul 22 17:48:58 PDT 2021,6,302,1
1627002451590,Thu Jul 22 18:07:31 PDT 2021,6,303,-1
1627008293494,Thu Jul 22 19:44:53 PDT 2021,6,305,1
1627082446330,Fri Jul 23 16:20:46 PDT 2021,6,308,-1
1627083672403,Fri Jul 23 16:41:12 PDT 2021,6,309,1
1627085267340,Fri Jul 23 17:07:47 PDT 2021,6,310,1
1627086618735,Fri Jul 23 17:30:18 PDT 2021,6,311,1
1627088204292,Fri Jul 23 17:56:44 PDT 2021,6,312,1
1627099883850,Fri Jul 23 21:11:23 PDT 2021,6,313,1
1627100514311,Fri Jul 23 21:21:54 PDT 2021,6,314,1
1627101723830,Fri Jul 23 21:42:03 PDT 2021,6,315,1
1627162923718,Sat Jul 24 14:42:03 PDT 2021,6,317,1
1627186952967,Sat Jul 24 21:22:32 PDT 2021,6,318,0
1627191940080,Sat Jul 24 22:45:40 PDT 2021,6,319,-1
1627404854596,Tue Jul 27 09:54:14 PDT 2021,6,321,1
1627407632976,Tue Jul 27 10:40:32 PDT 2021,6,322,0
1627414679488,Tue Jul 27 12:37:59 PDT 2021,6,325,1
1627425791526,Tue Jul 27 15:43:11 PDT 2021,6,326,1
1627439265131,Tue Jul 27 19:27:45 PDT 2021,6,327,1
1627502672841,Wed Jul 28 13:04:32 PDT 2021,6,332,1
1627503140160,Wed Jul 28 13:12:20 PDT 2021,6,334,-1
1627504102759,Wed Jul 28 13:28:22 PDT 2021,6,335,1
1627505164323,Wed Jul 28 13:46:04 PDT 2021,6,337,1
1627505667380,Wed Jul 28 13:54:27 PDT 2021,6,339,-1
1627506107044,Wed Jul 28 14:01:47 PDT 2021,6,340,1
1627506670151,Wed Jul 28 14:11:10 PDT 2021,6,341,0
1627506852128,Wed Jul 28 14:14:12 PDT 2021,6,342,1
1627508504617,Wed Jul 28 14:41:44 PDT 2021,6,343,1
1627515079962,Wed Jul 28 16:31:19 PDT 2021,6,348,1
1627515263711,Wed Jul 28 16:34:23 PDT 2021,6,349,1
1627522780096,Wed Jul 28 18:39:40 PDT 2021,6,353,1
1627521781603,Wed Jul 28 18:23:01 PDT 2021,6,356,1
1627529844768,Wed Jul 28 20:37:24 PDT 2021,6,357,-1
1627531606551,Wed Jul 28 21:06:46 PDT 2021,6,358,-1
1627532681077,Wed Jul 28 21:24:41 PDT 2021,6,359,1
1627536118631,Wed Jul 28 22:21:58 PDT 2021,6,361,1
1627543752093,Thu Jul 29 00:29:12 PDT 2021,6,364,1
1627573614937,Thu Jul 29 08:46:54 PDT 2021,6,366,-1
1627578401496,Thu Jul 29 10:06:41 PDT 2021,6,368,1
1627582797725,Thu Jul 29 11:19:57 PDT 2021,6,369,0
1627585156971,Thu Jul 29 11:59:16 PDT 2021,6,372,1
1627586667557,Thu Jul 29 12:24:27 PDT 2021,6,373,1
1627595463033,Thu Jul 29 14:51:03 PDT 2021,6,375,1
1627607430947,Thu Jul 29 18:10:30 PDT 2021,6,376,1
1627613736255,Thu Jul 29 19:55:36 PDT 2021,6,378,1
1627655058418,Fri Jul 30 07:24:18 PDT 2021,6,380,1
1627656042955,Fri Jul 30 07:40:42 PDT 2021,6,381,1
1627663755506,Fri Jul 30 09:49:15 PDT 2021,6,382,0
1627666748912,Fri Jul 30 10:39:08 PDT 2021,6,384,1
1627675469333,Fri Jul 30 13:04:29 PDT 2021,6,386,1
1627681148918,Fri Jul 30 14:39:08 PDT 2021,6,388,1
1627681379937,Fri Jul 30 14:42:59 PDT 2021,6,389,1
1627686219550,Fri Jul 30 16:03:39 PDT 2021,6,394,1
1627689999426,Fri Jul 30 17:06:39 PDT 2021,6,395,0
1627702431227,Fri Jul 30 20:33:51 PDT 2021,6,396,1
1627752622240,Sat Jul 31 10:30:22 PDT 2021,6,398,1
1627769601164,Sat Jul 31 15:13:21 PDT 2021,6,401,1
1627771653423,Sat Jul 31 15:47:33 PDT 2021,6,402,-1
1627776157320,Sat Jul 31 17:02:37 PDT 2021,6,403,1
1627837693803,Sun Aug 01 10:08:13 PDT 2021,6,404,0
1624994722585,Tue Jun 29 12:25:22 PDT 2021,8,0,1
1624917560176,Mon Jun 28 14:59:20 PDT 2021,8,1,1
1624924598148,Mon Jun 28 16:56:38 PDT 2021,8,2,1
1624978300284,Tue Jun 29 07:51:40 PDT 2021,8,3,0
1624980150991,Tue Jun 29 08:22:30 PDT 2021,8,5,1
1624980887822,Tue Jun 29 08:34:47 PDT 2021,8,6,1
1624983141265,Tue Jun 29 09:12:21 PDT 2021,8,7,1
1624995723428,Tue Jun 29 12:42:03 PDT 2021,8,9,0
1624997158935,Tue Jun 29 13:05:58 PDT 2021,8,10,1
1624999190250,Tue Jun 29 13:39:50 PDT 2021,8,11,1
1625000270294,Tue Jun 29 13:57:50 PDT 2021,8,12,1
1625000446171,Tue Jun 29 14:00:46 PDT 2021,8,13,0
1625002095543,Tue Jun 29 14:28:15 PDT 2021,8,14,1
1625003344140,Tue Jun 29 14:49:04 PDT 2021,8,15,1
1625003973863,Tue Jun 29 14:59:33 PDT 2021,8,16,1
1625007345382,Tue Jun 29 15:55:45 PDT 2021,8,17,1
1625007404137,Tue Jun 29 15:56:44 PDT 2021,8,18,1
1625008217428,Tue Jun 29 16:10:17 PDT 2021,8,19,1
1625008948266,Tue Jun 29 16:22:28 PDT 2021,8,21,1
1625008973354,Tue Jun 29 16:22:53 PDT 2021,8,22,1
1625019890740,Tue Jun 29 19:24:50 PDT 2021,8,24,0
1625019908988,Tue Jun 29 19:25:08 PDT 2021,8,25,1
1625020018011,Tue Jun 29 19:26:58 PDT 2021,8,26,1
1625022017241,Tue Jun 29 20:00:17 PDT 2021,8,27,1
1625055585606,Wed Jun 30 05:19:45 PDT 2021,8,28,1
1625057933189,Wed Jun 30 05:58:53 PDT 2021,8,30,0
1625064754322,Wed Jun 30 07:52:34 PDT 2021,8,33,1
1625066442951,Wed Jun 30 08:20:42 PDT 2021,8,34,1
1625068514289,Wed Jun 30 08:55:14 PDT 2021,8,35,1
1625068502608,Wed Jun 30 08:55:02 PDT 2021,8,36,1
1625071864062,Wed Jun 30 09:51:04 PDT 2021,8,37,0
1625071823286,Wed Jun 30 09:50:23 PDT 2021,8,38,1
1625082535926,Wed Jun 30 12:48:55 PDT 2021,8,40,1
1625099475723,Wed Jun 30 17:31:15 PDT 2021,8,41,-1
1625085975847,Wed Jun 30 13:46:15 PDT 2021,8,42,1
1625089949071,Wed Jun 30 14:52:29 PDT 2021,8,43,0
1625092904032,Wed Jun 30 15:41:44 PDT 2021,8,45,1
1625095240615,Wed Jun 30 16:20:40 PDT 2021,8,46,1
1625095300163,Wed Jun 30 16:21:40 PDT 2021,8,47,1
1625096056247,Wed Jun 30 16:34:16 PDT 2021,8,48,0
1625099245852,Wed Jun 30 17:27:25 PDT 2021,8,50,1
1625101369046,Wed Jun 30 18:02:49 PDT 2021,8,52,1
1625101798549,Wed Jun 30 18:09:58 PDT 2021,8,53,-1
1625101640239,Wed Jun 30 18:07:20 PDT 2021,8,54,1
1625108306319,Wed Jun 30 19:58:26 PDT 2021,8,55,1
1625116337750,Wed Jun 30 22:12:17 PDT 2021,8,57,1
1625117627896,Wed Jun 30 22:33:47 PDT 2021,8,58,1
1625118209465,Wed Jun 30 22:43:29 PDT 2021,8,59,1
1625150685307,Thu Jul 01 07:44:45 PDT 2021,8,61,1
1625151095017,Thu Jul 01 07:51:35 PDT 2021,8,62,1
1625154128305,Thu Jul 01 08:42:08 PDT 2021,8,63,1
1625155903384,Thu Jul 01 09:11:43 PDT 2021,8,64,0
1625157823993,Thu Jul 01 09:43:43 PDT 2021,8,65,0
1625410257809,Sun Jul 04 07:50:57 PDT 2021,8,66,1
1625159753200,Thu Jul 01 10:15:53 PDT 2021,8,68,1
1625160193694,Thu Jul 01 10:23:13 PDT 2021,8,69,1
1625159931212,Thu Jul 01 10:18:51 PDT 2021,8,70,0
1625162328911,Thu Jul 01 10:58:48 PDT 2021,8,71,-1
1625163210568,Thu Jul 01 11:13:30 PDT 2021,8,73,-1
1625164408411,Thu Jul 01 11:33:28 PDT 2021,8,74,0
1625164169978,Thu Jul 01 11:29:29 PDT 2021,8,83,-1
1625165082706,Thu Jul 01 11:44:42 PDT 2021,8,85,-1
1625165272593,Thu Jul 01 11:47:52 PDT 2021,8,86,-1
1625168627116,Thu Jul 01 12:43:47 PDT 2021,8,92,1
1625175138451,Thu Jul 01 14:32:18 PDT 2021,8,94,-1
1625174895846,Thu Jul 01 14:28:15 PDT 2021,8,95,1
1625182771201,Thu Jul 01 16:39:31 PDT 2021,8,96,1
1626133733203,Mon Jul 12 16:48:53 PDT 2021,8,98,-1
1625191014724,Thu Jul 01 18:56:54 PDT 2021,8,100,1
1625190845645,Thu Jul 01 18:54:05 PDT 2021,8,101,1
1625200047697,Thu Jul 01 21:27:27 PDT 2021,8,102,0
1625238175438,Fri Jul 02 08:02:55 PDT 2021,8,103,0
1625241556984,Fri Jul 02 08:59:16 PDT 2021,8,104,1
1625242275492,Fri Jul 02 09:11:15 PDT 2021,8,106,0
1625246454799,Fri Jul 02 10:20:54 PDT 2021,8,107,1
1625251597593,Fri Jul 02 11:46:37 PDT 2021,8,108,1
1625265470746,Fri Jul 02 15:37:50 PDT 2021,8,110,1
1625266378926,Fri Jul 02 15:52:58 PDT 2021,8,111,1
1625275161683,Fri Jul 02 18:19:21 PDT 2021,8,112,1
1625329215763,Sat Jul 03 09:20:15 PDT 2021,8,118,-1
1625333679078,Sat Jul 03 10:34:39 PDT 2021,8,119,1
1625361986578,Sat Jul 03 18:26:26 PDT 2021,8,120,1
1625364970770,Sat Jul 03 19:16:10 PDT 2021,8,121,-1
1625365378750,Sat Jul 03 19:22:58 PDT 2021,8,122,-1
1625366175081,Sat Jul 03 19:36:15 PDT 2021,8,123,1
1625375928879,Sat Jul 03 22:18:48 PDT 2021,8,124,1
1625410409943,Sun Jul 04 07:53:29 PDT 2021,8,126,1
1625414769920,Sun Jul 04 09:06:09 PDT 2021,8,127,1
1625425084901,Sun Jul 04 11:58:04 PDT 2021,8,131,1
1625428908214,Sun Jul 04 13:01:48 PDT 2021,8,132,1
1625435754511,Sun Jul 04 14:55:54 PDT 2021,8,135,1
1625436293251,Sun Jul 04 15:04:53 PDT 2021,8,136,1
1625437196574,Sun Jul 04 15:19:56 PDT 2021,8,137,1
1625452251840,Sun Jul 04 19:30:51 PDT 2021,8,141,1
1625454830301,Sun Jul 04 20:13:50 PDT 2021,8,142,1
1625462371297,Sun Jul 04 22:19:31 PDT 2021,8,145,1
1625495630119,Mon Jul 05 07:33:50 PDT 2021,8,147,1
1625528779283,Mon Jul 05 16:46:19 PDT 2021,8,148,0
1625593630370,Tue Jul 06 10:47:10 PDT 2021,8,151,1
1625597498518,Tue Jul 06 11:51:38 PDT 2021,8,152,1
1625598002511,Tue Jul 06 12:00:02 PDT 2021,8,153,1
1625611187365,Tue Jul 06 15:39:47 PDT 2021,8,155,1
1625627582307,Tue Jul 06 20:13:02 PDT 2021,8,156,1
1625635668407,Tue Jul 06 22:27:48 PDT 2021,8,157,1
1625673075247,Wed Jul 07 08:51:15 PDT 2021,8,160,0
1625674402991,Wed Jul 07 09:13:22 PDT 2021,8,161,1
1625675299748,Wed Jul 07 09:28:19 PDT 2021,8,162,0
1625676709316,Wed Jul 07 09:51:49 PDT 2021,8,163,1
1625677431650,Wed Jul 07 10:03:51 PDT 2021,8,165,0
1625678328694,Wed Jul 07 10:18:48 PDT 2021,8,166,1
1625686163935,Wed Jul 07 12:29:23 PDT 2021,8,170,0
1625689322769,Wed Jul 07 13:22:02 PDT 2021,8,171,1
1625693671538,Wed Jul 07 14:34:31 PDT 2021,8,173,0
1625693846227,Wed Jul 07 14:37:26 PDT 2021,8,174,1
1625694615286,Wed Jul 07 14:50:15 PDT 2021,8,176,0
1625694708725,Wed Jul 07 14:51:48 PDT 2021,8,177,1
1625695433569,Wed Jul 07 15:03:53 PDT 2021,8,178,1
1625696688399,Wed Jul 07 15:24:48 PDT 2021,8,181,1
1625697232366,Wed Jul 07 15:33:52 PDT 2021,8,182,1
1625698218271,Wed Jul 07 15:50:18 PDT 2021,8,183,0
1625699535143,Wed Jul 07 16:12:15 PDT 2021,8,184,1
1625699639171,Wed Jul 07 16:13:59 PDT 2021,8,186,1
1625700470897,Wed Jul 07 16:27:50 PDT 2021,8,187,0
1625700706781,Wed Jul 07 16:31:46 PDT 2021,8,188,1
1625702660135,Wed Jul 07 17:04:20 PDT 2021,8,189,-1
1625710308897,Wed Jul 07 19:11:48 PDT 2021,8,191,1
1625710054784,Wed Jul 07 19:07:34 PDT 2021,8,193,1
1625710495140,Wed Jul 07 19:14:55 PDT 2021,8,194,0
1625722719075,Wed Jul 07 22:38:39 PDT 2021,8,196,1
1625752626861,Thu Jul 08 06:57:06 PDT 2021,8,197,1
1625756040545,Thu Jul 08 07:54:00 PDT 2021,8,198,1
1625759356816,Thu Jul 08 08:49:16 PDT 2021,8,199,1
1625762436267,Thu Jul 08 09:40:36 PDT 2021,8,201,-1
1625763509736,Thu Jul 08 09:58:29 PDT 2021,8,203,1
1625770372416,Thu Jul 08 11:52:52 PDT 2021,8,205,1
1625781644120,Thu Jul 08 15:00:44 PDT 2021,8,207,1
1625783623119,Thu Jul 08 15:33:43 PDT 2021,8,208,1
1625786639862,Thu Jul 08 16:23:59 PDT 2021,8,209,1
1625789536604,Thu Jul 08 17:12:16 PDT 2021,8,210,1
1625801433191,Thu Jul 08 20:30:33 PDT 2021,8,213,0
1625842814664,Fri Jul 09 08:00:14 PDT 2021,8,214,1
1625844868589,Fri Jul 09 08:34:28 PDT 2021,8,215,1
1625855593738,Fri Jul 09 11:33:13 PDT 2021,8,217,1
1625864073156,Fri Jul 09 13:54:33 PDT 2021,8,218,1
1625868271593,Fri Jul 09 15:04:31 PDT 2021,8,219,0
1625921387916,Sat Jul 10 05:49:47 PDT 2021,8,223,1
1625922149699,Sat Jul 10 06:02:29 PDT 2021,8,224,1
1625926510579,Sat Jul 10 07:15:10 PDT 2021,8,225,1
1625929080277,Sat Jul 10 07:58:00 PDT 2021,8,226,1
1625932442605,Sat Jul 10 08:54:02 PDT 2021,8,227,0
1625939414041,Sat Jul 10 10:50:14 PDT 2021,8,228,1
1625964178872,Sat Jul 10 17:42:58 PDT 2021,8,232,1
1625982027836,Sat Jul 10 22:40:27 PDT 2021,8,234,1
1626012334470,Sun Jul 11 07:05:34 PDT 2021,8,236,0
1626015203757,Sun Jul 11 07:53:23 PDT 2021,8,237,1
1626015462307,Sun Jul 11 07:57:42 PDT 2021,8,238,1
1626018089625,Sun Jul 11 08:41:29 PDT 2021,8,239,-1
1626027372580,Sun Jul 11 11:16:12 PDT 2021,8,240,1
1626031577603,Sun Jul 11 12:26:17 PDT 2021,8,241,1
1626033228598,Sun Jul 11 12:53:48 PDT 2021,8,243,1
1626055716885,Sun Jul 11 19:08:36 PDT 2021,8,247,1
1626062976819,Sun Jul 11 21:09:36 PDT 2021,8,248,1
1626096957105,Mon Jul 12 06:35:57 PDT 2021,8,249,1
1626097087768,Mon Jul 12 06:38:07 PDT 2021,8,250,1
1626100841912,Mon Jul 12 07:40:41 PDT 2021,8,251,1
1626160109796,Tue Jul 13 00:08:29 PDT 2021,8,255,1
1626184730027,Tue Jul 13 06:58:50 PDT 2021,8,256,1
1626198140371,Tue Jul 13 10:42:20 PDT 2021,8,257,1
1626641286828,Sun Jul 18 13:48:06 PDT 2021,8,258,0
1626213841865,Tue Jul 13 15:04:01 PDT 2021,8,260,1
1626215460268,Tue Jul 13 15:31:00 PDT 2021,8,261,1
1626235359689,Tue Jul 13 21:02:39 PDT 2021,8,265,1
1626383406411,Thu Jul 15 14:10:06 PDT 2021,8,267,1
1626360705903,Thu Jul 15 07:51:45 PDT 2021,8,269,0
1626385560059,Thu Jul 15 14:46:00 PDT 2021,8,271,1
1626455330593,Fri Jul 16 10:08:50 PDT 2021,8,274,1
1626471295975,Fri Jul 16 14:34:55 PDT 2021,8,275,1
1626492987626,Fri Jul 16 20:36:27 PDT 2021,8,276,-1
1626540549524,Sat Jul 17 09:49:09 PDT 2021,8,278,1
1626545542176,Sat Jul 17 11:12:22 PDT 2021,8,280,0
1626552473950,Sat Jul 17 13:07:53 PDT 2021,8,281,1
1626553728599,Sat Jul 17 13:28:48 PDT 2021,8,282,1
1626568316554,Sat Jul 17 17:31:56 PDT 2021,8,284,1
1626584791113,Sat Jul 17 22:06:31 PDT 2021,8,286,1
1626712904295,Mon Jul 19 09:41:44 PDT 2021,8,288,1
1626716283154,Mon Jul 19 10:38:03 PDT 2021,8,290,1
1626719979890,Mon Jul 19 11:39:39 PDT 2021,8,291,1
1626734004044,Mon Jul 19 15:33:24 PDT 2021,8,292,0
1626737321406,Mon Jul 19 16:28:41 PDT 2021,8,294,1
1626751908968,Mon Jul 19 20:31:48 PDT 2021,8,295,1
1626791692208,Tue Jul 20 07:34:52 PDT 2021,8,296,1
1626798911798,Tue Jul 20 09:35:11 PDT 2021,8,298,1
1626910157917,Wed Jul 21 16:29:17 PDT 2021,8,299,1
1626965325044,Thu Jul 22 07:48:45 PDT 2021,8,300,0
1627000812333,Thu Jul 22 17:40:12 PDT 2021,8,302,1
1627002335527,Thu Jul 22 18:05:35 PDT 2021,8,303,-1
1627008480160,Thu Jul 22 19:48:00 PDT 2021,8,305,1
1627082457931,Fri Jul 23 16:20:57 PDT 2021,8,308,1
1627084170193,Fri Jul 23 16:49:30 PDT 2021,8,309,1
1627085009629,Fri Jul 23 17:03:29 PDT 2021,8,310,1
1627086752746,Fri Jul 23 17:32:32 PDT 2021,8,311,1
1627088071890,Fri Jul 23 17:54:31 PDT 2021,8,312,1
1627100093629,Fri Jul 23 21:14:53 PDT 2021,8,313,1
1627100811360,Fri Jul 23 21:26:51 PDT 2021,8,314,1
1627101792167,Fri Jul 23 21:43:12 PDT 2021,8,315,1
1627162687507,Sat Jul 24 14:38:07 PDT 2021,8,317,1
1627187865640,Sat Jul 24 21:37:45 PDT 2021,8,318,1
1627191593777,Sat Jul 24 22:39:53 PDT 2021,8,319,1
1627404955749,Tue Jul 27 09:55:55 PDT 2021,8,321,1
1627407476581,Tue Jul 27 10:37:56 PDT 2021,8,322,1
1627414687479,Tue Jul 27 12:38:07 PDT 2021,8,325,1
1627425588966,Tue Jul 27 15:39:48 PDT 2021,8,326,0
1627439369864,Tue Jul 27 19:29:29 PDT 2021,8,327,0
1627451131413,Tue Jul 27 22:45:31 PDT 2021,8,328,1
1627451546026,Tue Jul 27 22:52:26 PDT 2021,8,329,1
1627502774411,Wed Jul 28 13:06:14 PDT 2021,8,332,1
1627503216432,Wed Jul 28 13:13:36 PDT 2021,8,334,1
1627505112202,Wed Jul 28 13:45:12 PDT 2021,8,337,1
1627505902964,Wed Jul 28 13:58:22 PDT 2021,8,339,1
1627506664571,Wed Jul 28 14:11:04 PDT 2021,8,341,1
1627508876367,Wed Jul 28 14:47:56 PDT 2021,8,343,1
1627508919995,Wed Jul 28 14:48:39 PDT 2021,8,345,-1
1627515315827,Wed Jul 28 16:35:15 PDT 2021,8,348,1
1627515379414,Wed Jul 28 16:36:19 PDT 2021,8,350,1
1627522526588,Wed Jul 28 18:35:26 PDT 2021,8,353,1
1627521810413,Wed Jul 28 18:23:30 PDT 2021,8,356,1
1627529140647,Wed Jul 28 20:25:40 PDT 2021,8,357,1
1627532064219,Wed Jul 28 21:14:24 PDT 2021,8,358,0
1627532227792,Wed Jul 28 21:17:07 PDT 2021,8,359,1
1627535689161,Wed Jul 28 22:14:49 PDT 2021,8,361,1
1627543564661,Thu Jul 29 00:26:04 PDT 2021,8,364,0
1627573353495,Thu Jul 29 08:42:33 PDT 2021,8,366,-1
1627579097849,Thu Jul 29 10:18:17 PDT 2021,8,368,1
1627582664893,Thu Jul 29 11:17:44 PDT 2021,8,369,1
1627586605109,Thu Jul 29 12:23:25 PDT 2021,8,373,1
1627595476965,Thu Jul 29 14:51:16 PDT 2021,8,375,1
1627607871610,Thu Jul 29 18:17:51 PDT 2021,8,376,1
1627613875440,Thu Jul 29 19:57:55 PDT 2021,8,378,1
1627617969588,Thu Jul 29 21:06:09 PDT 2021,8,379,1
1627655994619,Fri Jul 30 07:39:54 PDT 2021,8,380,1
1627656468501,Fri Jul 30 07:47:48 PDT 2021,8,381,1
1627663842766,Fri Jul 30 09:50:42 PDT 2021,8,382,1
1627667177147,Fri Jul 30 10:46:17 PDT 2021,8,384,1
1627675466559,Fri Jul 30 13:04:26 PDT 2021,8,386,1
1627680112082,Fri Jul 30 14:21:52 PDT 2021,8,388,0
1627681480998,Fri Jul 30 14:44:40 PDT 2021,8,389,1
1627684679260,Fri Jul 30 15:37:59 PDT 2021,8,392,1
1627686271385,Fri Jul 30 16:04:31 PDT 2021,8,394,1
1627690356593,Fri Jul 30 17:12:36 PDT 2021,8,395,0
1627702099361,Fri Jul 30 20:28:19 PDT 2021,8,396,0
1627759949629,Sat Jul 31 12:32:29 PDT 2021,8,400,0
1627769888009,Sat Jul 31 15:18:08 PDT 2021,8,401,0
1627771713848,Sat Jul 31 15:48:33 PDT 2021,8,402,1
1627775434191,Sat Jul 31 16:50:34 PDT 2021,8,403,1
1627837543223,Sun Aug 01 10:05:43 PDT 2021,8,404,1
1624995172424,Tue Jun 29 12:32:52 PDT 2021,9,0,0
1624917553815,Mon Jun 28 14:59:13 PDT 2021,9,1,1
1624924613917,Mon Jun 28 16:56:53 PDT 2021,9,2,0
1624978190125,Tue Jun 29 07:49:50 PDT 2021,9,3,0
1624980368446,Tue Jun 29 08:26:08 PDT 2021,9,5,-1
1624981000447,Tue Jun 29 08:36:40 PDT 2021,9,6,0
1624983221385,Tue Jun 29 09:13:41 PDT 2021,9,7,0
1624995912923,Tue Jun 29 12:45:12 PDT 2021,9,9,0
1624997191850,Tue Jun 29 13:06:31 PDT 2021,9,10,-1
1624999634088,Tue Jun 29 13:47:14 PDT 2021,9,11,0
1625000462725,Tue Jun 29 14:01:02 PDT 2021,9,12,1
1625000501136,Tue Jun 29 14:01:41 PDT 2021,9,13,-1
1625002336770,Tue Jun 29 14:32:16 PDT 2021,9,14,1
1625003506536,Tue Jun 29 14:51:46 PDT 2021,9,15,1
1625004325443,Tue Jun 29 15:05:25 PDT 2021,9,16,1
1625007307463,Tue Jun 29 15:55:07 PDT 2021,9,17,1
1625007350728,Tue Jun 29 15:55:50 PDT 2021,9,18,1
1625008361856,Tue Jun 29 16:12:41 PDT 2021,9,19,1
1625008865419,Tue Jun 29 16:21:05 PDT 2021,9,21,1
1625009156241,Tue Jun 29 16:25:56 PDT 2021,9,22,1
1625019741210,Tue Jun 29 19:22:21 PDT 2021,9,24,1
1625019764866,Tue Jun 29 19:22:44 PDT 2021,9,25,1
1625020038215,Tue Jun 29 19:27:18 PDT 2021,9,26,-1
1625022046039,Tue Jun 29 20:00:46 PDT 2021,9,27,-1
1625055393613,Wed Jun 30 05:16:33 PDT 2021,9,28,1
1625058103736,Wed Jun 30 06:01:43 PDT 2021,9,30,1
1625064501736,Wed Jun 30 07:48:21 PDT 2021,9,33,1
1625066203821,Wed Jun 30 08:16:43 PDT 2021,9,34,1
1625068370271,Wed Jun 30 08:52:50 PDT 2021,9,35,1
1625069091358,Wed Jun 30 09:04:51 PDT 2021,9,36,1
1625071377956,Wed Jun 30 09:42:57 PDT 2021,9,37,1
1625071964612,Wed Jun 30 09:52:44 PDT 2021,9,38,1
1625082547566,Wed Jun 30 12:49:07 PDT 2021,9,40,1
1625099067001,Wed Jun 30 17:24:27 PDT 2021,9,41,-1
1625086379954,Wed Jun 30 13:52:59 PDT 2021,9,42,1
1625089510635,Wed Jun 30 14:45:10 PDT 2021,9,43,1
1625092963904,Wed Jun 30 15:42:43 PDT 2021,9,45,1
1625095169988,Wed Jun 30 16:19:29 PDT 2021,9,46,-1
1625094963581,Wed Jun 30 16:16:03 PDT 2021,9,47,1
1625095808413,Wed Jun 30 16:30:08 PDT 2021,9,48,-1
1625099328714,Wed Jun 30 17:28:48 PDT 2021,9,50,1
1625100903495,Wed Jun 30 17:55:03 PDT 2021,9,51,-1
1625101125075,Wed Jun 30 17:58:45 PDT 2021,9,52,0
1625101171487,Wed Jun 30 17:59:31 PDT 2021,9,53,-1
1625101412968,Wed Jun 30 18:03:32 PDT 2021,9,54,0
1625108149325,Wed Jun 30 19:55:49 PDT 2021,9,55,1
1625112227414,Wed Jun 30 21:03:47 PDT 2021,9,56,0
1625115905657,Wed Jun 30 22:05:05 PDT 2021,9,57,1
1625117244180,Wed Jun 30 22:27:24 PDT 2021,9,58,0
1625118146300,Wed Jun 30 22:42:26 PDT 2021,9,59,1
1625150570594,Thu Jul 01 07:42:50 PDT 2021,9,61,1
1625151123510,Thu Jul 01 07:52:03 PDT 2021,9,62,0
1625153938104,Thu Jul 01 08:38:58 PDT 2021,9,63,0
1625155647054,Thu Jul 01 09:07:27 PDT 2021,9,64,-1
1625157805517,Thu Jul 01 09:43:25 PDT 2021,9,65,1
1625158796245,Thu Jul 01 09:59:56 PDT 2021,9,66,1
1625158977235,Thu Jul 01 10:02:57 PDT 2021,9,67,-1
1625159510488,Thu Jul 01 10:11:50 PDT 2021,9,68,1
1625159806231,Thu Jul 01 10:16:46 PDT 2021,9,69,-1
1625167884522,Thu Jul 01 12:31:24 PDT 2021,9,70,1
1625161893768,Thu Jul 01 10:51:33 PDT 2021,9,71,-1
1625163310133,Thu Jul 01 11:15:10 PDT 2021,9,73,-1
1625163882750,Thu Jul 01 11:24:42 PDT 2021,9,74,0
1625163797553,Thu Jul 01 11:23:17 PDT 2021,9,78,-1
1625163890644,Thu Jul 01 11:24:50 PDT 2021,9,80,-1
1625164022459,Thu Jul 01 11:27:02 PDT 2021,9,83,-1
1625164619369,Thu Jul 01 11:36:59 PDT 2021,9,85,-1
1625165366121,Thu Jul 01 11:49:26 PDT 2021,9,86,-1
1625168487032,Thu Jul 01 12:41:27 PDT 2021,9,92,0
1625173842250,Thu Jul 01 14:10:42 PDT 2021,9,93,1
1625175057360,Thu Jul 01 14:30:57 PDT 2021,9,94,0
1625174900780,Thu Jul 01 14:28:20 PDT 2021,9,95,1
1625182636593,Thu Jul 01 16:37:16 PDT 2021,9,96,0
1626144864016,Mon Jul 12 19:54:24 PDT 2021,9,98,-1
1625189966182,Thu Jul 01 18:39:26 PDT 2021,9,99,-1
1625190647604,Thu Jul 01 18:50:47 PDT 2021,9,100,0
1625191064276,Thu Jul 01 18:57:44 PDT 2021,9,101,1
1625199794264,Thu Jul 01 21:23:14 PDT 2021,9,102,-1
1625238290061,Fri Jul 02 08:04:50 PDT 2021,9,103,-1
1625241755818,Fri Jul 02 09:02:35 PDT 2021,9,104,0
1625241779425,Fri Jul 02 09:02:59 PDT 2021,9,106,-1
1625246297274,Fri Jul 02 10:18:17 PDT 2021,9,107,1
1625251731948,Fri Jul 02 11:48:51 PDT 2021,9,108,1
1625266348384,Fri Jul 02 15:52:28 PDT 2021,9,111,1
1625275002976,Fri Jul 02 18:16:42 PDT 2021,9,112,1
1625281777004,Fri Jul 02 20:09:37 PDT 2021,9,113,0
1625329158815,Sat Jul 03 09:19:18 PDT 2021,9,118,-1
1625333830313,Sat Jul 03 10:37:10 PDT 2021,9,119,0
1625364464966,Sat Jul 03 19:07:44 PDT 2021,9,121,-1
1625365524701,Sat Jul 03 19:25:24 PDT 2021,9,122,-1
1625365774078,Sat Jul 03 19:29:34 PDT 2021,9,123,1
1625374547705,Sat Jul 03 21:55:47 PDT 2021,9,124,1
1625384639265,Sun Jul 04 00:43:59 PDT 2021,9,125,1
1625410140523,Sun Jul 04 07:49:00 PDT 2021,9,126,1
1625413418394,Sun Jul 04 08:43:38 PDT 2021,9,127,0
1625424825135,Sun Jul 04 11:53:45 PDT 2021,9,131,0
1625428683291,Sun Jul 04 12:58:03 PDT 2021,9,132,1
1625435664461,Sun Jul 04 14:54:24 PDT 2021,9,135,1
1625436102163,Sun Jul 04 15:01:42 PDT 2021,9,136,1
1625437001361,Sun Jul 04 15:16:41 PDT 2021,9,137,0
1625451902172,Sun Jul 04 19:25:02 PDT 2021,9,141,1
1625454647557,Sun Jul 04 20:10:47 PDT 2021,9,142,1
1625460966080,Sun Jul 04 21:56:06 PDT 2021,9,144,1
1625462065602,Sun Jul 04 22:14:25 PDT 2021,9,145,1
1625496208635,Mon Jul 05 07:43:28 PDT 2021,9,147,1
1625593951062,Tue Jul 06 10:52:31 PDT 2021,9,151,1
1625597495591,Tue Jul 06 11:51:35 PDT 2021,9,152,1
1625598006076,Tue Jul 06 12:00:06 PDT 2021,9,153,1
1625611346598,Tue Jul 06 15:42:26 PDT 2021,9,155,1
1625627331211,Tue Jul 06 20:08:51 PDT 2021,9,156,1
1625635957413,Tue Jul 06 22:32:37 PDT 2021,9,157,-1
1625672725910,Wed Jul 07 08:45:25 PDT 2021,9,160,0
1625674690859,Wed Jul 07 09:18:10 PDT 2021,9,161,1
1625674916073,Wed Jul 07 09:21:56 PDT 2021,9,162,0
1625676781617,Wed Jul 07 09:53:01 PDT 2021,9,163,-1
1625678486370,Wed Jul 07 10:21:26 PDT 2021,9,166,0
1625693511916,Wed Jul 07 14:31:51 PDT 2021,9,173,0
1625694124205,Wed Jul 07 14:42:04 PDT 2021,9,174,1
1625694423001,Wed Jul 07 14:47:03 PDT 2021,9,177,0
1625695767420,Wed Jul 07 15:09:27 PDT 2021,9,178,1
1625695474591,Wed Jul 07 15:04:34 PDT 2021,9,179,1
1625696250743,Wed Jul 07 15:17:30 PDT 2021,9,180,1
1625696563280,Wed Jul 07 15:22:43 PDT 2021,9,181,1
1625697601033,Wed Jul 07 15:40:01 PDT 2021,9,183,0
1625699302616,Wed Jul 07 16:08:22 PDT 2021,9,184,1
1625699947283,Wed Jul 07 16:19:07 PDT 2021,9,186,1
1625700167902,Wed Jul 07 16:22:47 PDT 2021,9,187,1
1625700279748,Wed Jul 07 16:24:39 PDT 2021,9,188,1
1625702773623,Wed Jul 07 17:06:13 PDT 2021,9,189,1
1625707415588,Wed Jul 07 18:23:35 PDT 2021,9,191,0
1625709874142,Wed Jul 07 19:04:34 PDT 2021,9,193,1
1625710546171,Wed Jul 07 19:15:46 PDT 2021,9,194,0
1625722885101,Wed Jul 07 22:41:25 PDT 2021,9,196,0
1625753002809,Thu Jul 08 07:03:22 PDT 2021,9,197,1
1625755484845,Thu Jul 08 07:44:44 PDT 2021,9,198,0
1625758742309,Thu Jul 08 08:39:02 PDT 2021,9,199,1
1625762698294,Thu Jul 08 09:44:58 PDT 2021,9,201,0
1625763634222,Thu Jul 08 10:00:34 PDT 2021,9,203,0
1625770274265,Thu Jul 08 11:51:14 PDT 2021,9,205,-1
1625781865555,Thu Jul 08 15:04:25 PDT 2021,9,207,1
1625783943734,Thu Jul 08 15:39:03 PDT 2021,9,208,1
1625786483072,Thu Jul 08 16:21:23 PDT 2021,9,209,1
1625788730361,Thu Jul 08 16:58:50 PDT 2021,9,210,1
1625796220825,Thu Jul 08 19:03:40 PDT 2021,9,212,0
1625844490532,Fri Jul 09 08:28:10 PDT 2021,9,215,1
1625853138256,Fri Jul 09 10:52:18 PDT 2021,9,216,1
1625855427610,Fri Jul 09 11:30:27 PDT 2021,9,217,1
1625864111087,Fri Jul 09 13:55:11 PDT 2021,9,218,1
1625868039848,Fri Jul 09 15:00:39 PDT 2021,9,219,1
1625921652803,Sat Jul 10 05:54:12 PDT 2021,9,223,1
1625922106627,Sat Jul 10 06:01:46 PDT 2021,9,224,1
1625929553913,Sat Jul 10 08:05:53 PDT 2021,9,226,0
1625932907959,Sat Jul 10 09:01:47 PDT 2021,9,227,0
1625939544213,Sat Jul 10 10:52:24 PDT 2021,9,228,1
1625961456067,Sat Jul 10 16:57:36 PDT 2021,9,231,1
1625965189437,Sat Jul 10 17:59:49 PDT 2021,9,232,0
1625971836057,Sat Jul 10 19:50:36 PDT 2021,9,233,0
1625982312257,Sat Jul 10 22:45:12 PDT 2021,9,234,-1
1626011677856,Sun Jul 11 06:54:37 PDT 2021,9,236,0
1626015167798,Sun Jul 11 07:52:47 PDT 2021,9,237,1
1626015366303,Sun Jul 11 07:56:06 PDT 2021,9,238,1
1626016595545,Sun Jul 11 08:16:35 PDT 2021,9,239,-1
1626027545555,Sun Jul 11 11:19:05 PDT 2021,9,240,1
1626031625041,Sun Jul 11 12:27:05 PDT 2021,9,241,-1
1626033701598,Sun Jul 11 13:01:41 PDT 2021,9,243,0
1626055917671,Sun Jul 11 19:11:57 PDT 2021,9,247,1
1626063041187,Sun Jul 11 21:10:41 PDT 2021,9,248,1
1626097172357,Mon Jul 12 06:39:32 PDT 2021,9,250,0
1626160080755,Tue Jul 13 00:08:00 PDT 2021,9,255,-1
1626184288560,Tue Jul 13 06:51:28 PDT 2021,9,256,1
1626198206858,Tue Jul 13 10:43:26 PDT 2021,9,257,0
1626641218893,Sun Jul 18 13:46:58 PDT 2021,9,258,-1
1626228143927,Tue Jul 13 19:02:23 PDT 2021,9,259,1
1626214187456,Tue Jul 13 15:09:47 PDT 2021,9,260,1
1626215464312,Tue Jul 13 15:31:04 PDT 2021,9,261,-1
1626221064677,Tue Jul 13 17:04:24 PDT 2021,9,263,-1
1626234602550,Tue Jul 13 20:50:02 PDT 2021,9,264,0
1626235413615,Tue Jul 13 21:03:33 PDT 2021,9,265,1
1626275991861,Wed Jul 14 08:19:51 PDT 2021,9,266,0
1626383670266,Thu Jul 15 14:14:30 PDT 2021,9,267,1
1626328223390,Wed Jul 14 22:50:23 PDT 2021,9,268,0
1626386164087,Thu Jul 15 14:56:04 PDT 2021,9,271,0
1626455599828,Fri Jul 16 10:13:19 PDT 2021,9,274,1
1626471082552,Fri Jul 16 14:31:22 PDT 2021,9,275,1
1626492712734,Fri Jul 16 20:31:52 PDT 2021,9,276,0
1626540704539,Sat Jul 17 09:51:44 PDT 2021,9,278,1
1626540483252,Sat Jul 17 09:48:03 PDT 2021,9,279,1
1626544906666,Sat Jul 17 11:01:46 PDT 2021,9,280,-1
1626552345056,Sat Jul 17 13:05:45 PDT 2021,9,281,1
1626553411050,Sat Jul 17 13:23:31 PDT 2021,9,282,1
1626568141940,Sat Jul 17 17:29:01 PDT 2021,9,284,-1
1626578198616,Sat Jul 17 20:16:38 PDT 2021,9,285,1
1626584640359,Sat Jul 17 22:04:00 PDT 2021,9,286,-1
1626713125529,Mon Jul 19 09:45:25 PDT 2021,9,288,1
1626716384443,Mon Jul 19 10:39:44 PDT 2021,9,290,-1
1626720405010,Mon Jul 19 11:46:45 PDT 2021,9,291,-1
1626733984421,Mon Jul 19 15:33:04 PDT 2021,9,292,0
1626737477235,Mon Jul 19 16:31:17 PDT 2021,9,294,1
1626751887294,Mon Jul 19 20:31:27 PDT 2021,9,295,1
1626791933832,Tue Jul 20 07:38:53 PDT 2021,9,296,0
1626798474891,Tue Jul 20 09:27:54 PDT 2021,9,298,1
1626908347809,Wed Jul 21 15:59:07 PDT 2021,9,299,-1
1626965241929,Thu Jul 22 07:47:21 PDT 2021,9,300,0
1627001326433,Thu Jul 22 17:48:46 PDT 2021,9,302,1
1627002395353,Thu Jul 22 18:06:35 PDT 2021,9,303,-1
1627007769791,Thu Jul 22 19:36:09 PDT 2021,9,304,1
1627008324674,Thu Jul 22 19:45:24 PDT 2021,9,305,1
1627083943534,Fri Jul 23 16:45:43 PDT 2021,9,309,-1
1627085566971,Fri Jul 23 17:12:46 PDT 2021,9,310,-1
1627087056375,Fri Jul 23 17:37:36 PDT 2021,9,311,-1
1627087786449,Fri Jul 23 17:49:46 PDT 2021,9,312,-1
1627099902856,Fri Jul 23 21:11:42 PDT 2021,9,313,-1
1627100948086,Fri Jul 23 21:29:08 PDT 2021,9,314,-1
1627101515514,Fri Jul 23 21:38:35 PDT 2021,9,315,-1
1627162913523,Sat Jul 24 14:41:53 PDT 2021,9,317,1
1627187237838,Sat Jul 24 21:27:17 PDT 2021,9,318,-1
1627191812684,Sat Jul 24 22:43:32 PDT 2021,9,319,-1
1627407266150,Tue Jul 27 10:34:26 PDT 2021,9,322,-1
1627409498195,Tue Jul 27 11:11:38 PDT 2021,9,323,-1
1627414882603,Tue Jul 27 12:41:22 PDT 2021,9,325,-1
1627424678022,Tue Jul 27 15:24:38 PDT 2021,9,326,0
1627439430928,Tue Jul 27 19:30:30 PDT 2021,9,327,0
1627451176340,Tue Jul 27 22:46:16 PDT 2021,9,328,-1
1627451506920,Tue Jul 27 22:51:46 PDT 2021,9,329,-1
1627502887482,Wed Jul 28 13:08:07 PDT 2021,9,332,-1
1627503046059,Wed Jul 28 13:10:46 PDT 2021,9,333,-1
1627504239458,Wed Jul 28 13:30:39 PDT 2021,9,334,-1
1627504984993,Wed Jul 28 13:43:04 PDT 2021,9,337,-1
1627505482934,Wed Jul 28 13:51:22 PDT 2021,9,339,-1
1627506619391,Wed Jul 28 14:10:19 PDT 2021,9,341,-1
1627506892719,Wed Jul 28 14:14:52 PDT 2021,9,342,1
1627508753978,Wed Jul 28 14:45:53 PDT 2021,9,343,-1
1627509887427,Wed Jul 28 15:04:47 PDT 2021,9,346,-1
1627515122341,Wed Jul 28 16:32:02 PDT 2021,9,348,1
1627515338234,Wed Jul 28 16:35:38 PDT 2021,9,350,1
1627522775770,Wed Jul 28 18:39:35 PDT 2021,9,353,1
1627521675041,Wed Jul 28 18:21:15 PDT 2021,9,356,1
1627529324912,Wed Jul 28 20:28:44 PDT 2021,9,357,-1
1627531532729,Wed Jul 28 21:05:32 PDT 2021,9,358,-1
1627535799711,Wed Jul 28 22:16:39 PDT 2021,9,361,1
1627536561467,Wed Jul 28 22:29:21 PDT 2021,9,363,0
1627543939374,Thu Jul 29 00:32:19 PDT 2021,9,364,1
1627573481592,Thu Jul 29 08:44:41 PDT 2021,9,366,-1
1627578245827,Thu Jul 29 10:04:05 PDT 2021,9,368,1
1627582875935,Thu Jul 29 11:21:15 PDT 2021,9,369,-1
1627585160178,Thu Jul 29 11:59:20 PDT 2021,9,372,0
1627586453462,Thu Jul 29 12:20:53 PDT 2021,9,373,1
1627608661031,Thu Jul 29 18:31:01 PDT 2021,9,376,1
1627613590216,Thu Jul 29 19:53:10 PDT 2021,9,378,0
1627617971679,Thu Jul 29 21:06:11 PDT 2021,9,379,-1
1627655308491,Fri Jul 30 07:28:28 PDT 2021,9,380,1
1627656034934,Fri Jul 30 07:40:34 PDT 2021,9,381,1
1627663926862,Fri Jul 30 09:52:06 PDT 2021,9,382,-1
1627666808792,Fri Jul 30 10:40:08 PDT 2021,9,384,1
1627676046253,Fri Jul 30 13:14:06 PDT 2021,9,386,1
1627675586339,Fri Jul 30 13:06:26 PDT 2021,9,387,-1
1627680115870,Fri Jul 30 14:21:55 PDT 2021,9,388,1
1627681408662,Fri Jul 30 14:43:28 PDT 2021,9,389,0
1627683989059,Fri Jul 30 15:26:29 PDT 2021,9,391,-1
1627684575395,Fri Jul 30 15:36:15 PDT 2021,9,392,-1
1627685203086,Fri Jul 30 15:46:43 PDT 2021,9,393,0
1627685203516,Fri Jul 30 15:46:43 PDT 2021,9,393,0
1627686052035,Fri Jul 30 16:00:52 PDT 2021,9,394,-1
1627702546401,Fri Jul 30 20:35:46 PDT 2021,9,396,0
1627752445292,Sat Jul 31 10:27:25 PDT 2021,9,397,-1
1627752573689,Sat Jul 31 10:29:33 PDT 2021,9,398,-1
1627756891798,Sat Jul 31 11:41:31 PDT 2021,9,399,0
1627769694540,Sat Jul 31 15:14:54 PDT 2021,9,401,1
1627771782592,Sat Jul 31 15:49:42 PDT 2021,9,402,-1
1627776034237,Sat Jul 31 17:00:34 PDT 2021,9,403,1
1627837666322,Sun Aug 01 10:07:46 PDT 2021,9,404,-1
1624995129490,Tue Jun 29 12:32:09 PDT 2021,10,0,-1
1624917493446,Mon Jun 28 14:58:13 PDT 2021,10,1,-1
1624924541858,Mon Jun 28 16:55:41 PDT 2021,10,2,1
1624978169141,Tue Jun 29 07:49:29 PDT 2021,10,3,0
1624980221792,Tue Jun 29 08:23:41 PDT 2021,10,5,-1
1624980958982,Tue Jun 29 08:35:58 PDT 2021,10,6,0
1624983168111,Tue Jun 29 09:12:48 PDT 2021,10,7,-1
1624995825214,Tue Jun 29 12:43:45 PDT 2021,10,9,0
1624996918876,Tue Jun 29 13:01:58 PDT 2021,10,10,-1
1624999619238,Tue Jun 29 13:46:59 PDT 2021,10,11,-1
1625000406235,Tue Jun 29 14:00:06 PDT 2021,10,12,-1
1625000306822,Tue Jun 29 13:58:26 PDT 2021,10,13,1
1625002215337,Tue Jun 29 14:30:15 PDT 2021,10,14,-1
1625003372377,Tue Jun 29 14:49:32 PDT 2021,10,15,-1
1625004287833,Tue Jun 29 15:04:47 PDT 2021,10,16,-1
1625007363658,Tue Jun 29 15:56:03 PDT 2021,10,17,-1
1625007494308,Tue Jun 29 15:58:14 PDT 2021,10,18,-1
1625008370584,Tue Jun 29 16:12:50 PDT 2021,10,19,-1
1625008703640,Tue Jun 29 16:18:23 PDT 2021,10,21,-1
1625009101166,Tue Jun 29 16:25:01 PDT 2021,10,22,-1
1625020078834,Tue Jun 29 19:27:58 PDT 2021,10,24,-1
1625019887593,Tue Jun 29 19:24:47 PDT 2021,10,25,-1
1625020089019,Tue Jun 29 19:28:09 PDT 2021,10,26,-1
1625022150007,Tue Jun 29 20:02:30 PDT 2021,10,27,0
1625055645683,Wed Jun 30 05:20:45 PDT 2021,10,28,-1
1625058156733,Wed Jun 30 06:02:36 PDT 2021,10,30,-1
1625065196570,Wed Jun 30 07:59:56 PDT 2021,10,33,-1
1625066585500,Wed Jun 30 08:23:05 PDT 2021,10,34,-1
1625068575131,Wed Jun 30 08:56:15 PDT 2021,10,35,-1
1625069434046,Wed Jun 30 09:10:34 PDT 2021,10,36,-1
1625071640098,Wed Jun 30 09:47:20 PDT 2021,10,37,-1
1625072234649,Wed Jun 30 09:57:14 PDT 2021,10,38,-1
1625082584874,Wed Jun 30 12:49:44 PDT 2021,10,40,-1
1625099384113,Wed Jun 30 17:29:44 PDT 2021,10,41,0
1625086714827,Wed Jun 30 13:58:34 PDT 2021,10,42,-1
1625090157120,Wed Jun 30 14:55:57 PDT 2021,10,43,-1
1625093130344,Wed Jun 30 15:45:30 PDT 2021,10,45,-1
1625095606440,Wed Jun 30 16:26:46 PDT 2021,10,46,1
1625095316836,Wed Jun 30 16:21:56 PDT 2021,10,47,-1
1625096081876,Wed Jun 30 16:34:41 PDT 2021,10,48,-1
1625099620345,Wed Jun 30 17:33:40 PDT 2021,10,50,-1
1625102794984,Wed Jun 30 18:26:34 PDT 2021,10,52,0
1625101821090,Wed Jun 30 18:10:21 PDT 2021,10,53,1
1625101571545,Wed Jun 30 18:06:11 PDT 2021,10,54,-1
1625108314503,Wed Jun 30 19:58:34 PDT 2021,10,55,-1
1625112290826,Wed Jun 30 21:04:50 PDT 2021,10,56,-1
1625116546874,Wed Jun 30 22:15:46 PDT 2021,10,57,-1
1625118191348,Wed Jun 30 22:43:11 PDT 2021,10,59,-1
1625150742001,Thu Jul 01 07:45:42 PDT 2021,10,61,0
1625151076751,Thu Jul 01 07:51:16 PDT 2021,10,62,-1
1625154313335,Thu Jul 01 08:45:13 PDT 2021,10,63,0
1625155997137,Thu Jul 01 09:13:17 PDT 2021,10,64,-1
1625158250470,Thu Jul 01 09:50:50 PDT 2021,10,65,-1
1625410932155,Sun Jul 04 08:02:12 PDT 2021,10,66,-1
1625159960022,Thu Jul 01 10:19:20 PDT 2021,10,68,-1
1625160027034,Thu Jul 01 10:20:27 PDT 2021,10,69,-1
1625168069099,Thu Jul 01 12:34:29 PDT 2021,10,70,-1
1625162847120,Thu Jul 01 11:07:27 PDT 2021,10,71,1
1625163432170,Thu Jul 01 11:17:12 PDT 2021,10,73,1
1625167016735,Thu Jul 01 12:16:56 PDT 2021,10,74,0
1625164199539,Thu Jul 01 11:29:59 PDT 2021,10,83,1
1625165208006,Thu Jul 01 11:46:48 PDT 2021,10,85,1
1625168744308,Thu Jul 01 12:45:44 PDT 2021,10,92,-1
1625174844487,Thu Jul 01 14:27:24 PDT 2021,10,94,0
1625179738422,Thu Jul 01 15:48:58 PDT 2021,10,95,-1
1625182810431,Thu Jul 01 16:40:10 PDT 2021,10,96,-1
1626145342773,Mon Jul 12 20:02:22 PDT 2021,10,98,0
1625191502397,Thu Jul 01 19:05:02 PDT 2021,10,100,-1
1625191074025,Thu Jul 01 18:57:54 PDT 2021,10,101,-1
1625199898746,Thu Jul 01 21:24:58 PDT 2021,10,102,0
1625238182702,Fri Jul 02 08:03:02 PDT 2021,10,103,1
1625241696071,Fri Jul 02 09:01:36 PDT 2021,10,104,-1
1625242328521,Fri Jul 02 09:12:08 PDT 2021,10,106,1
1625246468041,Fri Jul 02 10:21:08 PDT 2021,10,107,-1
1625266923598,Fri Jul 02 16:02:03 PDT 2021,10,111,-1
1625274754621,Fri Jul 02 18:12:34 PDT 2021,10,112,-1
1625329546596,Sat Jul 03 09:25:46 PDT 2021,10,118,0
1625334169423,Sat Jul 03 10:42:49 PDT 2021,10,119,-1
1625364947460,Sat Jul 03 19:15:47 PDT 2021,10,121,-1
1625365670551,Sat Jul 03 19:27:50 PDT 2021,10,122,1
1625366531036,Sat Jul 03 19:42:11 PDT 2021,10,123,-1
1625376044766,Sat Jul 03 22:20:44 PDT 2021,10,124,-1
1625383773821,Sun Jul 04 00:29:33 PDT 2021,10,125,-1
1625410159490,Sun Jul 04 07:49:19 PDT 2021,10,126,-1
1625414860190,Sun Jul 04 09:07:40 PDT 2021,10,127,0
1625425089306,Sun Jul 04 11:58:09 PDT 2021,10,131,0
1625429048105,Sun Jul 04 13:04:08 PDT 2021,10,132,-1
1625435993883,Sun Jul 04 14:59:53 PDT 2021,10,135,-1
1625436926777,Sun Jul 04 15:15:26 PDT 2021,10,136,-1
1625437056317,Sun Jul 04 15:17:36 PDT 2021,10,137,0
1625452209766,Sun Jul 04 19:30:09 PDT 2021,10,141,-1
1625463017117,Sun Jul 04 22:30:17 PDT 2021,10,145,-1
1625496704111,Mon Jul 05 07:51:44 PDT 2021,10,147,-1
1625593554044,Tue Jul 06 10:45:54 PDT 2021,10,151,-1
1625602963814,Tue Jul 06 13:22:43 PDT 2021,10,152,-1
1625614119832,Tue Jul 06 16:28:39 PDT 2021,10,153,-1
1625611752633,Tue Jul 06 15:49:12 PDT 2021,10,155,-1
1625627810381,Tue Jul 06 20:16:50 PDT 2021,10,156,-1
1625636118609,Tue Jul 06 22:35:18 PDT 2021,10,157,-1
1625673161248,Wed Jul 07 08:52:41 PDT 2021,10,160,-1
1625674800896,Wed Jul 07 09:20:00 PDT 2021,10,161,0
1625675624199,Wed Jul 07 09:33:44 PDT 2021,10,162,-1
1625676913360,Wed Jul 07 09:55:13 PDT 2021,10,163,-1
1625678725769,Wed Jul 07 10:25:25 PDT 2021,10,166,-1
1625694363576,Wed Jul 07 14:46:03 PDT 2021,10,173,-1
1625694335818,Wed Jul 07 14:45:35 PDT 2021,10,174,-1
1625696858040,Wed Jul 07 15:27:38 PDT 2021,10,181,-1
1625698839532,Wed Jul 07 16:00:39 PDT 2021,10,183,-1
1625699864972,Wed Jul 07 16:17:44 PDT 2021,10,184,-1
1625700013743,Wed Jul 07 16:20:13 PDT 2021,10,186,0
1625701008571,Wed Jul 07 16:36:48 PDT 2021,10,187,-1
1625700617378,Wed Jul 07 16:30:17 PDT 2021,10,188,-1
1625703184295,Wed Jul 07 17:13:04 PDT 2021,10,189,1
1625710391363,Wed Jul 07 19:13:11 PDT 2021,10,193,-1
1625711296047,Wed Jul 07 19:28:16 PDT 2021,10,194,1
1625723235693,Wed Jul 07 22:47:15 PDT 2021,10,196,-1
1625772877505,Thu Jul 08 12:34:37 PDT 2021,10,198,-1
1625759622382,Thu Jul 08 08:53:42 PDT 2021,10,199,-1
1625763077646,Thu Jul 08 09:51:17 PDT 2021,10,201,1
1625763534622,Thu Jul 08 09:58:54 PDT 2021,10,203,-1
1625770616990,Thu Jul 08 11:56:56 PDT 2021,10,205,-1
1625781620103,Thu Jul 08 15:00:20 PDT 2021,10,207,-1
1625784220751,Thu Jul 08 15:43:40 PDT 2021,10,208,-1
1625787100030,Thu Jul 08 16:31:40 PDT 2021,10,209,-1
1625845264480,Fri Jul 09 08:41:04 PDT 2021,10,215,-1
1625855380854,Fri Jul 09 11:29:40 PDT 2021,10,217,-1
1625864340412,Fri Jul 09 13:59:00 PDT 2021,10,218,-1
1625868560105,Fri Jul 09 15:09:20 PDT 2021,10,219,-1
1625921816946,Sat Jul 10 05:56:56 PDT 2021,10,223,-1
1625922479614,Sat Jul 10 06:07:59 PDT 2021,10,224,-1
1625929700825,Sat Jul 10 08:08:20 PDT 2021,10,226,-1
1625939195861,Sat Jul 10 10:46:35 PDT 2021,10,228,-1
1625961743590,Sat Jul 10 17:02:23 PDT 2021,10,231,-1
1625965909506,Sat Jul 10 18:11:49 PDT 2021,10,232,-1
1625971702446,Sat Jul 10 19:48:22 PDT 2021,10,233,-1
1625982543689,Sat Jul 10 22:49:03 PDT 2021,10,234,1
1626011550016,Sun Jul 11 06:52:30 PDT 2021,10,236,-1
1626015529652,Sun Jul 11 07:58:49 PDT 2021,10,237,-1
1626015524751,Sun Jul 11 07:58:44 PDT 2021,10,238,-1
1626018640047,Sun Jul 11 08:50:40 PDT 2021,10,239,1
1626027706810,Sun Jul 11 11:21:46 PDT 2021,10,240,-1
1626029815703,Sun Jul 11 11:56:55 PDT 2021,10,241,0
1626034014173,Sun Jul 11 13:06:54 PDT 2021,10,243,-1
1626063764110,Sun Jul 11 21:22:44 PDT 2021,10,248,-1
1626096918047,Mon Jul 12 06:35:18 PDT 2021,10,249,-1
1626097574999,Mon Jul 12 06:46:14 PDT 2021,10,250,1
1626160573659,Tue Jul 13 00:16:13 PDT 2021,10,255,-1
1626185103219,Tue Jul 13 07:05:03 PDT 2021,10,256,-1
1626214302904,Tue Jul 13 15:11:42 PDT 2021,10,260,-1
1626220923131,Tue Jul 13 17:02:03 PDT 2021,10,263,1
1626298347541,Wed Jul 14 14:32:27 PDT 2021,10,265,-1
1626384132228,Thu Jul 15 14:22:12 PDT 2021,10,267,0
1626328167551,Wed Jul 14 22:49:27 PDT 2021,10,268,-1
1626386352974,Thu Jul 15 14:59:12 PDT 2021,10,271,-1
1626456306145,Fri Jul 16 10:25:06 PDT 2021,10,274,-1
1626471923116,Fri Jul 16 14:45:23 PDT 2021,10,275,-1
1626493184403,Fri Jul 16 20:39:44 PDT 2021,10,276,1
1626540339056,Sat Jul 17 09:45:39 PDT 2021,10,278,-1
1626545791269,Sat Jul 17 11:16:31 PDT 2021,10,280,-1
1626552571473,Sat Jul 17 13:09:31 PDT 2021,10,281,-1
1626554018731,Sat Jul 17 13:33:38 PDT 2021,10,282,-1
1626568201962,Sat Jul 17 17:30:01 PDT 2021,10,284,-1
1626584934468,Sat Jul 17 22:08:54 PDT 2021,10,286,-1
1626713457232,Mon Jul 19 09:50:57 PDT 2021,10,288,-1
1626720797705,Mon Jul 19 11:53:17 PDT 2021,10,291,0
1626737873092,Mon Jul 19 16:37:53 PDT 2021,10,294,-1
1626752417788,Mon Jul 19 20:40:17 PDT 2021,10,295,-1
1626792596398,Tue Jul 20 07:49:56 PDT 2021,10,296,0
1626799236494,Tue Jul 20 09:40:36 PDT 2021,10,298,-1
1626910238361,Wed Jul 21 16:30:38 PDT 2021,10,299,-1
1626965255414,Thu Jul 22 07:47:35 PDT 2021,10,300,-1
1627000922528,Thu Jul 22 17:42:02 PDT 2021,10,302,-1
1627002702511,Thu Jul 22 18:11:42 PDT 2021,10,303,1
1627009190146,Thu Jul 22 19:59:50 PDT 2021,10,305,-1
1627083663809,Fri Jul 23 16:41:03 PDT 2021,10,309,-1
1627085791097,Fri Jul 23 17:16:31 PDT 2021,10,310,-1
1627087231353,Fri Jul 23 17:40:31 PDT 2021,10,311,-1
1627087715622,Fri Jul 23 17:48:35 PDT 2021,10,312,-1
1627100240052,Fri Jul 23 21:17:20 PDT 2021,10,313,-1
1627101234171,Fri Jul 23 21:33:54 PDT 2021,10,314,-1
1627102090500,Fri Jul 23 21:48:10 PDT 2021,10,315,-1
1627163335179,Sat Jul 24 14:48:55 PDT 2021,10,317,-1
1627188233207,Sat Jul 24 21:43:53 PDT 2021,10,318,1
1627191679097,Sat Jul 24 22:41:19 PDT 2021,10,319,0
1627407962048,Tue Jul 27 10:46:02 PDT 2021,10,322,-1
1627424499452,Tue Jul 27 15:21:39 PDT 2021,10,326,-1
1627439549429,Tue Jul 27 19:32:29 PDT 2021,10,327,0
1627451470811,Tue Jul 27 22:51:10 PDT 2021,10,329,1
1627505219316,Wed Jul 28 13:46:59 PDT 2021,10,337,-1
1627505910142,Wed Jul 28 13:58:30 PDT 2021,10,339,-1
1627506766767,Wed Jul 28 14:12:46 PDT 2021,10,341,-1
1627509217722,Wed Jul 28 14:53:37 PDT 2021,10,343,-1
1627508938382,Wed Jul 28 14:48:58 PDT 2021,10,345,0
1627515332754,Wed Jul 28 16:35:32 PDT 2021,10,348,-1
1627524301308,Wed Jul 28 19:05:01 PDT 2021,10,353,-1
1627521835991,Wed Jul 28 18:23:55 PDT 2021,10,356,-1
1627530614167,Wed Jul 28 20:50:14 PDT 2021,10,357,1
1627543366655,Thu Jul 29 00:22:46 PDT 2021,10,364,-1
1627574011657,Thu Jul 29 08:53:31 PDT 2021,10,366,1
1627586816063,Thu Jul 29 12:26:56 PDT 2021,10,373,-1
1627608919167,Thu Jul 29 18:35:19 PDT 2021,10,376,-1
1627655305485,Fri Jul 30 07:28:25 PDT 2021,10,380,-1
1627655869905,Fri Jul 30 07:37:49 PDT 2021,10,381,-1
1627664369850,Fri Jul 30 09:59:29 PDT 2021,10,382,0
1627666744445,Fri Jul 30 10:39:04 PDT 2021,10,384,-1
1627676251568,Fri Jul 30 13:17:31 PDT 2021,10,386,-1
1627680575486,Fri Jul 30 14:29:35 PDT 2021,10,388,-1
1627682894932,Fri Jul 30 15:08:14 PDT 2021,10,389,-1
1627703129719,Fri Jul 30 20:45:29 PDT 2021,10,396,-1
1627770446285,Sat Jul 31 15:27:26 PDT 2021,10,401,-1
1627772048588,Sat Jul 31 15:54:08 PDT 2021,10,402,0
1627776580946,Sat Jul 31 17:09:40 PDT 2021,10,403,-1
1627838128559,Sun Aug 01 10:15:28 PDT 2021,10,404,0
1624994887147,Tue Jun 29 12:28:07 PDT 2021,12,0,1
1624917383039,Mon Jun 28 14:56:23 PDT 2021,12,1,1
1624924572990,Mon Jun 28 16:56:12 PDT 2021,12,2,1
1624978205881,Tue Jun 29 07:50:05 PDT 2021,12,3,0
1624980245551,Tue Jun 29 08:24:05 PDT 2021,12,5,1
1624980883338,Tue Jun 29 08:34:43 PDT 2021,12,6,1
1624983049375,Tue Jun 29 09:10:49 PDT 2021,12,7,1
1624995628043,Tue Jun 29 12:40:28 PDT 2021,12,9,0
1624996951134,Tue Jun 29 13:02:31 PDT 2021,12,10,1
1624999082652,Tue Jun 29 13:38:02 PDT 2021,12,11,1
1625000309092,Tue Jun 29 13:58:29 PDT 2021,12,12,1
1625000264502,Tue Jun 29 13:57:44 PDT 2021,12,13,-1
1625002183409,Tue Jun 29 14:29:43 PDT 2021,12,14,1
1625003302795,Tue Jun 29 14:48:22 PDT 2021,12,15,1
1625004088159,Tue Jun 29 15:01:28 PDT 2021,12,16,1
1625007171216,Tue Jun 29 15:52:51 PDT 2021,12,17,1
1625007343028,Tue Jun 29 15:55:43 PDT 2021,12,18,1
1625008386773,Tue Jun 29 16:13:06 PDT 2021,12,19,1
1625008903923,Tue Jun 29 16:21:43 PDT 2021,12,21,1
1625008976024,Tue Jun 29 16:22:56 PDT 2021,12,22,1
1625019814927,Tue Jun 29 19:23:34 PDT 2021,12,24,1
1625019881119,Tue Jun 29 19:24:41 PDT 2021,12,25,1
1625020125107,Tue Jun 29 19:28:45 PDT 2021,12,26,1
1625022025314,Tue Jun 29 20:00:25 PDT 2021,12,27,1
1625055590798,Wed Jun 30 05:19:50 PDT 2021,12,28,1
1625057967175,Wed Jun 30 05:59:27 PDT 2021,12,30,1
1625064707084,Wed Jun 30 07:51:47 PDT 2021,12,33,1
1625066365305,Wed Jun 30 08:19:25 PDT 2021,12,34,1
1625068463941,Wed Jun 30 08:54:23 PDT 2021,12,35,1
1625069285594,Wed Jun 30 09:08:05 PDT 2021,12,36,1
1625071729034,Wed Jun 30 09:48:49 PDT 2021,12,37,1
1625071719420,Wed Jun 30 09:48:39 PDT 2021,12,38,1
1625082322490,Wed Jun 30 12:45:22 PDT 2021,12,40,1
1625099146057,Wed Jun 30 17:25:46 PDT 2021,12,41,0
1625086501326,Wed Jun 30 13:55:01 PDT 2021,12,42,1
1625090154334,Wed Jun 30 14:55:54 PDT 2021,12,43,1
1625092176714,Wed Jun 30 15:29:36 PDT 2021,12,44,1
1625093109358,Wed Jun 30 15:45:09 PDT 2021,12,45,1
1625094936867,Wed Jun 30 16:15:36 PDT 2021,12,46,1
1625094969513,Wed Jun 30 16:16:09 PDT 2021,12,47,1
1625096146393,Wed Jun 30 16:35:46 PDT 2021,12,48,1
1625099438214,Wed Jun 30 17:30:38 PDT 2021,12,50,1
1625101289921,Wed Jun 30 18:01:29 PDT 2021,12,52,1
1625101691373,Wed Jun 30 18:08:11 PDT 2021,12,53,1
1625101699321,Wed Jun 30 18:08:19 PDT 2021,12,54,1
1625108219777,Wed Jun 30 19:56:59 PDT 2021,12,55,1
1625112282132,Wed Jun 30 21:04:42 PDT 2021,12,56,1
1625115853676,Wed Jun 30 22:04:13 PDT 2021,12,57,1
1625117231814,Wed Jun 30 22:27:11 PDT 2021,12,58,0
1625117978055,Wed Jun 30 22:39:38 PDT 2021,12,59,0
1625150533737,Thu Jul 01 07:42:13 PDT 2021,12,61,1
1625151442253,Thu Jul 01 07:57:22 PDT 2021,12,62,1
1625154356971,Thu Jul 01 08:45:56 PDT 2021,12,63,1
1625155669666,Thu Jul 01 09:07:49 PDT 2021,12,64,1
1625157929603,Thu Jul 01 09:45:29 PDT 2021,12,65,1
1625410533336,Sun Jul 04 07:55:33 PDT 2021,12,66,1
1625159448474,Thu Jul 01 10:10:48 PDT 2021,12,68,1
1625160219370,Thu Jul 01 10:23:39 PDT 2021,12,69,1
1625167802798,Thu Jul 01 12:30:02 PDT 2021,12,70,1
1625162759094,Thu Jul 01 11:05:59 PDT 2021,12,71,-1
1625163476562,Thu Jul 01 11:17:56 PDT 2021,12,73,-1
1625164405887,Thu Jul 01 11:33:25 PDT 2021,12,74,0
1625164059655,Thu Jul 01 11:27:39 PDT 2021,12,83,-1
1625164912081,Thu Jul 01 11:41:52 PDT 2021,12,85,-1
1625165425916,Thu Jul 01 11:50:25 PDT 2021,12,86,1
1625168351934,Thu Jul 01 12:39:11 PDT 2021,12,92,1
1625174765722,Thu Jul 01 14:26:05 PDT 2021,12,94,1
1625175239754,Thu Jul 01 14:33:59 PDT 2021,12,95,1
1625182882359,Thu Jul 01 16:41:22 PDT 2021,12,96,1
1626144817762,Mon Jul 12 19:53:37 PDT 2021,12,98,-1
1625191169018,Thu Jul 01 18:59:29 PDT 2021,12,100,1
1625191012559,Thu Jul 01 18:56:52 PDT 2021,12,101,1
1625199591703,Thu Jul 01 21:19:51 PDT 2021,12,102,1
1625238171365,Fri Jul 02 08:02:51 PDT 2021,12,103,1
1625241378956,Fri Jul 02 08:56:18 PDT 2021,12,104,1
1625241639771,Fri Jul 02 09:00:39 PDT 2021,12,105,1
1625242151014,Fri Jul 02 09:09:11 PDT 2021,12,106,1
1625246355476,Fri Jul 02 10:19:15 PDT 2021,12,107,1
1625266517449,Fri Jul 02 15:55:17 PDT 2021,12,111,1
1625274702045,Fri Jul 02 18:11:42 PDT 2021,12,112,1
1625281792594,Fri Jul 02 20:09:52 PDT 2021,12,113,0
1625295565411,Fri Jul 02 23:59:25 PDT 2021,12,115,1
1625320428647,Sat Jul 03 06:53:48 PDT 2021,12,116,0
1625329121199,Sat Jul 03 09:18:41 PDT 2021,12,118,0
1625333629514,Sat Jul 03 10:33:49 PDT 2021,12,119,1
1625361769501,Sat Jul 03 18:22:49 PDT 2021,12,120,1
1625364796402,Sat Jul 03 19:13:16 PDT 2021,12,121,-1
1625365155474,Sat Jul 03 19:19:15 PDT 2021,12,122,-1
1625366257010,Sat Jul 03 19:37:37 PDT 2021,12,123,1
1625374558716,Sat Jul 03 21:55:58 PDT 2021,12,124,1
1625410155803,Sun Jul 04 07:49:15 PDT 2021,12,126,1
1625414463338,Sun Jul 04 09:01:03 PDT 2021,12,127,0
1625424599138,Sun Jul 04 11:49:59 PDT 2021,12,131,1
1625428741476,Sun Jul 04 12:59:01 PDT 2021,12,132,1
1625436052499,Sun Jul 04 15:00:52 PDT 2021,12,135,1
1625436688841,Sun Jul 04 15:11:28 PDT 2021,12,136,1
1625437211280,Sun Jul 04 15:20:11 PDT 2021,12,137,1
1625451846806,Sun Jul 04 19:24:06 PDT 2021,12,141,1
1625454640250,Sun Jul 04 20:10:40 PDT 2021,12,142,1
1625461171850,Sun Jul 04 21:59:31 PDT 2021,12,144,1
1625462699281,Sun Jul 04 22:24:59 PDT 2021,12,145,1
1625496338932,Mon Jul 05 07:45:38 PDT 2021,12,147,1
1625593978291,Tue Jul 06 10:52:58 PDT 2021,12,151,1
1625602594762,Tue Jul 06 13:16:34 PDT 2021,12,152,1
1625597980101,Tue Jul 06 11:59:40 PDT 2021,12,153,1
1625611203194,Tue Jul 06 15:40:03 PDT 2021,12,155,1
1625626988136,Tue Jul 06 20:03:08 PDT 2021,12,156,1
1625635704853,Tue Jul 06 22:28:24 PDT 2021,12,157,1
1625672931933,Wed Jul 07 08:48:51 PDT 2021,12,160,0
1625674503924,Wed Jul 07 09:15:03 PDT 2021,12,161,1
1625675099278,Wed Jul 07 09:24:59 PDT 2021,12,162,0
1625676520988,Wed Jul 07 09:48:40 PDT 2021,12,163,1
1625677410543,Wed Jul 07 10:03:30 PDT 2021,12,165,1
1625678032269,Wed Jul 07 10:13:52 PDT 2021,12,166,1
1625677671672,Wed Jul 07 10:07:51 PDT 2021,12,167,1
1625677796443,Wed Jul 07 10:09:56 PDT 2021,12,168,1
1625686280770,Wed Jul 07 12:31:20 PDT 2021,12,170,0
1625693898768,Wed Jul 07 14:38:18 PDT 2021,12,173,1
1625693767163,Wed Jul 07 14:36:07 PDT 2021,12,174,1
1625695743897,Wed Jul 07 15:09:03 PDT 2021,12,178,1
1625696399949,Wed Jul 07 15:19:59 PDT 2021,12,180,1
1625696742573,Wed Jul 07 15:25:42 PDT 2021,12,181,1
1625697738100,Wed Jul 07 15:42:18 PDT 2021,12,183,0
1625699809306,Wed Jul 07 16:16:49 PDT 2021,12,184,1
1625700100592,Wed Jul 07 16:21:40 PDT 2021,12,186,1
1625701088825,Wed Jul 07 16:38:08 PDT 2021,12,187,1
1625700773220,Wed Jul 07 16:32:53 PDT 2021,12,188,1
1625702522726,Wed Jul 07 17:02:02 PDT 2021,12,189,-1
1625709613378,Wed Jul 07 19:00:13 PDT 2021,12,191,0
1625710132477,Wed Jul 07 19:08:52 PDT 2021,12,193,1
1625710699935,Wed Jul 07 19:18:19 PDT 2021,12,194,0
1625722938563,Wed Jul 07 22:42:18 PDT 2021,12,196,1
1625752661535,Thu Jul 08 06:57:41 PDT 2021,12,197,1
1625755807140,Thu Jul 08 07:50:07 PDT 2021,12,198,1
1625759094186,Thu Jul 08 08:44:54 PDT 2021,12,199,1
1625762940465,Thu Jul 08 09:49:00 PDT 2021,12,201,0
1625763540076,Thu Jul 08 09:59:00 PDT 2021,12,203,1
1625770555131,Thu Jul 08 11:55:55 PDT 2021,12,205,1
1625781689689,Thu Jul 08 15:01:29 PDT 2021,12,207,1
1625784236380,Thu Jul 08 15:43:56 PDT 2021,12,208,1
1625786291656,Thu Jul 08 16:18:11 PDT 2021,12,209,1
1625787477978,Thu Jul 08 16:37:57 PDT 2021,12,210,1
1625796257280,Thu Jul 08 19:04:17 PDT 2021,12,212,0
1625801439079,Thu Jul 08 20:30:39 PDT 2021,12,213,0
1625844389294,Fri Jul 09 08:26:29 PDT 2021,12,215,1
1625856087163,Fri Jul 09 11:41:27 PDT 2021,12,217,1
1625863392864,Fri Jul 09 13:43:12 PDT 2021,12,218,1
1625868101012,Fri Jul 09 15:01:41 PDT 2021,12,219,1
1625921525301,Sat Jul 10 05:52:05 PDT 2021,12,223,1
1625922049393,Sat Jul 10 06:00:49 PDT 2021,12,224,1
1625928693846,Sat Jul 10 07:51:33 PDT 2021,12,226,1
1625932559289,Sat Jul 10 08:55:59 PDT 2021,12,227,0
1625939509343,Sat Jul 10 10:51:49 PDT 2021,12,228,1
1625964618246,Sat Jul 10 17:50:18 PDT 2021,12,232,1
1625971604274,Sat Jul 10 19:46:44 PDT 2021,12,233,1
1625982341270,Sat Jul 10 22:45:41 PDT 2021,12,234,1
1626011474023,Sun Jul 11 06:51:14 PDT 2021,12,236,1
1626015053109,Sun Jul 11 07:50:53 PDT 2021,12,237,1
1626015333252,Sun Jul 11 07:55:33 PDT 2021,12,238,1
1626018553272,Sun Jul 11 08:49:13 PDT 2021,12,239,-1
1626027668987,Sun Jul 11 11:21:08 PDT 2021,12,240,1
1626031779273,Sun Jul 11 12:29:39 PDT 2021,12,241,1
1626033533657,Sun Jul 11 12:58:53 PDT 2021,12,243,1
1626055827006,Sun Jul 11 19:10:27 PDT 2021,12,247,1
1626063095589,Sun Jul 11 21:11:35 PDT 2021,12,248,1
1626096912223,Mon Jul 12 06:35:12 PDT 2021,12,249,1
1626097253278,Mon Jul 12 06:40:53 PDT 2021,12,250,-1
1626160281085,Tue Jul 13 00:11:21 PDT 2021,12,255,1
1626184307018,Tue Jul 13 06:51:47 PDT 2021,12,256,1
1626198257899,Tue Jul 13 10:44:17 PDT 2021,12,257,0
1626641118552,Sun Jul 18 13:45:18 PDT 2021,12,258,0
1626227923788,Tue Jul 13 18:58:43 PDT 2021,12,259,1
1626214035414,Tue Jul 13 15:07:15 PDT 2021,12,260,1
1626220877630,Tue Jul 13 17:01:17 PDT 2021,12,263,-1
1626234448877,Tue Jul 13 20:47:28 PDT 2021,12,264,1
1626235349594,Tue Jul 13 21:02:29 PDT 2021,12,265,1
1626383778377,Thu Jul 15 14:16:18 PDT 2021,12,267,0
1626360719002,Thu Jul 15 07:51:59 PDT 2021,12,269,1
1626385887704,Thu Jul 15 14:51:27 PDT 2021,12,271,1
1626455562435,Fri Jul 16 10:12:42 PDT 2021,12,274,1
1626470865017,Fri Jul 16 14:27:45 PDT 2021,12,275,1
1626492924698,Fri Jul 16 20:35:24 PDT 2021,12,276,0
1626540874285,Sat Jul 17 09:54:34 PDT 2021,12,278,1
1626540725109,Sat Jul 17 09:52:05 PDT 2021,12,279,1
1626545174320,Sat Jul 17 11:06:14 PDT 2021,12,280,1
1626552578633,Sat Jul 17 13:09:38 PDT 2021,12,281,1
1626553607342,Sat Jul 17 13:26:47 PDT 2021,12,282,1
1626568224953,Sat Jul 17 17:30:24 PDT 2021,12,284,0
1626584622671,Sat Jul 17 22:03:42 PDT 2021,12,286,1
1626712966222,Mon Jul 19 09:42:46 PDT 2021,12,288,1
1626716627551,Mon Jul 19 10:43:47 PDT 2021,12,290,1
1626716627872,Mon Jul 19 10:43:47 PDT 2021,12,290,1
1626720354162,Mon Jul 19 11:45:54 PDT 2021,12,291,1
1626737666587,Mon Jul 19 16:34:26 PDT 2021,12,294,1
1626751863753,Mon Jul 19 20:31:03 PDT 2021,12,295,1
1626792157331,Tue Jul 20 07:42:37 PDT 2021,12,296,1
1626798729408,Tue Jul 20 09:32:09 PDT 2021,12,298,1
1626907976679,Wed Jul 21 15:52:56 PDT 2021,12,299,-1
1626965178936,Thu Jul 22 07:46:18 PDT 2021,12,300,0
1626919274905,Wed Jul 21 19:01:14 PDT 2021,12,301,-1
1627001281775,Thu Jul 22 17:48:01 PDT 2021,12,302,1
1627002570998,Thu Jul 22 18:09:30 PDT 2021,12,303,-1
1627009017200,Thu Jul 22 19:56:57 PDT 2021,12,305,1
1627083967774,Fri Jul 23 16:46:07 PDT 2021,12,309,1
1627085075718,Fri Jul 23 17:04:35 PDT 2021,12,310,1
1627086742438,Fri Jul 23 17:32:22 PDT 2021,12,311,1
1627088136309,Fri Jul 23 17:55:36 PDT 2021,12,312,1
1627099639713,Fri Jul 23 21:07:19 PDT 2021,12,313,1
1627100638611,Fri Jul 23 21:23:58 PDT 2021,12,314,1
1627101817399,Fri Jul 23 21:43:37 PDT 2021,12,315,1
1627163096136,Sat Jul 24 14:44:56 PDT 2021,12,317,1
1627187606698,Sat Jul 24 21:33:26 PDT 2021,12,318,1
1627191976268,Sat Jul 24 22:46:16 PDT 2021,12,319,1
1627407937905,Tue Jul 27 10:45:37 PDT 2021,12,322,1
1627410961085,Tue Jul 27 11:36:01 PDT 2021,12,323,1
1627414810467,Tue Jul 27 12:40:10 PDT 2021,12,325,1
1627697974467,Fri Jul 30 19:19:34 PDT 2021,12,326,1
1627439317739,Tue Jul 27 19:28:37 PDT 2021,12,327,-1
1627451234031,Tue Jul 27 22:47:14 PDT 2021,12,328,1
1627502554514,Wed Jul 28 13:02:34 PDT 2021,12,332,1
1627503051086,Wed Jul 28 13:10:51 PDT 2021,12,333,1
1627505271088,Wed Jul 28 13:47:51 PDT 2021,12,337,1
1627505837100,Wed Jul 28 13:57:17 PDT 2021,12,339,1
1627506759775,Wed Jul 28 14:12:39 PDT 2021,12,341,1
1627506728275,Wed Jul 28 14:12:08 PDT 2021,12,342,1
1627508651301,Wed Jul 28 14:44:11 PDT 2021,12,343,1
1627509417246,Wed Jul 28 14:56:57 PDT 2021,12,345,1
1627515244238,Wed Jul 28 16:34:04 PDT 2021,12,348,1
1627515289143,Wed Jul 28 16:34:49 PDT 2021,12,349,0
1627515456246,Wed Jul 28 16:37:36 PDT 2021,12,350,1
1627522832755,Wed Jul 28 18:40:32 PDT 2021,12,353,1
1627521956152,Wed Jul 28 18:25:56 PDT 2021,12,356,1
1627530017710,Wed Jul 28 20:40:17 PDT 2021,12,357,-1
1627531669077,Wed Jul 28 21:07:49 PDT 2021,12,358,-1
1627532441806,Wed Jul 28 21:20:41 PDT 2021,12,359,1
1627536423178,Wed Jul 28 22:27:03 PDT 2021,12,363,0
1627544100718,Thu Jul 29 00:35:00 PDT 2021,12,364,1
1627573453055,Thu Jul 29 08:44:13 PDT 2021,12,366,-1
1627577928271,Thu Jul 29 09:58:48 PDT 2021,12,368,1
1627585186226,Thu Jul 29 11:59:46 PDT 2021,12,372,-1
1627586738870,Thu Jul 29 12:25:38 PDT 2021,12,373,1
1627609011898,Thu Jul 29 18:36:51 PDT 2021,12,376,1
1627614013324,Thu Jul 29 20:00:13 PDT 2021,12,378,1
1627655335778,Fri Jul 30 07:28:55 PDT 2021,12,380,1
1627656505393,Fri Jul 30 07:48:25 PDT 2021,12,381,1
1627663595109,Fri Jul 30 09:46:35 PDT 2021,12,382,1
1627666706673,Fri Jul 30 10:38:26 PDT 2021,12,384,1
1627676049386,Fri Jul 30 13:14:09 PDT 2021,12,386,1
1627680059671,Fri Jul 30 14:20:59 PDT 2021,12,388,1
1627681493012,Fri Jul 30 14:44:53 PDT 2021,12,389,1
1627684353909,Fri Jul 30 15:32:33 PDT 2021,12,391,1
1627684525672,Fri Jul 30 15:35:25 PDT 2021,12,392,1
1627685475988,Fri Jul 30 15:51:15 PDT 2021,12,393,1
1627686239204,Fri Jul 30 16:03:59 PDT 2021,12,394,-1
1627702386172,Fri Jul 30 20:33:06 PDT 2021,12,396,1
1627752517539,Sat Jul 31 10:28:37 PDT 2021,12,398,0
1627769786477,Sat Jul 31 15:16:26 PDT 2021,12,401,1
1627772187356,Sat Jul 31 15:56:27 PDT 2021,12,402,0
1627775753559,Sat Jul 31 16:55:53 PDT 2021,12,403,0
1627837572314,Sun Aug 01 10:06:12 PDT 2021,12,404,1
1624994733856,Tue Jun 29 12:25:33 PDT 2021,13,0,-1
1624917595626,Mon Jun 28 14:59:55 PDT 2021,13,1,-1
1624924622288,Mon Jun 28 16:57:02 PDT 2021,13,2,-1
1624978151551,Tue Jun 29 07:49:11 PDT 2021,13,3,-1
1624980351216,Tue Jun 29 08:25:51 PDT 2021,13,5,-1
1624980987260,Tue Jun 29 08:36:27 PDT 2021,13,6,-1
1624983218833,Tue Jun 29 09:13:38 PDT 2021,13,7,0
1624994579398,Tue Jun 29 12:22:59 PDT 2021,14,0,1
1624917455544,Mon Jun 28 14:57:35 PDT 2021,14,1,1
1624924314164,Mon Jun 28 16:51:54 PDT 2021,14,2,1
1624978216392,Tue Jun 29 07:50:16 PDT 2021,14,3,-1
1624979899694,Tue Jun 29 08:18:19 PDT 2021,14,5,1
1624980783314,Tue Jun 29 08:33:03 PDT 2021,14,6,1
1624982916019,Tue Jun 29 09:08:36 PDT 2021,14,7,1
1624995194727,Tue Jun 29 12:33:14 PDT 2021,14,8,1
1624995622051,Tue Jun 29 12:40:22 PDT 2021,14,9,1
1624997020194,Tue Jun 29 13:03:40 PDT 2021,14,10,1
1624999060580,Tue Jun 29 13:37:40 PDT 2021,14,11,1
1625000186450,Tue Jun 29 13:56:26 PDT 2021,14,12,1
1625000373593,Tue Jun 29 13:59:33 PDT 2021,14,13,1
1625000709134,Tue Jun 29 14:05:09 PDT 2021,14,14,1
1625003316958,Tue Jun 29 14:48:36 PDT 2021,14,15,1
1625004057291,Tue Jun 29 15:00:57 PDT 2021,14,16,1
1625007464709,Tue Jun 29 15:57:44 PDT 2021,14,17,1
1625007408956,Tue Jun 29 15:56:48 PDT 2021,14,18,1
1625008486802,Tue Jun 29 16:14:46 PDT 2021,14,19,1
1625008925958,Tue Jun 29 16:22:05 PDT 2021,14,21,-1
1625008960996,Tue Jun 29 16:22:40 PDT 2021,14,22,1
1625019876794,Tue Jun 29 19:24:36 PDT 2021,14,24,0
1625019738440,Tue Jun 29 19:22:18 PDT 2021,14,25,1
1625019968662,Tue Jun 29 19:26:08 PDT 2021,14,26,1
1625021940153,Tue Jun 29 19:59:00 PDT 2021,14,27,0
1625055612388,Wed Jun 30 05:20:12 PDT 2021,14,28,1
1625058005924,Wed Jun 30 06:00:05 PDT 2021,14,30,0
1625064808211,Wed Jun 30 07:53:28 PDT 2021,14,33,1
1625066627267,Wed Jun 30 08:23:47 PDT 2021,14,34,1
1625068278672,Wed Jun 30 08:51:18 PDT 2021,14,35,1
1625069164426,Wed Jun 30 09:06:04 PDT 2021,14,36,1
1625071754803,Wed Jun 30 09:49:14 PDT 2021,14,37,1
1625072096442,Wed Jun 30 09:54:56 PDT 2021,14,38,0
1625082388844,Wed Jun 30 12:46:28 PDT 2021,14,40,1
1625099097988,Wed Jun 30 17:24:57 PDT 2021,14,41,-1
1625086615460,Wed Jun 30 13:56:55 PDT 2021,14,42,1
1625089550597,Wed Jun 30 14:45:50 PDT 2021,14,43,1
1625092858128,Wed Jun 30 15:40:58 PDT 2021,14,45,1
1625095399402,Wed Jun 30 16:23:19 PDT 2021,14,46,1
1625095198724,Wed Jun 30 16:19:58 PDT 2021,14,47,1
1625096033957,Wed Jun 30 16:33:53 PDT 2021,14,48,1
1625099565758,Wed Jun 30 17:32:45 PDT 2021,14,50,1
1625101357522,Wed Jun 30 18:02:37 PDT 2021,14,52,1
1625101805308,Wed Jun 30 18:10:05 PDT 2021,14,53,1
1625101642353,Wed Jun 30 18:07:22 PDT 2021,14,54,1
1625108210657,Wed Jun 30 19:56:50 PDT 2021,14,55,1
1625116048508,Wed Jun 30 22:07:28 PDT 2021,14,57,1
1625117154661,Wed Jun 30 22:25:54 PDT 2021,14,58,0
1625118338716,Wed Jun 30 22:45:38 PDT 2021,14,59,-1
1625150921814,Thu Jul 01 07:48:41 PDT 2021,14,61,1
1625151202610,Thu Jul 01 07:53:22 PDT 2021,14,62,1
1625154393659,Thu Jul 01 08:46:33 PDT 2021,14,63,1
1625155817312,Thu Jul 01 09:10:17 PDT 2021,14,64,0
1625157944473,Thu Jul 01 09:45:44 PDT 2021,14,65,0
1625410416279,Sun Jul 04 07:53:36 PDT 2021,14,66,1
1625159557638,Thu Jul 01 10:12:37 PDT 2021,14,68,1
1625160188105,Thu Jul 01 10:23:08 PDT 2021,14,69,1
1625159978826,Thu Jul 01 10:19:38 PDT 2021,14,70,1
1625161944518,Thu Jul 01 10:52:24 PDT 2021,14,71,-1
1625163453785,Thu Jul 01 11:17:33 PDT 2021,14,73,-1
1625166977770,Thu Jul 01 12:16:17 PDT 2021,14,74,0
1625163870188,Thu Jul 01 11:24:30 PDT 2021,14,80,-1
1625164583783,Thu Jul 01 11:36:23 PDT 2021,14,85,-1
1625165368425,Thu Jul 01 11:49:28 PDT 2021,14,86,1
1625168303695,Thu Jul 01 12:38:23 PDT 2021,14,92,1
1625173524922,Thu Jul 01 14:05:24 PDT 2021,14,93,1
1625175247082,Thu Jul 01 14:34:07 PDT 2021,14,94,1
1625175245735,Thu Jul 01 14:34:05 PDT 2021,14,95,1
1625182975755,Thu Jul 01 16:42:55 PDT 2021,14,96,1
1625186007870,Thu Jul 01 17:33:27 PDT 2021,14,98,1
1625189869575,Thu Jul 01 18:37:49 PDT 2021,14,99,1
1625190414297,Thu Jul 01 18:46:54 PDT 2021,14,100,1
1625190993478,Thu Jul 01 18:56:33 PDT 2021,14,101,1
1625199852980,Thu Jul 01 21:24:12 PDT 2021,14,102,1
1625238152045,Fri Jul 02 08:02:32 PDT 2021,14,103,0
1625241858536,Fri Jul 02 09:04:18 PDT 2021,14,104,1
1625242236683,Fri Jul 02 09:10:36 PDT 2021,14,106,0
1625245596930,Fri Jul 02 10:06:36 PDT 2021,14,107,1
1625251543990,Fri Jul 02 11:45:43 PDT 2021,14,108,1
1625266823511,Fri Jul 02 16:00:23 PDT 2021,14,111,1
1625274317530,Fri Jul 02 18:05:17 PDT 2021,14,112,1
1625281821939,Fri Jul 02 20:10:21 PDT 2021,14,113,0
1625295366379,Fri Jul 02 23:56:06 PDT 2021,14,115,0
1625328999385,Sat Jul 03 09:16:39 PDT 2021,14,118,-1
1625333414956,Sat Jul 03 10:30:14 PDT 2021,14,119,1
1625362267171,Sat Jul 03 18:31:07 PDT 2021,14,120,1
1625364406802,Sat Jul 03 19:06:46 PDT 2021,14,121,-1
1625365571600,Sat Jul 03 19:26:11 PDT 2021,14,122,-1
1625366339902,Sat Jul 03 19:38:59 PDT 2021,14,123,1
1625375918538,Sat Jul 03 22:18:38 PDT 2021,14,124,1
1625413635951,Sun Jul 04 08:47:15 PDT 2021,14,127,1
1625424327264,Sun Jul 04 11:45:27 PDT 2021,14,131,1
1625428817115,Sun Jul 04 13:00:17 PDT 2021,14,132,1
1625428831090,Sun Jul 04 13:00:31 PDT 2021,14,133,1
1625435950053,Sun Jul 04 14:59:10 PDT 2021,14,135,0
1625435994606,Sun Jul 04 14:59:54 PDT 2021,14,136,1
1625436899382,Sun Jul 04 15:14:59 PDT 2021,14,137,1
1625452127511,Sun Jul 04 19:28:47 PDT 2021,14,141,1
1625460949652,Sun Jul 04 21:55:49 PDT 2021,14,144,1
1625462884232,Sun Jul 04 22:28:04 PDT 2021,14,145,1
1625496018407,Mon Jul 05 07:40:18 PDT 2021,14,147,1
1625528649207,Mon Jul 05 16:44:09 PDT 2021,14,148,1
1625593840244,Tue Jul 06 10:50:40 PDT 2021,14,151,1
1625602537149,Tue Jul 06 13:15:37 PDT 2021,14,152,1
1625597977175,Tue Jul 06 11:59:37 PDT 2021,14,153,1
1625611663302,Tue Jul 06 15:47:43 PDT 2021,14,155,1
1625627650037,Tue Jul 06 20:14:10 PDT 2021,14,156,1
1625635723221,Tue Jul 06 22:28:43 PDT 2021,14,157,1
1625672693997,Wed Jul 07 08:44:53 PDT 2021,14,160,0
1625674700026,Wed Jul 07 09:18:20 PDT 2021,14,161,1
1625674900164,Wed Jul 07 09:21:40 PDT 2021,14,162,1
1625676691172,Wed Jul 07 09:51:31 PDT 2021,14,163,1
1625677669697,Wed Jul 07 10:07:49 PDT 2021,14,166,1
1625694108634,Wed Jul 07 14:41:48 PDT 2021,14,173,1
1625694072793,Wed Jul 07 14:41:12 PDT 2021,14,174,1
1625696309023,Wed Jul 07 15:18:29 PDT 2021,14,180,1
1625696727985,Wed Jul 07 15:25:27 PDT 2021,14,181,0
1625697902795,Wed Jul 07 15:45:02 PDT 2021,14,183,1
1625699654585,Wed Jul 07 16:14:14 PDT 2021,14,184,1
1625699754957,Wed Jul 07 16:15:54 PDT 2021,14,186,1
1625700492175,Wed Jul 07 16:28:12 PDT 2021,14,187,1
1625700743740,Wed Jul 07 16:32:23 PDT 2021,14,188,1
1625702938106,Wed Jul 07 17:08:58 PDT 2021,14,189,1
1625709623609,Wed Jul 07 19:00:23 PDT 2021,14,191,1
1625710432799,Wed Jul 07 19:13:52 PDT 2021,14,193,1
1625710238917,Wed Jul 07 19:10:38 PDT 2021,14,194,1
1625714449716,Wed Jul 07 20:20:49 PDT 2021,14,195,1
1625722984803,Wed Jul 07 22:43:04 PDT 2021,14,196,1
1625752602694,Thu Jul 08 06:56:42 PDT 2021,14,197,1
1625755309157,Thu Jul 08 07:41:49 PDT 2021,14,198,1
1625759408428,Thu Jul 08 08:50:08 PDT 2021,14,199,1
1625760188276,Thu Jul 08 09:03:08 PDT 2021,14,200,0
1625762641705,Thu Jul 08 09:44:01 PDT 2021,14,201,1
1625763397459,Thu Jul 08 09:56:37 PDT 2021,14,203,1
1625770184936,Thu Jul 08 11:49:44 PDT 2021,14,205,1
1625781782062,Thu Jul 08 15:03:02 PDT 2021,14,207,1
1625784234234,Thu Jul 08 15:43:54 PDT 2021,14,208,1
1625786360325,Thu Jul 08 16:19:20 PDT 2021,14,209,1
1625805460581,Thu Jul 08 21:37:40 PDT 2021,14,214,1
1625845130140,Fri Jul 09 08:38:50 PDT 2021,14,215,1
1625855441298,Fri Jul 09 11:30:41 PDT 2021,14,217,1
1625863831215,Fri Jul 09 13:50:31 PDT 2021,14,218,1
1625868255752,Fri Jul 09 15:04:15 PDT 2021,14,219,0
1625921626261,Sat Jul 10 05:53:46 PDT 2021,14,223,0
1625922008164,Sat Jul 10 06:00:08 PDT 2021,14,224,1
1625926542128,Sat Jul 10 07:15:42 PDT 2021,14,225,1
1625928985416,Sat Jul 10 07:56:25 PDT 2021,14,226,1
1625939986502,Sat Jul 10 10:59:46 PDT 2021,14,228,1
1625957583443,Sat Jul 10 15:53:03 PDT 2021,14,230,1
1625961640553,Sat Jul 10 17:00:40 PDT 2021,14,231,1
1625964408681,Sat Jul 10 17:46:48 PDT 2021,14,232,1
1625971788105,Sat Jul 10 19:49:48 PDT 2021,14,233,0
1625982322382,Sat Jul 10 22:45:22 PDT 2021,14,234,1
1626011361126,Sun Jul 11 06:49:21 PDT 2021,14,236,1
1626015199782,Sun Jul 11 07:53:19 PDT 2021,14,237,1
1626015097491,Sun Jul 11 07:51:37 PDT 2021,14,238,1
1626018248027,Sun Jul 11 08:44:08 PDT 2021,14,239,1
1626027506726,Sun Jul 11 11:18:26 PDT 2021,14,240,1
1626031896602,Sun Jul 11 12:31:36 PDT 2021,14,241,1
1626033239364,Sun Jul 11 12:53:59 PDT 2021,14,243,0
1626041761442,Sun Jul 11 15:16:01 PDT 2021,14,245,1
1626050937361,Sun Jul 11 17:48:57 PDT 2021,14,246,1
1626055732480,Sun Jul 11 19:08:52 PDT 2021,14,247,1
1626063278612,Sun Jul 11 21:14:38 PDT 2021,14,248,1
1626097331012,Mon Jul 12 06:42:11 PDT 2021,14,250,1
1626100970667,Mon Jul 12 07:42:50 PDT 2021,14,251,1
1626160484400,Tue Jul 13 00:14:44 PDT 2021,14,255,1
1626184485389,Tue Jul 13 06:54:45 PDT 2021,14,256,1
1626197978901,Tue Jul 13 10:39:38 PDT 2021,14,257,1
1626641168132,Sun Jul 18 13:46:08 PDT 2021,14,258,1
1626213941805,Tue Jul 13 15:05:41 PDT 2021,14,260,1
1627697028388,Fri Jul 30 19:03:48 PDT 2021,14,261,1
1626220688303,Tue Jul 13 16:58:08 PDT 2021,14,263,1
1626235504335,Tue Jul 13 21:05:04 PDT 2021,14,265,1
1626383244378,Thu Jul 15 14:07:24 PDT 2021,14,267,1
1626361089753,Thu Jul 15 07:58:09 PDT 2021,14,269,0
1626386196022,Thu Jul 15 14:56:36 PDT 2021,14,271,0
1626455373928,Fri Jul 16 10:09:33 PDT 2021,14,274,1
1626471147149,Fri Jul 16 14:32:27 PDT 2021,14,275,1
1626492584275,Fri Jul 16 20:29:44 PDT 2021,14,276,-1
1626541062070,Sat Jul 17 09:57:42 PDT 2021,14,278,1
1626540657052,Sat Jul 17 09:50:57 PDT 2021,14,279,1
1626545518144,Sat Jul 17 11:11:58 PDT 2021,14,280,0
1626552274288,Sat Jul 17 13:04:34 PDT 2021,14,281,1
1626553422125,Sat Jul 17 13:23:42 PDT 2021,14,282,1
1626568362392,Sat Jul 17 17:32:42 PDT 2021,14,284,1
1626584582525,Sat Jul 17 22:03:02 PDT 2021,14,286,1
1626712944206,Mon Jul 19 09:42:24 PDT 2021,14,288,1
1626716591629,Mon Jul 19 10:43:11 PDT 2021,14,290,1
1626719762726,Mon Jul 19 11:36:02 PDT 2021,14,291,1
1626724081046,Mon Jul 19 12:48:01 PDT 2021,14,292,0
1626737311096,Mon Jul 19 16:28:31 PDT 2021,14,294,1
1626752403647,Mon Jul 19 20:40:03 PDT 2021,14,295,1
1626792103106,Tue Jul 20 07:41:43 PDT 2021,14,296,1
1626798468762,Tue Jul 20 09:27:48 PDT 2021,14,298,1
1626909412331,Wed Jul 21 16:16:52 PDT 2021,14,299,1
1626965158700,Thu Jul 22 07:45:58 PDT 2021,14,300,0
1627001488281,Thu Jul 22 17:51:28 PDT 2021,14,302,1
1627002341919,Thu Jul 22 18:05:41 PDT 2021,14,303,-1
1627007725355,Thu Jul 22 19:35:25 PDT 2021,14,304,-1
1627008758461,Thu Jul 22 19:52:38 PDT 2021,14,305,1
1627084121135,Fri Jul 23 16:48:41 PDT 2021,14,309,-1
1627084959650,Fri Jul 23 17:02:39 PDT 2021,14,310,-1
1627086821991,Fri Jul 23 17:33:41 PDT 2021,14,311,-1
1627087705748,Fri Jul 23 17:48:25 PDT 2021,14,312,-1
1627100165788,Fri Jul 23 21:16:05 PDT 2021,14,313,-1
1627100834230,Fri Jul 23 21:27:14 PDT 2021,14,314,-1
1627101595571,Fri Jul 23 21:39:55 PDT 2021,14,315,-1
1627162505861,Sat Jul 24 14:35:05 PDT 2021,14,317,1
1627187281756,Sat Jul 24 21:28:01 PDT 2021,14,318,1
1627191621763,Sat Jul 24 22:40:21 PDT 2021,14,319,1
1627407590246,Tue Jul 27 10:39:50 PDT 2021,14,322,1
1627414930543,Tue Jul 27 12:42:10 PDT 2021,14,325,1
1627425721204,Tue Jul 27 15:42:01 PDT 2021,14,326,0
1627439577605,Tue Jul 27 19:32:57 PDT 2021,14,327,1
1627451120294,Tue Jul 27 22:45:20 PDT 2021,14,328,1
1627501582634,Wed Jul 28 12:46:22 PDT 2021,14,332,1
1627503128748,Wed Jul 28 13:12:08 PDT 2021,14,334,1
1627504981097,Wed Jul 28 13:43:01 PDT 2021,14,337,1
1627505756961,Wed Jul 28 13:55:56 PDT 2021,14,339,1
1627506785222,Wed Jul 28 14:13:05 PDT 2021,14,341,1
1627508861827,Wed Jul 28 14:47:41 PDT 2021,14,343,-1
1627515028413,Wed Jul 28 16:30:28 PDT 2021,14,348,1
1627523506286,Wed Jul 28 18:51:46 PDT 2021,14,353,1
1627521788707,Wed Jul 28 18:23:08 PDT 2021,14,356,0
1627529529395,Wed Jul 28 20:32:09 PDT 2021,14,357,1
1627532140166,Wed Jul 28 21:15:40 PDT 2021,14,358,1
1627536094810,Wed Jul 28 22:21:34 PDT 2021,14,361,1
1627544736389,Thu Jul 29 00:45:36 PDT 2021,14,364,1
1627568308941,Thu Jul 29 07:18:28 PDT 2021,14,365,1
1627573718226,Thu Jul 29 08:48:38 PDT 2021,14,366,1
1627578760054,Thu Jul 29 10:12:40 PDT 2021,14,368,1
1627583757043,Thu Jul 29 11:35:57 PDT 2021,14,371,1
1627586868829,Thu Jul 29 12:27:48 PDT 2021,14,373,1
1627595398825,Thu Jul 29 14:49:58 PDT 2021,14,375,1
1627608671382,Thu Jul 29 18:31:11 PDT 2021,14,376,1
1627613794251,Thu Jul 29 19:56:34 PDT 2021,14,378,0
1627655990330,Fri Jul 30 07:39:50 PDT 2021,14,380,1
1627656464658,Fri Jul 30 07:47:44 PDT 2021,14,381,0
1627664013541,Fri Jul 30 09:53:33 PDT 2021,14,382,1
1627667268099,Fri Jul 30 10:47:48 PDT 2021,14,384,1
1627675185154,Fri Jul 30 12:59:45 PDT 2021,14,386,1
1627676034038,Fri Jul 30 13:13:54 PDT 2021,14,387,1
1627680650026,Fri Jul 30 14:30:50 PDT 2021,14,388,1
1627681563919,Fri Jul 30 14:46:03 PDT 2021,14,389,1
1627686215325,Fri Jul 30 16:03:35 PDT 2021,14,394,1
1627689996556,Fri Jul 30 17:06:36 PDT 2021,14,395,0
1627702987437,Fri Jul 30 20:43:07 PDT 2021,14,396,0
1627752571988,Sat Jul 31 10:29:31 PDT 2021,14,398,1
1627759695205,Sat Jul 31 12:28:15 PDT 2021,14,400,1
1627770143253,Sat Jul 31 15:22:23 PDT 2021,14,401,0
1627772021168,Sat Jul 31 15:53:41 PDT 2021,14,402,1
1627776577146,Sat Jul 31 17:09:37 PDT 2021,14,403,1
1627838032896,Sun Aug 01 10:13:52 PDT 2021,14,404,1
1624994912717,Tue Jun 29 12:28:32 PDT 2021,15,0,1
1624917547697,Mon Jun 28 14:59:07 PDT 2021,15,1,1
1624924538361,Mon Jun 28 16:55:38 PDT 2021,15,2,1
1624978290592,Tue Jun 29 07:51:30 PDT 2021,15,3,1
1624980285853,Tue Jun 29 08:24:45 PDT 2021,15,5,1
1624980878842,Tue Jun 29 08:34:38 PDT 2021,15,6,1
1624983079224,Tue Jun 29 09:11:19 PDT 2021,15,7,1
1624995583202,Tue Jun 29 12:39:43 PDT 2021,15,9,1
1624997086948,Tue Jun 29 13:04:46 PDT 2021,15,10,1
1624999095795,Tue Jun 29 13:38:15 PDT 2021,15,11,1
1625000266476,Tue Jun 29 13:57:46 PDT 2021,15,12,1
1625000291131,Tue Jun 29 13:58:11 PDT 2021,15,13,1
1625001946866,Tue Jun 29 14:25:46 PDT 2021,15,14,1
1625003378961,Tue Jun 29 14:49:38 PDT 2021,15,15,1
1625003966543,Tue Jun 29 14:59:26 PDT 2021,15,16,0
1625007291083,Tue Jun 29 15:54:51 PDT 2021,15,17,1
1625007361488,Tue Jun 29 15:56:01 PDT 2021,15,18,1
1625008537256,Tue Jun 29 16:15:37 PDT 2021,15,19,1
1625008696902,Tue Jun 29 16:18:16 PDT 2021,15,21,1
1625009200270,Tue Jun 29 16:26:40 PDT 2021,15,22,0
1625020007211,Tue Jun 29 19:26:47 PDT 2021,15,24,1
1625019767143,Tue Jun 29 19:22:47 PDT 2021,15,25,1
1625019887798,Tue Jun 29 19:24:47 PDT 2021,15,26,1
1625021685072,Tue Jun 29 19:54:45 PDT 2021,15,27,0
1625055641566,Wed Jun 30 05:20:41 PDT 2021,15,28,1
1625057937235,Wed Jun 30 05:58:57 PDT 2021,15,30,1
1625064615292,Wed Jun 30 07:50:15 PDT 2021,15,33,1
1625066347112,Wed Jun 30 08:19:07 PDT 2021,15,34,0
1625068409075,Wed Jun 30 08:53:29 PDT 2021,15,35,1
1625069188001,Wed Jun 30 09:06:28 PDT 2021,15,36,1
1625071901625,Wed Jun 30 09:51:41 PDT 2021,15,37,1
1625071993613,Wed Jun 30 09:53:13 PDT 2021,15,38,0
1625082527531,Wed Jun 30 12:48:47 PDT 2021,15,40,1
1625099393114,Wed Jun 30 17:29:53 PDT 2021,15,41,-1
1625085934762,Wed Jun 30 13:45:34 PDT 2021,15,42,0
1625090064882,Wed Jun 30 14:54:24 PDT 2021,15,43,1
1625092929323,Wed Jun 30 15:42:09 PDT 2021,15,45,1
1625095028366,Wed Jun 30 16:17:08 PDT 2021,15,46,1
1625095074883,Wed Jun 30 16:17:54 PDT 2021,15,47,1
1625095767471,Wed Jun 30 16:29:27 PDT 2021,15,48,1
1625099446933,Wed Jun 30 17:30:46 PDT 2021,15,50,1
1625101273823,Wed Jun 30 18:01:13 PDT 2021,15,52,1
1625101693936,Wed Jun 30 18:08:13 PDT 2021,15,53,1
1625101692388,Wed Jun 30 18:08:12 PDT 2021,15,54,1
1625108317581,Wed Jun 30 19:58:37 PDT 2021,15,55,1
1625112190047,Wed Jun 30 21:03:10 PDT 2021,15,56,1
1625116100368,Wed Jun 30 22:08:20 PDT 2021,15,57,1
1625117597678,Wed Jun 30 22:33:17 PDT 2021,15,58,1
1625118033216,Wed Jun 30 22:40:33 PDT 2021,15,59,0
1625150627186,Thu Jul 01 07:43:47 PDT 2021,15,61,1
1625151364642,Thu Jul 01 07:56:04 PDT 2021,15,62,1
1625153391022,Thu Jul 01 08:29:51 PDT 2021,15,63,1
1625155790413,Thu Jul 01 09:09:50 PDT 2021,15,64,1
1625158154963,Thu Jul 01 09:49:14 PDT 2021,15,65,1
1625158743048,Thu Jul 01 09:59:03 PDT 2021,15,66,1
1625159854479,Thu Jul 01 10:17:34 PDT 2021,15,68,1
1625160023545,Thu Jul 01 10:20:23 PDT 2021,15,69,1
1625160039873,Thu Jul 01 10:20:39 PDT 2021,15,70,1
1625161500050,Thu Jul 01 10:45:00 PDT 2021,15,71,0
1625163606453,Thu Jul 01 11:20:06 PDT 2021,15,73,1
1625164454133,Thu Jul 01 11:34:14 PDT 2021,15,74,0
1625163920973,Thu Jul 01 11:25:20 PDT 2021,15,80,-1
1625164966305,Thu Jul 01 11:42:46 PDT 2021,15,85,1
1625165402827,Thu Jul 01 11:50:02 PDT 2021,15,86,1
1625165779831,Thu Jul 01 11:56:19 PDT 2021,15,88,1
1625166040773,Thu Jul 01 12:00:40 PDT 2021,15,90,1
1625168400952,Thu Jul 01 12:40:00 PDT 2021,15,92,1
1625173747612,Thu Jul 01 14:09:07 PDT 2021,15,93,1
1625175123145,Thu Jul 01 14:32:03 PDT 2021,15,94,1
1625175094674,Thu Jul 01 14:31:34 PDT 2021,15,95,1
1625182631158,Thu Jul 01 16:37:11 PDT 2021,15,96,1
1626140701493,Mon Jul 12 18:45:01 PDT 2021,15,98,1
1625190924014,Thu Jul 01 18:55:24 PDT 2021,15,100,1
1625190855176,Thu Jul 01 18:54:15 PDT 2021,15,101,1
1625199801889,Thu Jul 01 21:23:21 PDT 2021,15,102,1
1625238203224,Fri Jul 02 08:03:23 PDT 2021,15,103,1
1625241375499,Fri Jul 02 08:56:15 PDT 2021,15,104,1
1625242215317,Fri Jul 02 09:10:15 PDT 2021,15,106,1
1625245709372,Fri Jul 02 10:08:29 PDT 2021,15,107,1
1625251577803,Fri Jul 02 11:46:17 PDT 2021,15,108,1
1625265505051,Fri Jul 02 15:38:25 PDT 2021,15,110,1
1625266086547,Fri Jul 02 15:48:06 PDT 2021,15,111,1
1625275256230,Fri Jul 02 18:20:56 PDT 2021,15,112,1
1625329019956,Sat Jul 03 09:16:59 PDT 2021,15,118,-1
1625334188876,Sat Jul 03 10:43:08 PDT 2021,15,119,1
1625361830085,Sat Jul 03 18:23:50 PDT 2021,15,120,1
1625364775321,Sat Jul 03 19:12:55 PDT 2021,15,121,1
1625365358791,Sat Jul 03 19:22:38 PDT 2021,15,122,-1
1625365645947,Sat Jul 03 19:27:25 PDT 2021,15,123,1
1625375268162,Sat Jul 03 22:07:48 PDT 2021,15,124,0
1625410291105,Sun Jul 04 07:51:31 PDT 2021,15,126,1
1625413614676,Sun Jul 04 08:46:54 PDT 2021,15,127,1
1625424858848,Sun Jul 04 11:54:18 PDT 2021,15,131,1
1625428844485,Sun Jul 04 13:00:44 PDT 2021,15,132,0
1625435989884,Sun Jul 04 14:59:49 PDT 2021,15,135,1
1625436077686,Sun Jul 04 15:01:17 PDT 2021,15,136,1
1625437229668,Sun Jul 04 15:20:29 PDT 2021,15,137,1
1625452361806,Sun Jul 04 19:32:41 PDT 2021,15,141,1
1625460987918,Sun Jul 04 21:56:27 PDT 2021,15,144,1
1625461832119,Sun Jul 04 22:10:32 PDT 2021,15,145,1
1625496482191,Mon Jul 05 07:48:02 PDT 2021,15,147,1
1625593563469,Tue Jul 06 10:46:03 PDT 2021,15,151,1
1625602655095,Tue Jul 06 13:17:35 PDT 2021,15,152,1
1625597887347,Tue Jul 06 11:58:07 PDT 2021,15,153,1
1625611808946,Tue Jul 06 15:50:08 PDT 2021,15,155,1
1625627494989,Tue Jul 06 20:11:34 PDT 2021,15,156,1
1625635645179,Tue Jul 06 22:27:25 PDT 2021,15,157,1
1625672735184,Wed Jul 07 08:45:35 PDT 2021,15,160,0
1625674542512,Wed Jul 07 09:15:42 PDT 2021,15,161,1
1625675167237,Wed Jul 07 09:26:07 PDT 2021,15,162,1
1625676540729,Wed Jul 07 09:49:00 PDT 2021,15,163,1
1625678309149,Wed Jul 07 10:18:29 PDT 2021,15,166,1
1625686217501,Wed Jul 07 12:30:17 PDT 2021,15,170,1
1625694234215,Wed Jul 07 14:43:54 PDT 2021,15,173,1
1625693777359,Wed Jul 07 14:36:17 PDT 2021,15,174,1
1625694577048,Wed Jul 07 14:49:37 PDT 2021,15,177,1
1625695363423,Wed Jul 07 15:02:43 PDT 2021,15,178,1
1625696468705,Wed Jul 07 15:21:08 PDT 2021,15,181,1
1625697103310,Wed Jul 07 15:31:43 PDT 2021,15,182,1
1625698233120,Wed Jul 07 15:50:33 PDT 2021,15,183,0
1625699651371,Wed Jul 07 16:14:11 PDT 2021,15,186,1
1625700892949,Wed Jul 07 16:34:52 PDT 2021,15,187,1
1625700775956,Wed Jul 07 16:32:55 PDT 2021,15,188,1
1625702528165,Wed Jul 07 17:02:08 PDT 2021,15,189,-1
1625707236393,Wed Jul 07 18:20:36 PDT 2021,15,191,1
1625709830862,Wed Jul 07 19:03:50 PDT 2021,15,193,1
1625710948635,Wed Jul 07 19:22:28 PDT 2021,15,194,1
1625722802524,Wed Jul 07 22:40:02 PDT 2021,15,196,1
1625753111502,Thu Jul 08 07:05:11 PDT 2021,15,197,1
1625755657799,Thu Jul 08 07:47:37 PDT 2021,15,198,1
1625759161869,Thu Jul 08 08:46:01 PDT 2021,15,199,1
1625760152915,Thu Jul 08 09:02:32 PDT 2021,15,200,1
1625762577992,Thu Jul 08 09:42:57 PDT 2021,15,201,-1
1625763469263,Thu Jul 08 09:57:49 PDT 2021,15,203,1
1625770214290,Thu Jul 08 11:50:14 PDT 2021,15,205,1
1625781767315,Thu Jul 08 15:02:47 PDT 2021,15,207,1
1625784145639,Thu Jul 08 15:42:25 PDT 2021,15,208,1
1625786784026,Thu Jul 08 16:26:24 PDT 2021,15,209,1
1625788672645,Thu Jul 08 16:57:52 PDT 2021,15,210,-1
1625842457397,Fri Jul 09 07:54:17 PDT 2021,15,214,1
1625845168903,Fri Jul 09 08:39:28 PDT 2021,15,215,1
1625855810746,Fri Jul 09 11:36:50 PDT 2021,15,217,1
1625863401783,Fri Jul 09 13:43:21 PDT 2021,15,218,1
1625868142722,Fri Jul 09 15:02:22 PDT 2021,15,219,1
1625921502954,Sat Jul 10 05:51:42 PDT 2021,15,223,1
1625921942545,Sat Jul 10 05:59:02 PDT 2021,15,224,1
1625928938422,Sat Jul 10 07:55:38 PDT 2021,15,226,1
1625937596961,Sat Jul 10 10:19:56 PDT 2021,15,227,1
1625939287224,Sat Jul 10 10:48:07 PDT 2021,15,228,1
1625961643628,Sat Jul 10 17:00:43 PDT 2021,15,231,1
1625965123343,Sat Jul 10 17:58:43 PDT 2021,15,232,0
1625971548252,Sat Jul 10 19:45:48 PDT 2021,15,233,1
1625982162389,Sat Jul 10 22:42:42 PDT 2021,15,234,1
1626012354157,Sun Jul 11 07:05:54 PDT 2021,15,236,1
1626015099913,Sun Jul 11 07:51:39 PDT 2021,15,237,1
1626015538171,Sun Jul 11 07:58:58 PDT 2021,15,238,1
1626016250565,Sun Jul 11 08:10:50 PDT 2021,15,239,1
1626027565663,Sun Jul 11 11:19:25 PDT 2021,15,240,1
1626029801741,Sun Jul 11 11:56:41 PDT 2021,15,241,1
1626033452361,Sun Jul 11 12:57:32 PDT 2021,15,243,1
1626062802259,Sun Jul 11 21:06:42 PDT 2021,15,248,1
1626096914871,Mon Jul 12 06:35:14 PDT 2021,15,249,1
1626097384922,Mon Jul 12 06:43:04 PDT 2021,15,250,1
1626100701757,Mon Jul 12 07:38:21 PDT 2021,15,251,1
1626160263741,Tue Jul 13 00:11:03 PDT 2021,15,255,1
1626184343577,Tue Jul 13 06:52:23 PDT 2021,15,256,0
1626214094299,Tue Jul 13 15:08:14 PDT 2021,15,260,0
1627752271074,Sat Jul 31 10:24:31 PDT 2021,15,261,1
1626218879944,Tue Jul 13 16:27:59 PDT 2021,15,262,1
1626220973728,Tue Jul 13 17:02:53 PDT 2021,15,263,1
1626235378879,Tue Jul 13 21:02:58 PDT 2021,15,265,1
1626275995252,Wed Jul 14 08:19:55 PDT 2021,15,266,0
1626383843286,Thu Jul 15 14:17:23 PDT 2021,15,267,1
1626385770159,Thu Jul 15 14:49:30 PDT 2021,15,271,1
1626455627014,Fri Jul 16 10:13:47 PDT 2021,15,274,1
1626471091130,Fri Jul 16 14:31:31 PDT 2021,15,275,1
1626492571098,Fri Jul 16 20:29:31 PDT 2021,15,276,-1
1626541226624,Sat Jul 17 10:00:26 PDT 2021,15,278,1
1626545313143,Sat Jul 17 11:08:33 PDT 2021,15,280,1
1626552438182,Sat Jul 17 13:07:18 PDT 2021,15,281,1
1626553930666,Sat Jul 17 13:32:10 PDT 2021,15,282,0
1626567959949,Sat Jul 17 17:25:59 PDT 2021,15,284,1
1626584733456,Sat Jul 17 22:05:33 PDT 2021,15,286,1
1626712864988,Mon Jul 19 09:41:04 PDT 2021,15,288,0
1626720722260,Mon Jul 19 11:52:02 PDT 2021,15,291,1
1626733923185,Mon Jul 19 15:32:03 PDT 2021,15,292,1
1626737437438,Mon Jul 19 16:30:37 PDT 2021,15,294,1
1626752038476,Mon Jul 19 20:33:58 PDT 2021,15,295,1
1626792314983,Tue Jul 20 07:45:14 PDT 2021,15,296,1
1626799284584,Tue Jul 20 09:41:24 PDT 2021,15,298,1
1626908336607,Wed Jul 21 15:58:56 PDT 2021,15,299,1
1626965389036,Thu Jul 22 07:49:49 PDT 2021,15,300,0
1627000998720,Thu Jul 22 17:43:18 PDT 2021,15,302,1
1627002372806,Thu Jul 22 18:06:12 PDT 2021,15,303,-1
1627008776017,Thu Jul 22 19:52:56 PDT 2021,15,305,1
1627084111821,Fri Jul 23 16:48:31 PDT 2021,15,309,-1
1627085640286,Fri Jul 23 17:14:00 PDT 2021,15,310,1
1627086850905,Fri Jul 23 17:34:10 PDT 2021,15,311,1
1627088279631,Fri Jul 23 17:57:59 PDT 2021,15,312,1
1627099748596,Fri Jul 23 21:09:08 PDT 2021,15,313,1
1627100618137,Fri Jul 23 21:23:38 PDT 2021,15,314,1
1627101708604,Fri Jul 23 21:41:48 PDT 2021,15,315,-1
1627163072582,Sat Jul 24 14:44:32 PDT 2021,15,317,1
1627187376315,Sat Jul 24 21:29:36 PDT 2021,15,318,1
1627191846105,Sat Jul 24 22:44:06 PDT 2021,15,319,1
1627407580547,Tue Jul 27 10:39:40 PDT 2021,15,322,1
1627414921029,Tue Jul 27 12:42:01 PDT 2021,15,325,1
1627425528639,Tue Jul 27 15:38:48 PDT 2021,15,326,1
1627439501869,Tue Jul 27 19:31:41 PDT 2021,15,327,0
1627451191446,Tue Jul 27 22:46:31 PDT 2021,15,328,1
1627501577182,Wed Jul 28 12:46:17 PDT 2021,15,332,1
1627503147369,Wed Jul 28 13:12:27 PDT 2021,15,334,1
1627505198165,Wed Jul 28 13:46:38 PDT 2021,15,337,1
1627505878108,Wed Jul 28 13:57:58 PDT 2021,15,339,1
1627506711732,Wed Jul 28 14:11:51 PDT 2021,15,341,1
1627506895839,Wed Jul 28 14:14:55 PDT 2021,15,342,1
1627508687391,Wed Jul 28 14:44:47 PDT 2021,15,343,1
1627509931919,Wed Jul 28 15:05:31 PDT 2021,15,346,1
1627570943937,Thu Jul 29 08:02:23 PDT 2021,15,347,0
1627514935198,Wed Jul 28 16:28:55 PDT 2021,15,348,0
1627523722006,Wed Jul 28 18:55:22 PDT 2021,15,353,1
1627521741644,Wed Jul 28 18:22:21 PDT 2021,15,356,-1
1627529831817,Wed Jul 28 20:37:11 PDT 2021,15,357,1
1627531712389,Wed Jul 28 21:08:32 PDT 2021,15,358,1
1627532419842,Wed Jul 28 21:20:19 PDT 2021,15,360,1
1627543143690,Thu Jul 29 00:19:03 PDT 2021,15,364,1
1627573561086,Thu Jul 29 08:46:01 PDT 2021,15,366,1
1627579208741,Thu Jul 29 10:20:08 PDT 2021,15,368,1
1627583051509,Thu Jul 29 11:24:11 PDT 2021,15,369,1
1627587150486,Thu Jul 29 12:32:30 PDT 2021,15,373,1
1627608727860,Thu Jul 29 18:32:07 PDT 2021,15,376,1
1627613853315,Thu Jul 29 19:57:33 PDT 2021,15,378,1
1627654958846,Fri Jul 30 07:22:38 PDT 2021,15,380,1
1627664055079,Fri Jul 30 09:54:15 PDT 2021,15,382,1
1627667354105,Fri Jul 30 10:49:14 PDT 2021,15,384,1
1627675851713,Fri Jul 30 13:10:51 PDT 2021,15,386,1
1627681283365,Fri Jul 30 14:41:23 PDT 2021,15,388,1
1627681791190,Fri Jul 30 14:49:51 PDT 2021,15,389,1
1627684589452,Fri Jul 30 15:36:29 PDT 2021,15,392,1
1627686150040,Fri Jul 30 16:02:30 PDT 2021,15,394,1
1627702588048,Fri Jul 30 20:36:28 PDT 2021,15,396,0
1627756938840,Sat Jul 31 11:42:18 PDT 2021,15,399,1
1627770190108,Sat Jul 31 15:23:10 PDT 2021,15,401,1
1627771801340,Sat Jul 31 15:50:01 PDT 2021,15,402,1
1627776708535,Sat Jul 31 17:11:48 PDT 2021,15,403,1
1627837889790,Sun Aug 01 10:11:29 PDT 2021,15,404,1
1624995120131,Tue Jun 29 12:32:00 PDT 2021,17,0,1
1624917491017,Mon Jun 28 14:58:11 PDT 2021,17,1,1
1624924637456,Mon Jun 28 16:57:17 PDT 2021,17,2,1
1624978242890,Tue Jun 29 07:50:42 PDT 2021,17,3,0
1624980338256,Tue Jun 29 08:25:38 PDT 2021,17,5,1
1624980954703,Tue Jun 29 08:35:54 PDT 2021,17,6,1
1624983091539,Tue Jun 29 09:11:31 PDT 2021,17,7,1
1624995238439,Tue Jun 29 12:33:58 PDT 2021,17,8,1
1624995818414,Tue Jun 29 12:43:38 PDT 2021,17,9,0
1624996960697,Tue Jun 29 13:02:40 PDT 2021,17,10,0
1624999310478,Tue Jun 29 13:41:50 PDT 2021,17,11,0
1625000410110,Tue Jun 29 14:00:10 PDT 2021,17,12,1
1625000360663,Tue Jun 29 13:59:20 PDT 2021,17,13,1
1625002118539,Tue Jun 29 14:28:38 PDT 2021,17,14,1
1625003495109,Tue Jun 29 14:51:35 PDT 2021,17,15,1
1625004129525,Tue Jun 29 15:02:09 PDT 2021,17,16,1
1625007432102,Tue Jun 29 15:57:12 PDT 2021,17,17,1
1625007567260,Tue Jun 29 15:59:27 PDT 2021,17,18,1
1625008548227,Tue Jun 29 16:15:48 PDT 2021,17,19,1
1625008910165,Tue Jun 29 16:21:50 PDT 2021,17,21,1
1625009046773,Tue Jun 29 16:24:06 PDT 2021,17,22,1
1625019863124,Tue Jun 29 19:24:23 PDT 2021,17,24,1
1625019911101,Tue Jun 29 19:25:11 PDT 2021,17,25,1
1625020145445,Tue Jun 29 19:29:05 PDT 2021,17,26,1
1625021928698,Tue Jun 29 19:58:48 PDT 2021,17,27,1
1625055650311,Wed Jun 30 05:20:50 PDT 2021,17,28,1
1625058014076,Wed Jun 30 06:00:14 PDT 2021,17,30,1
1625064199421,Wed Jun 30 07:43:19 PDT 2021,17,33,1
1625066351702,Wed Jun 30 08:19:11 PDT 2021,17,34,1
1625068613709,Wed Jun 30 08:56:53 PDT 2021,17,35,1
1625069453156,Wed Jun 30 09:10:53 PDT 2021,17,36,1
1625071726389,Wed Jun 30 09:48:46 PDT 2021,17,37,1
1625072122957,Wed Jun 30 09:55:22 PDT 2021,17,38,1
1625082588649,Wed Jun 30 12:49:48 PDT 2021,17,40,1
1625099171503,Wed Jun 30 17:26:11 PDT 2021,17,41,0
1625085903474,Wed Jun 30 13:45:03 PDT 2021,17,42,1
1625089743742,Wed Jun 30 14:49:03 PDT 2021,17,43,1
1625093132938,Wed Jun 30 15:45:32 PDT 2021,17,45,1
1625095494772,Wed Jun 30 16:24:54 PDT 2021,17,46,0
1625095240543,Wed Jun 30 16:20:40 PDT 2021,17,47,1
1625095837442,Wed Jun 30 16:30:37 PDT 2021,17,48,1
1625099484940,Wed Jun 30 17:31:24 PDT 2021,17,50,1
1625101003654,Wed Jun 30 17:56:43 PDT 2021,17,51,1
1625101199176,Wed Jun 30 17:59:59 PDT 2021,17,52,1
1625101667598,Wed Jun 30 18:07:47 PDT 2021,17,53,1
1625101405762,Wed Jun 30 18:03:25 PDT 2021,17,54,1
1625108242240,Wed Jun 30 19:57:22 PDT 2021,17,55,1
1625112297897,Wed Jun 30 21:04:57 PDT 2021,17,56,1
1625115918944,Wed Jun 30 22:05:18 PDT 2021,17,57,1
1625117568030,Wed Jun 30 22:32:48 PDT 2021,17,58,1
1625118046145,Wed Jun 30 22:40:46 PDT 2021,17,59,1
1625150597234,Thu Jul 01 07:43:17 PDT 2021,17,61,-1
1625151208561,Thu Jul 01 07:53:28 PDT 2021,17,62,1
1625154217420,Thu Jul 01 08:43:37 PDT 2021,17,63,0
1625155715913,Thu Jul 01 09:08:35 PDT 2021,17,64,0
1625158062585,Thu Jul 01 09:47:42 PDT 2021,17,65,1
1625410091496,Sun Jul 04 07:48:11 PDT 2021,17,66,1
1625159595672,Thu Jul 01 10:13:15 PDT 2021,17,68,1
1625159908281,Thu Jul 01 10:18:28 PDT 2021,17,69,1
1625167861495,Thu Jul 01 12:31:01 PDT 2021,17,70,1
1625162650955,Thu Jul 01 11:04:10 PDT 2021,17,71,-1
1625163460989,Thu Jul 01 11:17:40 PDT 2021,17,73,-1
1625164854722,Thu Jul 01 11:40:54 PDT 2021,17,74,0
1625164013296,Thu Jul 01 11:26:53 PDT 2021,17,83,-1
1625165053702,Thu Jul 01 11:44:13 PDT 2021,17,85,-1
1625165561724,Thu Jul 01 11:52:41 PDT 2021,17,86,-1
1625168119483,Thu Jul 01 12:35:19 PDT 2021,17,92,1
1625173923316,Thu Jul 01 14:12:03 PDT 2021,17,93,1
1625174412089,Thu Jul 01 14:20:12 PDT 2021,17,94,1
1625179474339,Thu Jul 01 15:44:34 PDT 2021,17,95,1
1625182789904,Thu Jul 01 16:39:49 PDT 2021,17,96,1
1626133763315,Mon Jul 12 16:49:23 PDT 2021,17,98,-1
1625191309900,Thu Jul 01 19:01:49 PDT 2021,17,100,1
1625191226209,Thu Jul 01 19:00:26 PDT 2021,17,101,1
1625199828779,Thu Jul 01 21:23:48 PDT 2021,17,102,1
1625238356765,Fri Jul 02 08:05:56 PDT 2021,17,103,1
1625241224745,Fri Jul 02 08:53:44 PDT 2021,17,104,1
1625241995800,Fri Jul 02 09:06:35 PDT 2021,17,106,1
1625245436356,Fri Jul 02 10:03:56 PDT 2021,17,107,1
1625251698628,Fri Jul 02 11:48:18 PDT 2021,17,108,1
1625266309507,Fri Jul 02 15:51:49 PDT 2021,17,111,1
1625274832779,Fri Jul 02 18:13:52 PDT 2021,17,112,1
1625281836335,Fri Jul 02 20:10:36 PDT 2021,17,113,0
1625295667565,Sat Jul 03 00:01:07 PDT 2021,17,115,1
1625329194332,Sat Jul 03 09:19:54 PDT 2021,17,118,0
1625333671030,Sat Jul 03 10:34:31 PDT 2021,17,119,1
1625361826899,Sat Jul 03 18:23:46 PDT 2021,17,120,1
1625364593794,Sat Jul 03 19:09:53 PDT 2021,17,121,-1
1625365725863,Sat Jul 03 19:28:45 PDT 2021,17,122,-1
1625365736839,Sat Jul 03 19:28:56 PDT 2021,17,123,1
1625375225746,Sat Jul 03 22:07:05 PDT 2021,17,124,1
1625383713745,Sun Jul 04 00:28:33 PDT 2021,17,125,1
1625410387911,Sun Jul 04 07:53:07 PDT 2021,17,126,1
1625413544807,Sun Jul 04 08:45:44 PDT 2021,17,127,0
1625424811387,Sun Jul 04 11:53:31 PDT 2021,17,131,1
1625428840522,Sun Jul 04 13:00:40 PDT 2021,17,132,1
1625435500798,Sun Jul 04 14:51:40 PDT 2021,17,135,1
1625436733708,Sun Jul 04 15:12:13 PDT 2021,17,136,1
1625436916075,Sun Jul 04 15:15:16 PDT 2021,17,137,1
1625452148265,Sun Jul 04 19:29:08 PDT 2021,17,141,1
1625454538043,Sun Jul 04 20:08:58 PDT 2021,17,142,1
1625462084012,Sun Jul 04 22:14:44 PDT 2021,17,145,0
1625496299405,Mon Jul 05 07:44:59 PDT 2021,17,147,1
1625594049854,Tue Jul 06 10:54:09 PDT 2021,17,151,1
1625602659756,Tue Jul 06 13:17:39 PDT 2021,17,152,1
1625597925501,Tue Jul 06 11:58:45 PDT 2021,17,153,1
1625611306688,Tue Jul 06 15:41:46 PDT 2021,17,155,1
1625627447195,Tue Jul 06 20:10:47 PDT 2021,17,156,1
1625635737697,Tue Jul 06 22:28:57 PDT 2021,17,157,1
1625672776926,Wed Jul 07 08:46:16 PDT 2021,17,160,0
1625674581106,Wed Jul 07 09:16:21 PDT 2021,17,161,1
1625674867841,Wed Jul 07 09:21:07 PDT 2021,17,162,1
1625676696797,Wed Jul 07 09:51:36 PDT 2021,17,163,1
1625678496213,Wed Jul 07 10:21:36 PDT 2021,17,166,1
1625686234766,Wed Jul 07 12:30:34 PDT 2021,17,170,0
1625689310544,Wed Jul 07 13:21:50 PDT 2021,17,171,1
1625693328948,Wed Jul 07 14:28:48 PDT 2021,17,173,1
1625694080459,Wed Jul 07 14:41:20 PDT 2021,17,174,1
1625694757580,Wed Jul 07 14:52:37 PDT 2021,17,177,1
1625696331264,Wed Jul 07 15:18:51 PDT 2021,17,180,1
1625696665754,Wed Jul 07 15:24:25 PDT 2021,17,181,1
1625697773627,Wed Jul 07 15:42:53 PDT 2021,17,183,1
1625699869308,Wed Jul 07 16:17:49 PDT 2021,17,184,1
1625699992902,Wed Jul 07 16:19:52 PDT 2021,17,186,1
1625700626286,Wed Jul 07 16:30:26 PDT 2021,17,187,1
1625700654487,Wed Jul 07 16:30:54 PDT 2021,17,188,1
1625702436864,Wed Jul 07 17:00:36 PDT 2021,17,189,-1
1625707353454,Wed Jul 07 18:22:33 PDT 2021,17,191,1
1625710028948,Wed Jul 07 19:07:08 PDT 2021,17,193,1
1625710816388,Wed Jul 07 19:20:16 PDT 2021,17,194,1
1625722743628,Wed Jul 07 22:39:03 PDT 2021,17,196,1
1625752666149,Thu Jul 08 06:57:46 PDT 2021,17,197,1
1625756088394,Thu Jul 08 07:54:48 PDT 2021,17,198,0
1625759084380,Thu Jul 08 08:44:44 PDT 2021,17,199,1
1625762678349,Thu Jul 08 09:44:38 PDT 2021,17,201,0
1625763340074,Thu Jul 08 09:55:40 PDT 2021,17,203,1
1625770250297,Thu Jul 08 11:50:50 PDT 2021,17,205,1
1625772403342,Thu Jul 08 12:26:43 PDT 2021,17,206,1
1625781741292,Thu Jul 08 15:02:21 PDT 2021,17,207,1
1625784380167,Thu Jul 08 15:46:20 PDT 2021,17,208,1
1625786365271,Thu Jul 08 16:19:25 PDT 2021,17,209,1
1625788547039,Thu Jul 08 16:55:47 PDT 2021,17,210,1
1625844834343,Fri Jul 09 08:33:54 PDT 2021,17,215,1
1625855842004,Fri Jul 09 11:37:22 PDT 2021,17,217,1
1625863571717,Fri Jul 09 13:46:11 PDT 2021,17,218,1
1625868165997,Fri Jul 09 15:02:45 PDT 2021,17,219,1
1625921237931,Sat Jul 10 05:47:17 PDT 2021,17,223,1
1625922318779,Sat Jul 10 06:05:18 PDT 2021,17,224,1
1625926590933,Sat Jul 10 07:16:30 PDT 2021,17,225,-1
1625929390108,Sat Jul 10 08:03:10 PDT 2021,17,226,0
1625933002103,Sat Jul 10 09:03:22 PDT 2021,17,227,1
1625961557167,Sat Jul 10 16:59:17 PDT 2021,17,231,1
1625964532716,Sat Jul 10 17:48:52 PDT 2021,17,232,1
1625971674897,Sat Jul 10 19:47:54 PDT 2021,17,233,1
1625982211024,Sat Jul 10 22:43:31 PDT 2021,17,234,-1
1626011531593,Sun Jul 11 06:52:11 PDT 2021,17,236,0
1626015183469,Sun Jul 11 07:53:03 PDT 2021,17,237,1
1626015108396,Sun Jul 11 07:51:48 PDT 2021,17,238,1
1626016606092,Sun Jul 11 08:16:46 PDT 2021,17,239,0
1626027313310,Sun Jul 11 11:15:13 PDT 2021,17,240,1
1626031462756,Sun Jul 11 12:24:22 PDT 2021,17,241,1
1626033849717,Sun Jul 11 13:04:09 PDT 2021,17,243,0
1626050922750,Sun Jul 11 17:48:42 PDT 2021,17,246,-1
1626055923783,Sun Jul 11 19:12:03 PDT 2021,17,247,1
1626063255963,Sun Jul 11 21:14:15 PDT 2021,17,248,1
1626097289083,Mon Jul 12 06:41:29 PDT 2021,17,250,1
1626100814617,Mon Jul 12 07:40:14 PDT 2021,17,251,0
1626160193370,Tue Jul 13 00:09:53 PDT 2021,17,255,1
1626184494171,Tue Jul 13 06:54:54 PDT 2021,17,256,1
1626197963598,Tue Jul 13 10:39:23 PDT 2021,17,257,0
1627140875245,Sat Jul 24 08:34:35 PDT 2021,17,258,0
1626227954216,Tue Jul 13 18:59:14 PDT 2021,17,259,1
1626214123530,Tue Jul 13 15:08:43 PDT 2021,17,260,1
1626215417979,Tue Jul 13 15:30:17 PDT 2021,17,261,1
1626220599026,Tue Jul 13 16:56:39 PDT 2021,17,263,1
1626234599134,Tue Jul 13 20:49:59 PDT 2021,17,264,1
1626298279838,Wed Jul 14 14:31:19 PDT 2021,17,265,1
1626383538244,Thu Jul 15 14:12:18 PDT 2021,17,267,0
1626328182800,Wed Jul 14 22:49:42 PDT 2021,17,268,1
1626361051757,Thu Jul 15 07:57:31 PDT 2021,17,269,1
1626385923274,Thu Jul 15 14:52:03 PDT 2021,17,271,0
1626455418681,Fri Jul 16 10:10:18 PDT 2021,17,274,1
1626470967542,Fri Jul 16 14:29:27 PDT 2021,17,275,1
1626492866139,Fri Jul 16 20:34:26 PDT 2021,17,276,0
1626540649426,Sat Jul 17 09:50:49 PDT 2021,17,278,1
1626540598927,Sat Jul 17 09:49:58 PDT 2021,17,279,1
1626545583064,Sat Jul 17 11:13:03 PDT 2021,17,280,0
1626552529438,Sat Jul 17 13:08:49 PDT 2021,17,281,1
1626553652927,Sat Jul 17 13:27:32 PDT 2021,17,282,1
1626562981892,Sat Jul 17 16:03:01 PDT 2021,17,283,0
1626568106937,Sat Jul 17 17:28:26 PDT 2021,17,284,0
1626578194974,Sat Jul 17 20:16:34 PDT 2021,17,285,0
1626584755872,Sat Jul 17 22:05:55 PDT 2021,17,286,1
1626712918782,Mon Jul 19 09:41:58 PDT 2021,17,288,1
1626716303001,Mon Jul 19 10:38:23 PDT 2021,17,290,1
1626719728452,Mon Jul 19 11:35:28 PDT 2021,17,291,1
1626724243981,Mon Jul 19 12:50:43 PDT 2021,17,292,0
1626737326546,Mon Jul 19 16:28:46 PDT 2021,17,294,1
1626752368078,Mon Jul 19 20:39:28 PDT 2021,17,295,1
1626792401582,Tue Jul 20 07:46:41 PDT 2021,17,296,1
1626798901209,Tue Jul 20 09:35:01 PDT 2021,17,298,1
1626909405916,Wed Jul 21 16:16:45 PDT 2021,17,299,1
1626964980629,Thu Jul 22 07:43:00 PDT 2021,17,300,0
1627000895783,Thu Jul 22 17:41:35 PDT 2021,17,302,1
1627002421687,Thu Jul 22 18:07:01 PDT 2021,17,303,-1
1627008395056,Thu Jul 22 19:46:35 PDT 2021,17,305,1
1627082479878,Fri Jul 23 16:21:19 PDT 2021,17,308,1
1627084378860,Fri Jul 23 16:52:58 PDT 2021,17,309,-1
1627085512146,Fri Jul 23 17:11:52 PDT 2021,17,310,1
1627086612829,Fri Jul 23 17:30:12 PDT 2021,17,311,1
1627088121335,Fri Jul 23 17:55:21 PDT 2021,17,312,1
1627099945025,Fri Jul 23 21:12:25 PDT 2021,17,313,1
1627101100266,Fri Jul 23 21:31:40 PDT 2021,17,314,1
1627101782556,Fri Jul 23 21:43:02 PDT 2021,17,315,1
1627162692340,Sat Jul 24 14:38:12 PDT 2021,17,317,1
1627186943806,Sat Jul 24 21:22:23 PDT 2021,17,318,0
1627191993771,Sat Jul 24 22:46:33 PDT 2021,17,319,1
1627407970035,Tue Jul 27 10:46:10 PDT 2021,17,322,0
1627414968730,Tue Jul 27 12:42:48 PDT 2021,17,325,1
1627697970747,Fri Jul 30 19:19:30 PDT 2021,17,326,1
1627439516825,Tue Jul 27 19:31:56 PDT 2021,17,327,1
1627451200167,Tue Jul 27 22:46:40 PDT 2021,17,328,1
1627502687227,Wed Jul 28 13:04:47 PDT 2021,17,332,1
1627504042553,Wed Jul 28 13:27:22 PDT 2021,17,335,1
1627504839293,Wed Jul 28 13:40:39 PDT 2021,17,337,1
1627505676584,Wed Jul 28 13:54:36 PDT 2021,17,339,1
1627506788502,Wed Jul 28 14:13:08 PDT 2021,17,341,1
1627508959022,Wed Jul 28 14:49:19 PDT 2021,17,343,1
1627508863871,Wed Jul 28 14:47:43 PDT 2021,17,345,-1
1627509862778,Wed Jul 28 15:04:22 PDT 2021,17,346,1
1627515370826,Wed Jul 28 16:36:10 PDT 2021,17,348,1
1627518149845,Wed Jul 28 17:22:29 PDT 2021,17,352,0
1627523493538,Wed Jul 28 18:51:33 PDT 2021,17,353,1
1627521729858,Wed Jul 28 18:22:09 PDT 2021,17,356,1
1627529540681,Wed Jul 28 20:32:20 PDT 2021,17,357,-1
1627532072026,Wed Jul 28 21:14:32 PDT 2021,17,358,1
1627535789075,Wed Jul 28 22:16:29 PDT 2021,17,361,1
1627536512294,Wed Jul 28 22:28:32 PDT 2021,17,363,1
1627544956320,Thu Jul 29 00:49:16 PDT 2021,17,364,1
1627573478819,Thu Jul 29 08:44:38 PDT 2021,17,366,-1
1627578954295,Thu Jul 29 10:15:54 PDT 2021,17,368,1
1627577892474,Thu Jul 29 09:58:12 PDT 2021,17,369,1
1627586987878,Thu Jul 29 12:29:47 PDT 2021,17,373,1
1627607859546,Thu Jul 29 18:17:39 PDT 2021,17,376,1
1627614193358,Thu Jul 29 20:03:13 PDT 2021,17,378,1
1627656442708,Fri Jul 30 07:47:22 PDT 2021,17,380,1
1627656560653,Fri Jul 30 07:49:20 PDT 2021,17,381,1
1627663820604,Fri Jul 30 09:50:20 PDT 2021,17,382,0
1627664879334,Fri Jul 30 10:07:59 PDT 2021,17,383,1
1627667189621,Fri Jul 30 10:46:29 PDT 2021,17,384,1
1627673897399,Fri Jul 30 12:38:17 PDT 2021,17,385,1
1627675800226,Fri Jul 30 13:10:00 PDT 2021,17,386,1
1627680668393,Fri Jul 30 14:31:08 PDT 2021,17,388,1
1627682568593,Fri Jul 30 15:02:48 PDT 2021,17,389,1
1627685490802,Fri Jul 30 15:51:30 PDT 2021,17,393,1
1627686360090,Fri Jul 30 16:06:00 PDT 2021,17,394,1
1627702030364,Fri Jul 30 20:27:10 PDT 2021,17,396,0
1627752566019,Sat Jul 31 10:29:26 PDT 2021,17,398,1
1627760045291,Sat Jul 31 12:34:05 PDT 2021,17,400,0
1627769556736,Sat Jul 31 15:12:36 PDT 2021,17,401,1
1627771689442,Sat Jul 31 15:48:09 PDT 2021,17,402,-1
1627775555647,Sat Jul 31 16:52:35 PDT 2021,17,403,1
1627837833758,Sun Aug 01 10:10:33 PDT 2021,17,404,0
1624994497808,Tue Jun 29 12:21:37 PDT 2021,18,0,1
1624917602958,Mon Jun 28 15:00:02 PDT 2021,18,1,1
1624924653891,Mon Jun 28 16:57:33 PDT 2021,18,2,1
1624978089824,Tue Jun 29 07:48:09 PDT 2021,18,3,1
1624979965029,Tue Jun 29 08:19:25 PDT 2021,18,5,1
1624980770101,Tue Jun 29 08:32:50 PDT 2021,18,6,0
1624982958049,Tue Jun 29 09:09:18 PDT 2021,18,7,1
1624995789521,Tue Jun 29 12:43:09 PDT 2021,18,9,1
1624996986363,Tue Jun 29 13:03:06 PDT 2021,18,10,-1
1624999276977,Tue Jun 29 13:41:16 PDT 2021,18,11,0
1625000263362,Tue Jun 29 13:57:43 PDT 2021,18,12,-1
1625000336933,Tue Jun 29 13:58:56 PDT 2021,18,13,-1
1625000725799,Tue Jun 29 14:05:25 PDT 2021,18,14,-1
1625003356699,Tue Jun 29 14:49:16 PDT 2021,18,15,1
1625004300317,Tue Jun 29 15:05:00 PDT 2021,18,16,1
1625007179515,Tue Jun 29 15:52:59 PDT 2021,18,17,1
1625007462395,Tue Jun 29 15:57:42 PDT 2021,18,18,0
1625008359804,Tue Jun 29 16:12:39 PDT 2021,18,19,1
1625008679459,Tue Jun 29 16:17:59 PDT 2021,18,21,-1
1625008876934,Tue Jun 29 16:21:16 PDT 2021,18,22,1
1625019622752,Tue Jun 29 19:20:22 PDT 2021,18,24,1
1625019819674,Tue Jun 29 19:23:39 PDT 2021,18,25,1
1625019896495,Tue Jun 29 19:24:56 PDT 2021,18,26,1
1625021622816,Tue Jun 29 19:53:42 PDT 2021,18,27,1
1625055489052,Wed Jun 30 05:18:09 PDT 2021,18,28,1
1625058101101,Wed Jun 30 06:01:41 PDT 2021,18,30,1
1625064914738,Wed Jun 30 07:55:14 PDT 2021,18,33,-1
1625066390026,Wed Jun 30 08:19:50 PDT 2021,18,34,0
1625068362888,Wed Jun 30 08:52:42 PDT 2021,18,35,1
1625069137070,Wed Jun 30 09:05:37 PDT 2021,18,36,1
1625071618269,Wed Jun 30 09:46:58 PDT 2021,18,37,1
1625071998387,Wed Jun 30 09:53:18 PDT 2021,18,38,1
1625082370088,Wed Jun 30 12:46:10 PDT 2021,18,40,-1
1625099237825,Wed Jun 30 17:27:17 PDT 2021,18,41,1
1625086250355,Wed Jun 30 13:50:50 PDT 2021,18,42,1
1625089749603,Wed Jun 30 14:49:09 PDT 2021,18,43,1
1625092956261,Wed Jun 30 15:42:36 PDT 2021,18,45,1
1625095016802,Wed Jun 30 16:16:56 PDT 2021,18,46,-1
1625095153871,Wed Jun 30 16:19:13 PDT 2021,18,47,1
1625095986884,Wed Jun 30 16:33:06 PDT 2021,18,48,-1
1625099388228,Wed Jun 30 17:29:48 PDT 2021,18,50,1
1625101205031,Wed Jun 30 18:00:05 PDT 2021,18,52,-1
1625101620787,Wed Jun 30 18:07:00 PDT 2021,18,53,-1
1625101490409,Wed Jun 30 18:04:50 PDT 2021,18,54,1
1625107940608,Wed Jun 30 19:52:20 PDT 2021,18,55,-1
1625112340412,Wed Jun 30 21:05:40 PDT 2021,18,56,1
1625116242057,Wed Jun 30 22:10:42 PDT 2021,18,57,-1
1625117447026,Wed Jun 30 22:30:47 PDT 2021,18,58,-1
1625117804357,Wed Jun 30 22:36:44 PDT 2021,18,59,1
1625120679337,Wed Jun 30 23:24:39 PDT 2021,18,60,1
1625150156890,Thu Jul 01 07:35:56 PDT 2021,18,61,-1
1625150959820,Thu Jul 01 07:49:19 PDT 2021,18,62,-1
1625152841635,Thu Jul 01 08:20:41 PDT 2021,18,63,1
1625155424519,Thu Jul 01 09:03:44 PDT 2021,18,64,-1
1625157758914,Thu Jul 01 09:42:38 PDT 2021,18,65,-1
1625158849240,Thu Jul 01 10:00:49 PDT 2021,18,66,-1
1625159526948,Thu Jul 01 10:12:06 PDT 2021,18,68,-1
1625159819771,Thu Jul 01 10:16:59 PDT 2021,18,69,-1
1625160006833,Thu Jul 01 10:20:06 PDT 2021,18,70,1
1625161669783,Thu Jul 01 10:47:49 PDT 2021,18,71,-1
1625163413607,Thu Jul 01 11:16:53 PDT 2021,18,73,-1
1625163733482,Thu Jul 01 11:22:13 PDT 2021,18,74,0
1625163802619,Thu Jul 01 11:23:22 PDT 2021,18,78,-1
1625163854762,Thu Jul 01 11:24:14 PDT 2021,18,80,-1
1625164020701,Thu Jul 01 11:27:00 PDT 2021,18,83,-1
1625164419785,Thu Jul 01 11:33:39 PDT 2021,18,84,-1
1625164577496,Thu Jul 01 11:36:17 PDT 2021,18,85,-1
1625165274924,Thu Jul 01 11:47:54 PDT 2021,18,86,-1
1625165968319,Thu Jul 01 11:59:28 PDT 2021,18,90,-1
1625168324073,Thu Jul 01 12:38:44 PDT 2021,18,92,1
1625173781790,Thu Jul 01 14:09:41 PDT 2021,18,93,-1
1625174876647,Thu Jul 01 14:27:56 PDT 2021,18,94,0
1625174878365,Thu Jul 01 14:27:58 PDT 2021,18,95,1
1625182909051,Thu Jul 01 16:41:49 PDT 2021,18,96,-1
1625185379193,Thu Jul 01 17:22:59 PDT 2021,18,97,1
1626133869661,Mon Jul 12 16:51:09 PDT 2021,18,98,1
1625189913281,Thu Jul 01 18:38:33 PDT 2021,18,99,-1
1625190086522,Thu Jul 01 18:41:26 PDT 2021,18,100,-1
1625190903831,Thu Jul 01 18:55:03 PDT 2021,18,101,0
1625199546041,Thu Jul 01 21:19:06 PDT 2021,18,102,0
1625238073009,Fri Jul 02 08:01:13 PDT 2021,18,103,-1
1625241271053,Fri Jul 02 08:54:31 PDT 2021,18,104,-1
1625242088866,Fri Jul 02 09:08:08 PDT 2021,18,106,0
1625245532586,Fri Jul 02 10:05:32 PDT 2021,18,107,-1
1625251340596,Fri Jul 02 11:42:20 PDT 2021,18,108,1
1625265420166,Fri Jul 02 15:37:00 PDT 2021,18,110,0
1625266119752,Fri Jul 02 15:48:39 PDT 2021,18,111,-1
1625274103924,Fri Jul 02 18:01:43 PDT 2021,18,112,-1
1625295409325,Fri Jul 02 23:56:49 PDT 2021,18,115,1
1625320340179,Sat Jul 03 06:52:20 PDT 2021,18,116,1
1625329417198,Sat Jul 03 09:23:37 PDT 2021,18,118,1
1625333294051,Sat Jul 03 10:28:14 PDT 2021,18,119,-1
1625362033756,Sat Jul 03 18:27:13 PDT 2021,18,120,0
1625364755714,Sat Jul 03 19:12:35 PDT 2021,18,121,-1
1625365350042,Sat Jul 03 19:22:30 PDT 2021,18,122,1
1625365986307,Sat Jul 03 19:33:06 PDT 2021,18,123,-1
1625374451573,Sat Jul 03 21:54:11 PDT 2021,18,124,1
1625384516391,Sun Jul 04 00:41:56 PDT 2021,18,125,1
1625410486632,Sun Jul 04 07:54:46 PDT 2021,18,126,0
1625413568903,Sun Jul 04 08:46:08 PDT 2021,18,127,0
1625424777259,Sun Jul 04 11:52:57 PDT 2021,18,131,1
1625428766390,Sun Jul 04 12:59:26 PDT 2021,18,132,1
1625435103045,Sun Jul 04 14:45:03 PDT 2021,18,135,0
1625436211786,Sun Jul 04 15:03:31 PDT 2021,18,136,-1
1625436909698,Sun Jul 04 15:15:09 PDT 2021,18,137,0
1625451977111,Sun Jul 04 19:26:17 PDT 2021,18,141,-1
1625454432414,Sun Jul 04 20:07:12 PDT 2021,18,142,1
1625461166032,Sun Jul 04 21:59:26 PDT 2021,18,144,-1
1625461820899,Sun Jul 04 22:10:20 PDT 2021,18,145,0
1625495992376,Mon Jul 05 07:39:52 PDT 2021,18,147,0
1625528776721,Mon Jul 05 16:46:16 PDT 2021,18,148,0
1625593730168,Tue Jul 06 10:48:50 PDT 2021,18,151,1
1625597491762,Tue Jul 06 11:51:31 PDT 2021,18,152,0
1625597900901,Tue Jul 06 11:58:20 PDT 2021,18,153,1
1625601344028,Tue Jul 06 12:55:44 PDT 2021,18,154,-1
1625611523394,Tue Jul 06 15:45:23 PDT 2021,18,155,1
1625626999411,Tue Jul 06 20:03:19 PDT 2021,18,156,1
1625635774588,Tue Jul 06 22:29:34 PDT 2021,18,157,1
1625672496208,Wed Jul 07 08:41:36 PDT 2021,18,159,-1
1625672870976,Wed Jul 07 08:47:50 PDT 2021,18,160,1
1625674574465,Wed Jul 07 09:16:14 PDT 2021,18,161,0
1625675198176,Wed Jul 07 09:26:38 PDT 2021,18,162,1
1625676537963,Wed Jul 07 09:48:57 PDT 2021,18,163,1
1625677334139,Wed Jul 07 10:02:14 PDT 2021,18,165,0
1625677785998,Wed Jul 07 10:09:45 PDT 2021,18,166,0
1625689303693,Wed Jul 07 13:21:43 PDT 2021,18,171,0
1625693113749,Wed Jul 07 14:25:13 PDT 2021,18,173,-1
1625693803631,Wed Jul 07 14:36:43 PDT 2021,18,174,0
1625694734035,Wed Jul 07 14:52:14 PDT 2021,18,176,0
1625694467631,Wed Jul 07 14:47:47 PDT 2021,18,177,1
1625695224189,Wed Jul 07 15:00:24 PDT 2021,18,178,-1
1625696575968,Wed Jul 07 15:22:55 PDT 2021,18,181,1
1625698168663,Wed Jul 07 15:49:28 PDT 2021,18,183,0
1625699471187,Wed Jul 07 16:11:11 PDT 2021,18,184,1
1625699766024,Wed Jul 07 16:16:06 PDT 2021,18,186,1
1625700177605,Wed Jul 07 16:22:57 PDT 2021,18,187,1
1625700464391,Wed Jul 07 16:27:44 PDT 2021,18,188,1
1625702582248,Wed Jul 07 17:03:02 PDT 2021,18,189,-1
1625707381696,Wed Jul 07 18:23:01 PDT 2021,18,191,0
1625710234847,Wed Jul 07 19:10:34 PDT 2021,18,193,1
1625710506195,Wed Jul 07 19:15:06 PDT 2021,18,194,1
1625714388379,Wed Jul 07 20:19:48 PDT 2021,18,195,-1
1625722849550,Wed Jul 07 22:40:49 PDT 2021,18,196,1
1625752632077,Thu Jul 08 06:57:12 PDT 2021,18,197,1
1625755698976,Thu Jul 08 07:48:18 PDT 2021,18,198,-1
1625759030077,Thu Jul 08 08:43:50 PDT 2021,18,199,1
1625760146845,Thu Jul 08 09:02:26 PDT 2021,18,200,0
1625762673584,Thu Jul 08 09:44:33 PDT 2021,18,201,0
1625763321065,Thu Jul 08 09:55:21 PDT 2021,18,203,0
1625770550607,Thu Jul 08 11:55:50 PDT 2021,18,205,1
1625781793288,Thu Jul 08 15:03:13 PDT 2021,18,207,0
1625783801033,Thu Jul 08 15:36:41 PDT 2021,18,208,1
1625786353471,Thu Jul 08 16:19:13 PDT 2021,18,209,1
1625787276176,Thu Jul 08 16:34:36 PDT 2021,18,210,1
1625796270150,Thu Jul 08 19:04:30 PDT 2021,18,212,0
1625842463252,Fri Jul 09 07:54:23 PDT 2021,18,214,-1
1625844540278,Fri Jul 09 08:29:00 PDT 2021,18,215,-1
1625855266055,Fri Jul 09 11:27:46 PDT 2021,18,217,-1
1625863565741,Fri Jul 09 13:46:05 PDT 2021,18,218,1
1625867947441,Fri Jul 09 14:59:07 PDT 2021,18,219,1
1625921189539,Sat Jul 10 05:46:29 PDT 2021,18,223,1
1625921895635,Sat Jul 10 05:58:15 PDT 2021,18,224,-1
1625926551959,Sat Jul 10 07:15:51 PDT 2021,18,225,-1
1625928876194,Sat Jul 10 07:54:36 PDT 2021,18,226,-1
1625937325261,Sat Jul 10 10:15:25 PDT 2021,18,227,1
1625939798975,Sat Jul 10 10:56:38 PDT 2021,18,228,1
1625961762243,Sat Jul 10 17:02:42 PDT 2021,18,231,-1
1625965169803,Sat Jul 10 17:59:29 PDT 2021,18,232,-1
1625971320977,Sat Jul 10 19:42:00 PDT 2021,18,233,1
1625982157702,Sat Jul 10 22:42:37 PDT 2021,18,234,-1
1626011297497,Sun Jul 11 06:48:17 PDT 2021,18,236,-1
1626014935843,Sun Jul 11 07:48:55 PDT 2021,18,237,-1
1626015185314,Sun Jul 11 07:53:05 PDT 2021,18,238,1
1626016271910,Sun Jul 11 08:11:11 PDT 2021,18,239,1
1626027334338,Sun Jul 11 11:15:34 PDT 2021,18,240,1
1626031309828,Sun Jul 11 12:21:49 PDT 2021,18,241,1
1626033584835,Sun Jul 11 12:59:44 PDT 2021,18,243,1
1626055644403,Sun Jul 11 19:07:24 PDT 2021,18,247,1
1626063004271,Sun Jul 11 21:10:04 PDT 2021,18,248,-1
1626097005013,Mon Jul 12 06:36:45 PDT 2021,18,249,0
1626097228435,Mon Jul 12 06:40:28 PDT 2021,18,250,1
1626100688783,Mon Jul 12 07:38:08 PDT 2021,18,251,0
1626160339297,Tue Jul 13 00:12:19 PDT 2021,18,255,-1
1626184224552,Tue Jul 13 06:50:24 PDT 2021,18,256,1
1626198008710,Tue Jul 13 10:40:08 PDT 2021,18,257,0
1626641081278,Sun Jul 18 13:44:41 PDT 2021,18,258,1
1626228151560,Tue Jul 13 19:02:31 PDT 2021,18,259,0
1626213983438,Tue Jul 13 15:06:23 PDT 2021,18,260,1
1626215341223,Tue Jul 13 15:29:01 PDT 2021,18,261,1
1626218707317,Tue Jul 13 16:25:07 PDT 2021,18,262,0
1626220720778,Tue Jul 13 16:58:40 PDT 2021,18,263,-1
1626235268274,Tue Jul 13 21:01:08 PDT 2021,18,265,1
1626383439105,Thu Jul 15 14:10:39 PDT 2021,18,267,1
1626360499027,Thu Jul 15 07:48:19 PDT 2021,18,269,1
1626385826150,Thu Jul 15 14:50:26 PDT 2021,18,271,0
1626455275842,Fri Jul 16 10:07:55 PDT 2021,18,274,-1
1626470900340,Fri Jul 16 14:28:20 PDT 2021,18,275,1
1626492660114,Fri Jul 16 20:31:00 PDT 2021,18,276,1
1626540974624,Sat Jul 17 09:56:14 PDT 2021,18,278,1
1626540667798,Sat Jul 17 09:51:07 PDT 2021,18,279,1
1626545197687,Sat Jul 17 11:06:37 PDT 2021,18,280,1
1626552356129,Sat Jul 17 13:05:56 PDT 2021,18,281,1
1626553379636,Sat Jul 17 13:22:59 PDT 2021,18,282,1
1626568260683,Sat Jul 17 17:31:00 PDT 2021,18,284,0
1626578002588,Sat Jul 17 20:13:22 PDT 2021,18,285,0
1626584546748,Sat Jul 17 22:02:26 PDT 2021,18,286,1
1626712807507,Mon Jul 19 09:40:07 PDT 2021,18,288,0
1626716555697,Mon Jul 19 10:42:35 PDT 2021,18,290,1
1626719779771,Mon Jul 19 11:36:19 PDT 2021,18,291,0
1626723953624,Mon Jul 19 12:45:53 PDT 2021,18,292,-1
1626726238806,Mon Jul 19 13:23:58 PDT 2021,18,293,0
1626737614866,Mon Jul 19 16:33:34 PDT 2021,18,294,-1
1626752332702,Mon Jul 19 20:38:52 PDT 2021,18,295,-1
1626791684850,Tue Jul 20 07:34:44 PDT 2021,18,296,-1
1626798774538,Tue Jul 20 09:32:54 PDT 2021,18,298,-1
1626908767192,Wed Jul 21 16:06:07 PDT 2021,18,299,-1
1626910713383,Wed Jul 21 16:38:33 PDT 2021,18,300,-1
1626918940342,Wed Jul 21 18:55:40 PDT 2021,18,301,-1
1627001286520,Thu Jul 22 17:48:06 PDT 2021,18,302,0
1627002330400,Thu Jul 22 18:05:30 PDT 2021,18,303,-1
1627007752859,Thu Jul 22 19:35:52 PDT 2021,18,304,-1
1627008841342,Thu Jul 22 19:54:01 PDT 2021,18,305,1
1627082449116,Fri Jul 23 16:20:49 PDT 2021,18,308,1
1627083728512,Fri Jul 23 16:42:08 PDT 2021,18,309,1
1627085018604,Fri Jul 23 17:03:38 PDT 2021,18,310,1
1627086716159,Fri Jul 23 17:31:56 PDT 2021,18,311,1
1627088060166,Fri Jul 23 17:54:20 PDT 2021,18,312,1
1627099556829,Fri Jul 23 21:05:56 PDT 2021,18,313,1
1627100609522,Fri Jul 23 21:23:29 PDT 2021,18,314,1
1627101968761,Fri Jul 23 21:46:08 PDT 2021,18,315,1
1627163047844,Sat Jul 24 14:44:07 PDT 2021,18,317,-1
1627187514924,Sat Jul 24 21:31:54 PDT 2021,18,318,0
1627191510996,Sat Jul 24 22:38:30 PDT 2021,18,319,-1
1627404944645,Tue Jul 27 09:55:44 PDT 2021,18,321,0
1627407889710,Tue Jul 27 10:44:49 PDT 2021,18,322,-1
1627414788310,Tue Jul 27 12:39:48 PDT 2021,18,325,1
1627698300889,Fri Jul 30 19:25:00 PDT 2021,18,326,0
1627439478612,Tue Jul 27 19:31:18 PDT 2021,18,327,-1
1627451540489,Tue Jul 27 22:52:20 PDT 2021,18,329,1
1627502567601,Wed Jul 28 13:02:47 PDT 2021,18,332,1
1627503974572,Wed Jul 28 13:26:14 PDT 2021,18,335,0
1627505084537,Wed Jul 28 13:44:44 PDT 2021,18,337,1
1627505794644,Wed Jul 28 13:56:34 PDT 2021,18,339,1
1627506080344,Wed Jul 28 14:01:20 PDT 2021,18,340,1
1627506807862,Wed Jul 28 14:13:27 PDT 2021,18,341,1
1627508600684,Wed Jul 28 14:43:20 PDT 2021,18,343,1
1627509899885,Wed Jul 28 15:04:59 PDT 2021,18,346,1
1627514989351,Wed Jul 28 16:29:49 PDT 2021,18,348,1
1627515212095,Wed Jul 28 16:33:32 PDT 2021,18,349,0
1627518134329,Wed Jul 28 17:22:14 PDT 2021,18,352,0
1627523109732,Wed Jul 28 18:45:09 PDT 2021,18,353,1
1627521873009,Wed Jul 28 18:24:33 PDT 2021,18,356,1
1627529003125,Wed Jul 28 20:23:23 PDT 2021,18,357,1
1627531982653,Wed Jul 28 21:13:02 PDT 2021,18,358,1
1627543026207,Thu Jul 29 00:17:06 PDT 2021,18,364,1
1627573631242,Thu Jul 29 08:47:11 PDT 2021,18,366,-1
1627577887088,Thu Jul 29 09:58:07 PDT 2021,18,368,0
1627582745803,Thu Jul 29 11:19:05 PDT 2021,18,369,1
1627585095248,Thu Jul 29 11:58:15 PDT 2021,18,372,0
1627587024591,Thu Jul 29 12:30:24 PDT 2021,18,373,-1
1627607976219,Thu Jul 29 18:19:36 PDT 2021,18,376,-1
1627613809784,Thu Jul 29 19:56:49 PDT 2021,18,378,1
1627617964988,Thu Jul 29 21:06:04 PDT 2021,18,379,1
1627655090349,Fri Jul 30 07:24:50 PDT 2021,18,380,1
1627656056720,Fri Jul 30 07:40:56 PDT 2021,18,381,0
1627663606796,Fri Jul 30 09:46:46 PDT 2021,18,382,-1
1627666260734,Fri Jul 30 10:31:00 PDT 2021,18,384,1
1627673673055,Fri Jul 30 12:34:33 PDT 2021,18,385,1
1627675230262,Fri Jul 30 13:00:30 PDT 2021,18,386,-1
1627675983678,Fri Jul 30 13:13:03 PDT 2021,18,387,1
1627681039992,Fri Jul 30 14:37:19 PDT 2021,18,388,1
1627682022318,Fri Jul 30 14:53:42 PDT 2021,18,389,0
1627686126841,Fri Jul 30 16:02:06 PDT 2021,18,394,1
1627690162679,Fri Jul 30 17:09:22 PDT 2021,18,395,0
1627701763724,Fri Jul 30 20:22:43 PDT 2021,18,396,1
1627752466974,Sat Jul 31 10:27:46 PDT 2021,18,397,1
1627752547432,Sat Jul 31 10:29:07 PDT 2021,18,398,1
1627769648349,Sat Jul 31 15:14:08 PDT 2021,18,401,1
1627772207841,Sat Jul 31 15:56:47 PDT 2021,18,402,-1
1627775632576,Sat Jul 31 16:53:52 PDT 2021,18,403,1
1627837569142,Sun Aug 01 10:06:09 PDT 2021,18,404,-1
1624995179827,Tue Jun 29 12:32:59 PDT 2021,19,0,1
1624917482879,Mon Jun 28 14:58:02 PDT 2021,19,1,-1
1624924630846,Mon Jun 28 16:57:10 PDT 2021,19,2,0
1624978293678,Tue Jun 29 07:51:33 PDT 2021,19,3,0
1624980394011,Tue Jun 29 08:26:34 PDT 2021,19,5,0
1624981054380,Tue Jun 29 08:37:34 PDT 2021,19,6,1
1624983171209,Tue Jun 29 09:12:51 PDT 2021,19,7,0
1624995876054,Tue Jun 29 12:44:36 PDT 2021,19,9,1
1624997089516,Tue Jun 29 13:04:49 PDT 2021,19,10,1
1624999342275,Tue Jun 29 13:42:22 PDT 2021,19,11,0
1625000391580,Tue Jun 29 13:59:51 PDT 2021,19,12,-1
1625000289021,Tue Jun 29 13:58:09 PDT 2021,19,13,1
1625002284991,Tue Jun 29 14:31:24 PDT 2021,19,14,-1
1625003312977,Tue Jun 29 14:48:32 PDT 2021,19,15,-1
1625003918174,Tue Jun 29 14:58:38 PDT 2021,19,16,-1
1625007359518,Tue Jun 29 15:55:59 PDT 2021,19,17,-1
1625007453585,Tue Jun 29 15:57:33 PDT 2021,19,18,0
1625008544206,Tue Jun 29 16:15:44 PDT 2021,19,19,-1
1625008875268,Tue Jun 29 16:21:15 PDT 2021,19,21,1
1625009173626,Tue Jun 29 16:26:13 PDT 2021,19,22,0
1625019759315,Tue Jun 29 19:22:39 PDT 2021,19,24,-1
1625019953497,Tue Jun 29 19:25:53 PDT 2021,19,25,-1
1625019867104,Tue Jun 29 19:24:27 PDT 2021,19,26,1
1625022099733,Tue Jun 29 20:01:39 PDT 2021,19,27,1
1625055569254,Wed Jun 30 05:19:29 PDT 2021,19,28,-1
1625058035368,Wed Jun 30 06:00:35 PDT 2021,19,30,-1
1625064509431,Wed Jun 30 07:48:29 PDT 2021,19,33,0
1625066284136,Wed Jun 30 08:18:04 PDT 2021,19,34,1
1625068308414,Wed Jun 30 08:51:48 PDT 2021,19,35,-1
1625069239826,Wed Jun 30 09:07:19 PDT 2021,19,36,-1
1625071423440,Wed Jun 30 09:43:43 PDT 2021,19,37,-1
1625072045857,Wed Jun 30 09:54:05 PDT 2021,19,38,-1
1625082347590,Wed Jun 30 12:45:47 PDT 2021,19,40,-1
1625099411871,Wed Jun 30 17:30:11 PDT 2021,19,41,1
1625086349436,Wed Jun 30 13:52:29 PDT 2021,19,42,1
1625089874561,Wed Jun 30 14:51:14 PDT 2021,19,43,-1
1625092926918,Wed Jun 30 15:42:06 PDT 2021,19,45,-1
1625094942835,Wed Jun 30 16:15:42 PDT 2021,19,46,1
1625095033339,Wed Jun 30 16:17:13 PDT 2021,19,47,1
1625096099290,Wed Jun 30 16:34:59 PDT 2021,19,48,0
1625099072262,Wed Jun 30 17:24:32 PDT 2021,19,50,0
1625101177853,Wed Jun 30 17:59:37 PDT 2021,19,52,1
1625101752708,Wed Jun 30 18:09:12 PDT 2021,19,53,1
1625101229326,Wed Jun 30 18:00:29 PDT 2021,19,54,1
1625108274695,Wed Jun 30 19:57:54 PDT 2021,19,55,-1
1625112294224,Wed Jun 30 21:04:54 PDT 2021,19,56,0
1625116043898,Wed Jun 30 22:07:23 PDT 2021,19,57,1
1625117510224,Wed Jun 30 22:31:50 PDT 2021,19,58,0
1625118025757,Wed Jun 30 22:40:25 PDT 2021,19,59,0
1625120630699,Wed Jun 30 23:23:50 PDT 2021,19,60,0
1625150604145,Thu Jul 01 07:43:24 PDT 2021,19,61,-1
1625151126886,Thu Jul 01 07:52:06 PDT 2021,19,62,0
1625153744856,Thu Jul 01 08:35:44 PDT 2021,19,63,1
1625155729688,Thu Jul 01 09:08:49 PDT 2021,19,64,1
1625157844921,Thu Jul 01 09:44:04 PDT 2021,19,65,-1
1625410736109,Sun Jul 04 07:58:56 PDT 2021,19,66,-1
1625159883393,Thu Jul 01 10:18:03 PDT 2021,19,68,-1
1625160053414,Thu Jul 01 10:20:53 PDT 2021,19,69,1
1625160156065,Thu Jul 01 10:22:36 PDT 2021,19,70,0
1625161846012,Thu Jul 01 10:50:46 PDT 2021,19,71,1
1625163566786,Thu Jul 01 11:19:26 PDT 2021,19,73,1
1625164860931,Thu Jul 01 11:41:00 PDT 2021,19,74,0
1625164185784,Thu Jul 01 11:29:45 PDT 2021,19,83,1
1625164401960,Thu Jul 01 11:33:21 PDT 2021,19,84,1
1625164961950,Thu Jul 01 11:42:41 PDT 2021,19,85,1
1625165310021,Thu Jul 01 11:48:30 PDT 2021,19,86,1
1625168336743,Thu Jul 01 12:38:56 PDT 2021,19,92,1
1625174774617,Thu Jul 01 14:26:14 PDT 2021,19,94,0
1625175064826,Thu Jul 01 14:31:04 PDT 2021,19,95,-1
1625182851208,Thu Jul 01 16:40:51 PDT 2021,19,96,0
1626145285866,Mon Jul 12 20:01:25 PDT 2021,19,98,1
1625190822927,Thu Jul 01 18:53:42 PDT 2021,19,100,-1
1625191082307,Thu Jul 01 18:58:02 PDT 2021,19,101,0
1625200051708,Thu Jul 01 21:27:31 PDT 2021,19,102,1
1625238263944,Fri Jul 02 08:04:23 PDT 2021,19,103,1
1625241109533,Fri Jul 02 08:51:49 PDT 2021,19,104,0
1625241799054,Fri Jul 02 09:03:19 PDT 2021,19,105,-1
1625242297431,Fri Jul 02 09:11:37 PDT 2021,19,106,0
1625245764867,Fri Jul 02 10:09:24 PDT 2021,19,107,-1
1625251586600,Fri Jul 02 11:46:26 PDT 2021,19,108,0
1625266210601,Fri Jul 02 15:50:10 PDT 2021,19,111,-1
1625276117708,Fri Jul 02 18:35:17 PDT 2021,19,112,-1
1625320399242,Sat Jul 03 06:53:19 PDT 2021,19,116,0
1625329586361,Sat Jul 03 09:26:26 PDT 2021,19,118,1
1625334161910,Sat Jul 03 10:42:41 PDT 2021,19,119,0
1625362235275,Sat Jul 03 18:30:35 PDT 2021,19,120,1
1625362256853,Sat Jul 03 18:30:56 PDT 2021,19,120,1
1625364454118,Sat Jul 03 19:07:34 PDT 2021,19,121,1
1625365300475,Sat Jul 03 19:21:40 PDT 2021,19,122,1
1625366518262,Sat Jul 03 19:41:58 PDT 2021,19,123,-1
1625376042461,Sat Jul 03 22:20:42 PDT 2021,19,124,-1
1625410327969,Sun Jul 04 07:52:07 PDT 2021,19,126,0
1625413396889,Sun Jul 04 08:43:16 PDT 2021,19,127,0
1625424855875,Sun Jul 04 11:54:15 PDT 2021,19,131,1
1625428717701,Sun Jul 04 12:58:37 PDT 2021,19,132,-1
1625435841734,Sun Jul 04 14:57:21 PDT 2021,19,135,0
1625436356968,Sun Jul 04 15:05:56 PDT 2021,19,136,0
1625437148213,Sun Jul 04 15:19:08 PDT 2021,19,137,0
1625452008953,Sun Jul 04 19:26:48 PDT 2021,19,141,-1
1625454572401,Sun Jul 04 20:09:32 PDT 2021,19,142,-1
1625462770843,Sun Jul 04 22:26:10 PDT 2021,19,145,0
1625496258258,Mon Jul 05 07:44:18 PDT 2021,19,147,0
1625593954378,Tue Jul 06 10:52:34 PDT 2021,19,151,-1
1625602597075,Tue Jul 06 13:16:37 PDT 2021,19,152,0
1625597956040,Tue Jul 06 11:59:16 PDT 2021,19,153,-1
1625601322662,Tue Jul 06 12:55:22 PDT 2021,19,154,-1
1625611331001,Tue Jul 06 15:42:11 PDT 2021,19,155,-1
1625627475870,Tue Jul 06 20:11:15 PDT 2021,19,156,0
1625635914202,Tue Jul 06 22:31:54 PDT 2021,19,157,1
1625672858736,Wed Jul 07 08:47:38 PDT 2021,19,160,0
1625674477959,Wed Jul 07 09:14:37 PDT 2021,19,161,0
1625675156146,Wed Jul 07 09:25:56 PDT 2021,19,162,1
1625676547602,Wed Jul 07 09:49:07 PDT 2021,19,163,1
1625677344073,Wed Jul 07 10:02:24 PDT 2021,19,165,1
1625678106863,Wed Jul 07 10:15:06 PDT 2021,19,166,0
1625686237484,Wed Jul 07 12:30:37 PDT 2021,19,170,0
1625694195447,Wed Jul 07 14:43:15 PDT 2021,19,173,0
1625694173086,Wed Jul 07 14:42:53 PDT 2021,19,174,-1
1625696570298,Wed Jul 07 15:22:50 PDT 2021,19,181,-1
1625698131520,Wed Jul 07 15:48:51 PDT 2021,19,183,0
1625700004290,Wed Jul 07 16:20:04 PDT 2021,19,186,0
1625701003111,Wed Jul 07 16:36:43 PDT 2021,19,187,0
1625700762519,Wed Jul 07 16:32:42 PDT 2021,19,188,1
1625702911191,Wed Jul 07 17:08:31 PDT 2021,19,189,1
1625710447139,Wed Jul 07 19:14:07 PDT 2021,19,191,0
1625710256742,Wed Jul 07 19:10:56 PDT 2021,19,193,0
1625710473038,Wed Jul 07 19:14:33 PDT 2021,19,194,1
1625722651522,Wed Jul 07 22:37:31 PDT 2021,19,196,0
1625755726315,Thu Jul 08 07:48:46 PDT 2021,19,198,1
1625759634380,Thu Jul 08 08:53:54 PDT 2021,19,199,-1
1625762491729,Thu Jul 08 09:41:31 PDT 2021,19,201,1
1625763416596,Thu Jul 08 09:56:56 PDT 2021,19,203,1
1625768641912,Thu Jul 08 11:24:01 PDT 2021,19,204,1
1625770288621,Thu Jul 08 11:51:28 PDT 2021,19,205,1
1625782311078,Thu Jul 08 15:11:51 PDT 2021,19,207,-1
1625784242254,Thu Jul 08 15:44:02 PDT 2021,19,208,0
1625786248616,Thu Jul 08 16:17:28 PDT 2021,19,209,-1
1625796240745,Thu Jul 08 19:04:00 PDT 2021,19,212,0
1625801578611,Thu Jul 08 20:32:58 PDT 2021,19,213,0
1625845442248,Fri Jul 09 08:44:02 PDT 2021,19,215,-1
1625855349081,Fri Jul 09 11:29:09 PDT 2021,19,217,0
1625864030110,Fri Jul 09 13:53:50 PDT 2021,19,218,0
1625868266285,Fri Jul 09 15:04:26 PDT 2021,19,219,-1
1625921379270,Sat Jul 10 05:49:39 PDT 2021,19,223,-1
1625922131001,Sat Jul 10 06:02:11 PDT 2021,19,224,-1
1625926544886,Sat Jul 10 07:15:44 PDT 2021,19,225,1
1625928666015,Sat Jul 10 07:51:06 PDT 2021,19,226,0
1625938833686,Sat Jul 10 10:40:33 PDT 2021,19,228,1
1625961680411,Sat Jul 10 17:01:20 PDT 2021,19,231,-1
1625964438485,Sat Jul 10 17:47:18 PDT 2021,19,232,-1
1625971792571,Sat Jul 10 19:49:52 PDT 2021,19,233,0
1625982605708,Sat Jul 10 22:50:05 PDT 2021,19,234,1
1626012259120,Sun Jul 11 07:04:19 PDT 2021,19,236,0
1626014886478,Sun Jul 11 07:48:06 PDT 2021,19,237,-1
1626015690752,Sun Jul 11 08:01:30 PDT 2021,19,238,-1
1626018238635,Sun Jul 11 08:43:58 PDT 2021,19,239,1
1626027239734,Sun Jul 11 11:13:59 PDT 2021,19,240,-1
1626031442154,Sun Jul 11 12:24:02 PDT 2021,19,241,0
1626033743530,Sun Jul 11 13:02:23 PDT 2021,19,243,0
1626055955157,Sun Jul 11 19:12:35 PDT 2021,19,247,-1
1626063632600,Sun Jul 11 21:20:32 PDT 2021,19,248,-1
1626097557901,Mon Jul 12 06:45:57 PDT 2021,19,250,1
1626160334487,Tue Jul 13 00:12:14 PDT 2021,19,255,1
1626184819781,Tue Jul 13 07:00:19 PDT 2021,19,256,0
1626198234421,Tue Jul 13 10:43:54 PDT 2021,19,257,1
1626214299917,Tue Jul 13 15:11:39 PDT 2021,19,260,-1
1627752293787,Sat Jul 31 10:24:53 PDT 2021,19,261,1
1626234552021,Tue Jul 13 20:49:12 PDT 2021,19,264,0
1626274788104,Wed Jul 14 07:59:48 PDT 2021,19,265,0
1626383770389,Thu Jul 15 14:16:10 PDT 2021,19,267,1
1626386225805,Thu Jul 15 14:57:05 PDT 2021,19,271,0
1626455401764,Fri Jul 16 10:10:01 PDT 2021,19,274,-1
1626471987225,Fri Jul 16 14:46:27 PDT 2021,19,275,-1
1626492861572,Fri Jul 16 20:34:21 PDT 2021,19,276,1
1626540489326,Sat Jul 17 09:48:09 PDT 2021,19,278,-1
1626540712168,Sat Jul 17 09:51:52 PDT 2021,19,279,-1
1626545913333,Sat Jul 17 11:18:33 PDT 2021,19,280,1
1626552533351,Sat Jul 17 13:08:53 PDT 2021,19,281,-1
1626554053001,Sat Jul 17 13:34:13 PDT 2021,19,282,-1
1626568310084,Sat Jul 17 17:31:50 PDT 2021,19,284,1
1626584599091,Sat Jul 17 22:03:19 PDT 2021,19,286,1
1626713185904,Mon Jul 19 09:46:25 PDT 2021,19,288,0
1626716552265,Mon Jul 19 10:42:32 PDT 2021,19,290,1
1626720059135,Mon Jul 19 11:40:59 PDT 2021,19,291,0
1626724124630,Mon Jul 19 12:48:44 PDT 2021,19,292,1
1626737835671,Mon Jul 19 16:37:15 PDT 2021,19,294,0
1626752395841,Mon Jul 19 20:39:55 PDT 2021,19,295,-1
1626792369065,Tue Jul 20 07:46:09 PDT 2021,19,296,1
1626799146450,Tue Jul 20 09:39:06 PDT 2021,19,298,-1
1626909366804,Wed Jul 21 16:16:06 PDT 2021,19,299,1
1626965075981,Thu Jul 22 07:44:35 PDT 2021,19,300,0
1627001468397,Thu Jul 22 17:51:08 PDT 2021,19,302,0
1627002619738,Thu Jul 22 18:10:19 PDT 2021,19,303,1
1627008425784,Thu Jul 22 19:47:05 PDT 2021,19,305,-1
1627084393235,Fri Jul 23 16:53:13 PDT 2021,19,309,1
1627085298494,Fri Jul 23 17:08:18 PDT 2021,19,310,1
1627086499211,Fri Jul 23 17:28:19 PDT 2021,19,311,1
1627087944356,Fri Jul 23 17:52:24 PDT 2021,19,312,1
1627099731870,Fri Jul 23 21:08:51 PDT 2021,19,313,1
1627100482098,Fri Jul 23 21:21:22 PDT 2021,19,314,1
1627101624223,Fri Jul 23 21:40:24 PDT 2021,19,315,1
1627163273693,Sat Jul 24 14:47:53 PDT 2021,19,317,0
1627187956860,Sat Jul 24 21:39:16 PDT 2021,19,318,1
1627191666216,Sat Jul 24 22:41:06 PDT 2021,19,319,1
1627407270111,Tue Jul 27 10:34:30 PDT 2021,19,322,1
1627415028718,Tue Jul 27 12:43:48 PDT 2021,19,325,1
1627425724290,Tue Jul 27 15:42:04 PDT 2021,19,326,0
1627439603450,Tue Jul 27 19:33:23 PDT 2021,19,327,0
1627451215465,Tue Jul 27 22:46:55 PDT 2021,19,328,1
1627451504718,Tue Jul 27 22:51:44 PDT 2021,19,329,1
1627501584659,Wed Jul 28 12:46:24 PDT 2021,19,332,1
1627503214303,Wed Jul 28 13:13:34 PDT 2021,19,334,1
1627504951595,Wed Jul 28 13:42:31 PDT 2021,19,337,1
1627505497824,Wed Jul 28 13:51:37 PDT 2021,19,339,1
1627506870860,Wed Jul 28 14:14:30 PDT 2021,19,342,0
1627508479123,Wed Jul 28 14:41:19 PDT 2021,19,343,1
1627570900323,Thu Jul 29 08:01:40 PDT 2021,19,347,0
1627515272973,Wed Jul 28 16:34:32 PDT 2021,19,348,-1
1627515438874,Wed Jul 28 16:37:18 PDT 2021,19,350,0
1627522863642,Wed Jul 28 18:41:03 PDT 2021,19,353,-1
1627521989977,Wed Jul 28 18:26:29 PDT 2021,19,356,0
1627529030534,Wed Jul 28 20:23:50 PDT 2021,19,357,1
1627535451619,Wed Jul 28 22:10:51 PDT 2021,19,361,0
1627543971701,Thu Jul 29 00:32:51 PDT 2021,19,364,-1
1627573992125,Thu Jul 29 08:53:12 PDT 2021,19,366,1
1627578410603,Thu Jul 29 10:06:50 PDT 2021,19,368,-1
1627583066395,Thu Jul 29 11:24:26 PDT 2021,19,369,1
1627586895006,Thu Jul 29 12:28:15 PDT 2021,19,373,-1
1627608869419,Thu Jul 29 18:34:29 PDT 2021,19,376,0
1627654950713,Fri Jul 30 07:22:30 PDT 2021,19,380,-1
1627663590747,Fri Jul 30 09:46:30 PDT 2021,19,382,1
1627666761516,Fri Jul 30 10:39:21 PDT 2021,19,384,0
1627675712428,Fri Jul 30 13:08:32 PDT 2021,19,386,0
1627676096232,Fri Jul 30 13:14:56 PDT 2021,19,387,0
1627680622248,Fri Jul 30 14:30:22 PDT 2021,19,388,-1
1627682561844,Fri Jul 30 15:02:41 PDT 2021,19,389,0
1627684058022,Fri Jul 30 15:27:38 PDT 2021,19,391,1
1627686049702,Fri Jul 30 16:00:49 PDT 2021,19,394,1
1627689935644,Fri Jul 30 17:05:35 PDT 2021,19,395,-1
1627703664916,Fri Jul 30 20:54:24 PDT 2021,19,396,0
1627756950910,Sat Jul 31 11:42:30 PDT 2021,19,399,1
1627770497803,Sat Jul 31 15:28:17 PDT 2021,19,401,0
1627771750284,Sat Jul 31 15:49:10 PDT 2021,19,402,1
1627776316795,Sat Jul 31 17:05:16 PDT 2021,19,403,-1
1627838092254,Sun Aug 01 10:14:52 PDT 2021,19,404,1
1624995103513,Tue Jun 29 12:31:43 PDT 2021,20,0,1
1624917407856,Mon Jun 28 14:56:47 PDT 2021,20,1,1
1624924579591,Mon Jun 28 16:56:19 PDT 2021,20,2,1
1624978164956,Tue Jun 29 07:49:24 PDT 2021,20,3,1
1624980320951,Tue Jun 29 08:25:20 PDT 2021,20,5,1
1624980963415,Tue Jun 29 08:36:03 PDT 2021,20,6,1
1624982941163,Tue Jun 29 09:09:01 PDT 2021,20,7,1
1624995642756,Tue Jun 29 12:40:42 PDT 2021,20,9,1
1624997022342,Tue Jun 29 13:03:42 PDT 2021,20,10,1
1624999266663,Tue Jun 29 13:41:06 PDT 2021,20,11,1
1625000161510,Tue Jun 29 13:56:01 PDT 2021,20,12,1
1625000311612,Tue Jun 29 13:58:31 PDT 2021,20,13,1
1625002059574,Tue Jun 29 14:27:39 PDT 2021,20,14,1
1625003382818,Tue Jun 29 14:49:42 PDT 2021,20,15,1
1625004152658,Tue Jun 29 15:02:32 PDT 2021,20,16,0
1625007336743,Tue Jun 29 15:55:36 PDT 2021,20,17,1
1625007490279,Tue Jun 29 15:58:10 PDT 2021,20,18,1
1625008484749,Tue Jun 29 16:14:44 PDT 2021,20,19,1
1625008790620,Tue Jun 29 16:19:50 PDT 2021,20,21,1
1625009057046,Tue Jun 29 16:24:17 PDT 2021,20,22,1
1625019913896,Tue Jun 29 19:25:13 PDT 2021,20,24,1
1625019828574,Tue Jun 29 19:23:48 PDT 2021,20,25,1
1625020058382,Tue Jun 29 19:27:38 PDT 2021,20,26,1
1625021965741,Tue Jun 29 19:59:25 PDT 2021,20,27,1
1625055503467,Wed Jun 30 05:18:23 PDT 2021,20,28,1
1625057952792,Wed Jun 30 05:59:12 PDT 2021,20,30,1
1625064778519,Wed Jun 30 07:52:58 PDT 2021,20,33,1
1625066530235,Wed Jun 30 08:22:10 PDT 2021,20,34,1
1625068302499,Wed Jun 30 08:51:42 PDT 2021,20,35,1
1625069282907,Wed Jun 30 09:08:02 PDT 2021,20,36,1
1625071527269,Wed Jun 30 09:45:27 PDT 2021,20,37,1
1625072100151,Wed Jun 30 09:55:00 PDT 2021,20,38,1
1625082264916,Wed Jun 30 12:44:24 PDT 2021,20,40,1
1625099160215,Wed Jun 30 17:26:00 PDT 2021,20,41,1
1625086675858,Wed Jun 30 13:57:55 PDT 2021,20,42,1
1625090028633,Wed Jun 30 14:53:48 PDT 2021,20,43,1
1625092844413,Wed Jun 30 15:40:44 PDT 2021,20,45,1
1625095011610,Wed Jun 30 16:16:51 PDT 2021,20,46,1
1625095023866,Wed Jun 30 16:17:03 PDT 2021,20,47,1
1625095815238,Wed Jun 30 16:30:15 PDT 2021,20,48,1
1625099351325,Wed Jun 30 17:29:11 PDT 2021,20,50,1
1625100989517,Wed Jun 30 17:56:29 PDT 2021,20,52,1
1625101700052,Wed Jun 30 18:08:20 PDT 2021,20,53,1
1625101620464,Wed Jun 30 18:07:00 PDT 2021,20,54,1
1625107994255,Wed Jun 30 19:53:14 PDT 2021,20,55,1
1625116120921,Wed Jun 30 22:08:40 PDT 2021,20,57,1
1625118112935,Wed Jun 30 22:41:52 PDT 2021,20,59,-1
1625150615396,Thu Jul 01 07:43:35 PDT 2021,20,61,1
1625151475184,Thu Jul 01 07:57:55 PDT 2021,20,62,1
1625153280715,Thu Jul 01 08:28:00 PDT 2021,20,63,1
1625155513353,Thu Jul 01 09:05:13 PDT 2021,20,64,1
1625157793793,Thu Jul 01 09:43:13 PDT 2021,20,65,1
1625410467118,Sun Jul 04 07:54:27 PDT 2021,20,66,1
1625159665546,Thu Jul 01 10:14:25 PDT 2021,20,68,1
1625159897896,Thu Jul 01 10:18:17 PDT 2021,20,69,1
1625160160239,Thu Jul 01 10:22:40 PDT 2021,20,70,1
1625162636903,Thu Jul 01 11:03:56 PDT 2021,20,71,1
1625163331883,Thu Jul 01 11:15:31 PDT 2021,20,73,-1
1625164843015,Thu Jul 01 11:40:43 PDT 2021,20,74,0
1625164136846,Thu Jul 01 11:28:56 PDT 2021,20,83,-1
1625165001850,Thu Jul 01 11:43:21 PDT 2021,20,85,-1
1625165376681,Thu Jul 01 11:49:36 PDT 2021,20,86,-1
1625168523460,Thu Jul 01 12:42:03 PDT 2021,20,92,1
1625173385107,Thu Jul 01 14:03:05 PDT 2021,20,93,0
1625175106080,Thu Jul 01 14:31:46 PDT 2021,20,94,1
1625175027953,Thu Jul 01 14:30:27 PDT 2021,20,95,1
1625183259385,Thu Jul 01 16:47:39 PDT 2021,20,96,1
1626140914969,Mon Jul 12 18:48:34 PDT 2021,20,98,1
1625190574473,Thu Jul 01 18:49:34 PDT 2021,20,100,1
1625191173691,Thu Jul 01 18:59:33 PDT 2021,20,101,1
1625199719920,Thu Jul 01 21:21:59 PDT 2021,20,102,1
1625238035889,Fri Jul 02 08:00:35 PDT 2021,20,103,-1
1625241612565,Fri Jul 02 09:00:12 PDT 2021,20,104,1
1625241830103,Fri Jul 02 09:03:50 PDT 2021,20,105,1
1625241864260,Fri Jul 02 09:04:24 PDT 2021,20,106,1
1625246289428,Fri Jul 02 10:18:09 PDT 2021,20,107,1
1625251704528,Fri Jul 02 11:48:24 PDT 2021,20,108,1
1625266325243,Fri Jul 02 15:52:05 PDT 2021,20,111,1
1625274967263,Fri Jul 02 18:16:07 PDT 2021,20,112,1
1625329454569,Sat Jul 03 09:24:14 PDT 2021,20,118,1
1625333307796,Sat Jul 03 10:28:27 PDT 2021,20,119,1
1625364645403,Sat Jul 03 19:10:45 PDT 2021,20,121,-1
1625365564726,Sat Jul 03 19:26:04 PDT 2021,20,122,1
1625365567611,Sat Jul 03 19:26:07 PDT 2021,20,123,1
1625374499578,Sat Jul 03 21:54:59 PDT 2021,20,124,1
1625384238137,Sun Jul 04 00:37:18 PDT 2021,20,125,1
1625410177153,Sun Jul 04 07:49:37 PDT 2021,20,126,0
1625414174638,Sun Jul 04 08:56:14 PDT 2021,20,127,1
1625424182830,Sun Jul 04 11:43:02 PDT 2021,20,131,1
1625429051246,Sun Jul 04 13:04:11 PDT 2021,20,132,1
1625435867792,Sun Jul 04 14:57:47 PDT 2021,20,135,1
1625436661715,Sun Jul 04 15:11:01 PDT 2021,20,136,1
1625436920317,Sun Jul 04 15:15:20 PDT 2021,20,137,1
1625451936587,Sun Jul 04 19:25:36 PDT 2021,20,141,1
1625454742832,Sun Jul 04 20:12:22 PDT 2021,20,142,0
1625461708666,Sun Jul 04 22:08:28 PDT 2021,20,145,1
1625496163429,Mon Jul 05 07:42:43 PDT 2021,20,147,1
1625593719417,Tue Jul 06 10:48:39 PDT 2021,20,151,1
1625602504848,Tue Jul 06 13:15:04 PDT 2021,20,152,1
1625613817175,Tue Jul 06 16:23:37 PDT 2021,20,153,1
1625611366090,Tue Jul 06 15:42:46 PDT 2021,20,155,1
1625627607878,Tue Jul 06 20:13:27 PDT 2021,20,156,1
1625635660664,Tue Jul 06 22:27:40 PDT 2021,20,157,1
1625672738953,Wed Jul 07 08:45:38 PDT 2021,20,160,1
1625674545650,Wed Jul 07 09:15:45 PDT 2021,20,161,1
1625675525699,Wed Jul 07 09:32:05 PDT 2021,20,162,0
1625676394987,Wed Jul 07 09:46:34 PDT 2021,20,163,1
1625678615775,Wed Jul 07 10:23:35 PDT 2021,20,166,1
1625677748681,Wed Jul 07 10:09:08 PDT 2021,20,168,1
1625686328750,Wed Jul 07 12:32:08 PDT 2021,20,170,0
1625693739497,Wed Jul 07 14:35:39 PDT 2021,20,173,1
1625693813935,Wed Jul 07 14:36:53 PDT 2021,20,174,1
1625694641533,Wed Jul 07 14:50:41 PDT 2021,20,177,1
1625696561291,Wed Jul 07 15:22:41 PDT 2021,20,181,1
1625698576591,Wed Jul 07 15:56:16 PDT 2021,20,183,1
1625699806552,Wed Jul 07 16:16:46 PDT 2021,20,184,1
1625700063360,Wed Jul 07 16:21:03 PDT 2021,20,186,1
1625700187594,Wed Jul 07 16:23:07 PDT 2021,20,187,1
1625700666809,Wed Jul 07 16:31:06 PDT 2021,20,188,1
1625702738831,Wed Jul 07 17:05:38 PDT 2021,20,189,-1
1625710234268,Wed Jul 07 19:10:34 PDT 2021,20,191,1
1625710294952,Wed Jul 07 19:11:34 PDT 2021,20,193,1
1625710626169,Wed Jul 07 19:17:06 PDT 2021,20,194,1
1625722923804,Wed Jul 07 22:42:03 PDT 2021,20,196,1
1625752707286,Thu Jul 08 06:58:27 PDT 2021,20,197,1
1625755692402,Thu Jul 08 07:48:12 PDT 2021,20,198,1
1625759318274,Thu Jul 08 08:48:38 PDT 2021,20,199,1
1625760219985,Thu Jul 08 09:03:39 PDT 2021,20,200,1
1625762386732,Thu Jul 08 09:39:46 PDT 2021,20,201,-1
1625763315166,Thu Jul 08 09:55:15 PDT 2021,20,203,1
1625770556990,Thu Jul 08 11:55:56 PDT 2021,20,205,1
1625781559724,Thu Jul 08 14:59:19 PDT 2021,20,207,1
1625783786938,Thu Jul 08 15:36:26 PDT 2021,20,208,1
1625786211546,Thu Jul 08 16:16:51 PDT 2021,20,209,1
1625789442822,Thu Jul 08 17:10:42 PDT 2021,20,210,1
1625844487586,Fri Jul 09 08:28:07 PDT 2021,20,215,1
1625855526655,Fri Jul 09 11:32:06 PDT 2021,20,217,1
1625863356261,Fri Jul 09 13:42:36 PDT 2021,20,218,1
1625868106302,Fri Jul 09 15:01:46 PDT 2021,20,219,1
1625921383211,Sat Jul 10 05:49:43 PDT 2021,20,223,1
1625921924477,Sat Jul 10 05:58:44 PDT 2021,20,224,1
1625929368731,Sat Jul 10 08:02:48 PDT 2021,20,226,1
1625937568899,Sat Jul 10 10:19:28 PDT 2021,20,227,1
1625961561716,Sat Jul 10 16:59:21 PDT 2021,20,231,1
1625964977082,Sat Jul 10 17:56:17 PDT 2021,20,232,1
1625971641251,Sat Jul 10 19:47:21 PDT 2021,20,233,1
1625982182184,Sat Jul 10 22:43:02 PDT 2021,20,234,1
1626011972354,Sun Jul 11 06:59:32 PDT 2021,20,236,1
1626015334621,Sun Jul 11 07:55:34 PDT 2021,20,237,0
1626015307894,Sun Jul 11 07:55:07 PDT 2021,20,238,1
1626018344256,Sun Jul 11 08:45:44 PDT 2021,20,239,1
1626027244398,Sun Jul 11 11:14:04 PDT 2021,20,240,1
1626031784197,Sun Jul 11 12:29:44 PDT 2021,20,241,1
1626033469905,Sun Jul 11 12:57:49 PDT 2021,20,243,1
1626055740340,Sun Jul 11 19:09:00 PDT 2021,20,247,1
1626063030970,Sun Jul 11 21:10:30 PDT 2021,20,248,1
1626097014907,Mon Jul 12 06:36:54 PDT 2021,20,249,0
1626097284119,Mon Jul 12 06:41:24 PDT 2021,20,250,1
1626101133990,Mon Jul 12 07:45:33 PDT 2021,20,251,1
1626103829761,Mon Jul 12 08:30:29 PDT 2021,20,252,1
1626160384796,Tue Jul 13 00:13:04 PDT 2021,20,255,1
1626184417561,Tue Jul 13 06:53:37 PDT 2021,20,256,1
1626198209575,Tue Jul 13 10:43:29 PDT 2021,20,257,0
1626640999059,Sun Jul 18 13:43:19 PDT 2021,20,258,1
1626214333482,Tue Jul 13 15:12:13 PDT 2021,20,260,1
1626218924457,Tue Jul 13 16:28:44 PDT 2021,20,262,1
1626220536424,Tue Jul 13 16:55:36 PDT 2021,20,263,1
1626235416889,Tue Jul 13 21:03:36 PDT 2021,20,265,1
1626383674349,Thu Jul 15 14:14:34 PDT 2021,20,267,1
1626328215768,Wed Jul 14 22:50:15 PDT 2021,20,268,1
1626360678469,Thu Jul 15 07:51:18 PDT 2021,20,269,1
1626385830958,Thu Jul 15 14:50:30 PDT 2021,20,271,1
1626455657556,Fri Jul 16 10:14:17 PDT 2021,20,274,1
1626471291838,Fri Jul 16 14:34:51 PDT 2021,20,275,1
1626492716073,Fri Jul 16 20:31:56 PDT 2021,20,276,0
1626540710773,Sat Jul 17 09:51:50 PDT 2021,20,278,1
1626540612411,Sat Jul 17 09:50:12 PDT 2021,20,279,1
1626545683051,Sat Jul 17 11:14:43 PDT 2021,20,280,1
1626552575982,Sat Jul 17 13:09:35 PDT 2021,20,281,1
1626553671578,Sat Jul 17 13:27:51 PDT 2021,20,282,1
1626568198450,Sat Jul 17 17:29:58 PDT 2021,20,284,1
1626584536272,Sat Jul 17 22:02:16 PDT 2021,20,286,1
1626713176396,Mon Jul 19 09:46:16 PDT 2021,20,288,1
1626716456061,Mon Jul 19 10:40:56 PDT 2021,20,290,1
1626720336018,Mon Jul 19 11:45:36 PDT 2021,20,291,1
1626723870466,Mon Jul 19 12:44:30 PDT 2021,20,292,1
1626737731738,Mon Jul 19 16:35:31 PDT 2021,20,294,-1
1626752073782,Mon Jul 19 20:34:33 PDT 2021,20,295,1
1626792300354,Tue Jul 20 07:45:00 PDT 2021,20,296,1
1626798673730,Tue Jul 20 09:31:13 PDT 2021,20,298,1
1626908836948,Wed Jul 21 16:07:16 PDT 2021,20,299,-1
1626965247856,Thu Jul 22 07:47:27 PDT 2021,20,300,0
1626919270119,Wed Jul 21 19:01:10 PDT 2021,20,301,1
1627001276206,Thu Jul 22 17:47:56 PDT 2021,20,302,1
1627002366418,Thu Jul 22 18:06:06 PDT 2021,20,303,-1
1627007756475,Thu Jul 22 19:35:56 PDT 2021,20,304,1
1627008918909,Thu Jul 22 19:55:18 PDT 2021,20,305,1
1627082460389,Fri Jul 23 16:21:00 PDT 2021,20,308,1
1627083649955,Fri Jul 23 16:40:49 PDT 2021,20,309,1
1627085775876,Fri Jul 23 17:16:15 PDT 2021,20,310,1
1627086782623,Fri Jul 23 17:33:02 PDT 2021,20,311,1
1627088113482,Fri Jul 23 17:55:13 PDT 2021,20,312,1
1627099796948,Fri Jul 23 21:09:56 PDT 2021,20,313,1
1627100849066,Fri Jul 23 21:27:29 PDT 2021,20,314,1
1627101764447,Fri Jul 23 21:42:44 PDT 2021,20,315,1
1627162696131,Sat Jul 24 14:38:16 PDT 2021,20,317,1
1627187328840,Sat Jul 24 21:28:48 PDT 2021,20,318,1
1627191474449,Sat Jul 24 22:37:54 PDT 2021,20,319,1
1627407649919,Tue Jul 27 10:40:49 PDT 2021,20,322,1
1627414766195,Tue Jul 27 12:39:26 PDT 2021,20,325,1
1627425455798,Tue Jul 27 15:37:35 PDT 2021,20,326,1
1627439292840,Tue Jul 27 19:28:12 PDT 2021,20,327,0
1627451277671,Tue Jul 27 22:47:57 PDT 2021,20,328,1
1627451454131,Tue Jul 27 22:50:54 PDT 2021,20,329,1
1627502809945,Wed Jul 28 13:06:49 PDT 2021,20,332,1
1627503170047,Wed Jul 28 13:12:50 PDT 2021,20,334,1
1627505167427,Wed Jul 28 13:46:07 PDT 2021,20,337,1
1627505863270,Wed Jul 28 13:57:43 PDT 2021,20,339,1
1627506744567,Wed Jul 28 14:12:24 PDT 2021,20,341,1
1627506913998,Wed Jul 28 14:15:13 PDT 2021,20,342,1
1627508430460,Wed Jul 28 14:40:30 PDT 2021,20,343,1
1627515476731,Wed Jul 28 16:37:56 PDT 2021,20,348,1
1627515144558,Wed Jul 28 16:32:24 PDT 2021,20,349,1
1627523325558,Wed Jul 28 18:48:45 PDT 2021,20,353,1
1627521820510,Wed Jul 28 18:23:40 PDT 2021,20,356,1
1627530151078,Wed Jul 28 20:42:31 PDT 2021,20,357,1
1627531987177,Wed Jul 28 21:13:07 PDT 2021,20,358,1
1627532584867,Wed Jul 28 21:23:04 PDT 2021,20,359,1
1627544645014,Thu Jul 29 00:44:05 PDT 2021,20,364,1
1627573902594,Thu Jul 29 08:51:42 PDT 2021,20,366,1
1627577789109,Thu Jul 29 09:56:29 PDT 2021,20,368,1
1627583216805,Thu Jul 29 11:26:56 PDT 2021,20,369,1
1627579553328,Thu Jul 29 10:25:53 PDT 2021,20,370,1
1627586890340,Thu Jul 29 12:28:10 PDT 2021,20,373,1
1627595324328,Thu Jul 29 14:48:44 PDT 2021,20,375,1
1627607266500,Thu Jul 29 18:07:46 PDT 2021,20,376,1
1627612046924,Thu Jul 29 19:27:26 PDT 2021,20,377,1
1627617989906,Thu Jul 29 21:06:29 PDT 2021,20,379,1
1627654698548,Fri Jul 30 07:18:18 PDT 2021,20,380,1
1627656158477,Fri Jul 30 07:42:38 PDT 2021,20,381,1
1627663567708,Fri Jul 30 09:46:07 PDT 2021,20,382,1
1627664907772,Fri Jul 30 10:08:27 PDT 2021,20,383,1
1627667000753,Fri Jul 30 10:43:20 PDT 2021,20,384,1
1627673689901,Fri Jul 30 12:34:49 PDT 2021,20,385,1
1627675994289,Fri Jul 30 13:13:14 PDT 2021,20,386,1
1627681014574,Fri Jul 30 14:36:54 PDT 2021,20,388,1
1627682747052,Fri Jul 30 15:05:47 PDT 2021,20,389,1
1627684320759,Fri Jul 30 15:32:00 PDT 2021,20,391,1
1627684531068,Fri Jul 30 15:35:31 PDT 2021,20,392,1
1627685332450,Fri Jul 30 15:48:52 PDT 2021,20,393,1
1627685332479,Fri Jul 30 15:48:52 PDT 2021,20,393,1
1627686074600,Fri Jul 30 16:01:14 PDT 2021,20,394,1
1627690247869,Fri Jul 30 17:10:47 PDT 2021,20,395,1
1627702122845,Fri Jul 30 20:28:42 PDT 2021,20,396,1
1627752453972,Sat Jul 31 10:27:33 PDT 2021,20,397,1
1627760068357,Sat Jul 31 12:34:28 PDT 2021,20,400,0
1627770493657,Sat Jul 31 15:28:13 PDT 2021,20,401,1
1627771610528,Sat Jul 31 15:46:50 PDT 2021,20,402,1
1627776768113,Sat Jul 31 17:12:48 PDT 2021,20,403,1
1627837789118,Sun Aug 01 10:09:49 PDT 2021,20,404,1
1624994670636,Tue Jun 29 12:24:30 PDT 2021,21,0,1
1624917568183,Mon Jun 28 14:59:28 PDT 2021,21,1,1
1624924585223,Mon Jun 28 16:56:25 PDT 2021,21,2,-1
1624978078218,Tue Jun 29 07:47:58 PDT 2021,21,3,-1
1624980180472,Tue Jun 29 08:23:00 PDT 2021,21,5,1
1624980811130,Tue Jun 29 08:33:31 PDT 2021,21,6,-1
1624982929882,Tue Jun 29 09:08:49 PDT 2021,21,7,0
1624995223324,Tue Jun 29 12:33:43 PDT 2021,21,8,1
1624995613689,Tue Jun 29 12:40:13 PDT 2021,21,9,1
1624997017352,Tue Jun 29 13:03:37 PDT 2021,21,10,0
1624999223391,Tue Jun 29 13:40:23 PDT 2021,21,11,1
1625000246329,Tue Jun 29 13:57:26 PDT 2021,21,12,0
1625000279143,Tue Jun 29 13:57:59 PDT 2021,21,13,-1
1625001957932,Tue Jun 29 14:25:57 PDT 2021,21,14,0
1625003255891,Tue Jun 29 14:47:35 PDT 2021,21,15,0
1625004032101,Tue Jun 29 15:00:32 PDT 2021,21,16,-1
1625007185147,Tue Jun 29 15:53:05 PDT 2021,21,17,-1
1625007382142,Tue Jun 29 15:56:22 PDT 2021,21,18,-1
1625008470014,Tue Jun 29 16:14:30 PDT 2021,21,19,-1
1625008860250,Tue Jun 29 16:21:00 PDT 2021,21,21,-1
1625009063188,Tue Jun 29 16:24:23 PDT 2021,21,22,1
1625019910175,Tue Jun 29 19:25:10 PDT 2021,21,24,0
1625019885278,Tue Jun 29 19:24:45 PDT 2021,21,25,0
1625019891079,Tue Jun 29 19:24:51 PDT 2021,21,26,1
1625021901211,Tue Jun 29 19:58:21 PDT 2021,21,27,1
1625055534786,Wed Jun 30 05:18:54 PDT 2021,21,28,1
1625057747989,Wed Jun 30 05:55:47 PDT 2021,21,30,0
1625065174396,Wed Jun 30 07:59:34 PDT 2021,21,33,-1
1625066451482,Wed Jun 30 08:20:51 PDT 2021,21,34,1
1625068114169,Wed Jun 30 08:48:34 PDT 2021,21,35,-1
1625069370551,Wed Jun 30 09:09:30 PDT 2021,21,36,1
1625071402494,Wed Jun 30 09:43:22 PDT 2021,21,37,1
1625072051117,Wed Jun 30 09:54:11 PDT 2021,21,38,0
1625082465244,Wed Jun 30 12:47:45 PDT 2021,21,40,0
1625098904258,Wed Jun 30 17:21:44 PDT 2021,21,41,-1
1625086430894,Wed Jun 30 13:53:50 PDT 2021,21,42,1
1625089805508,Wed Jun 30 14:50:05 PDT 2021,21,43,1
1625093155643,Wed Jun 30 15:45:55 PDT 2021,21,45,-1
1625095327092,Wed Jun 30 16:22:07 PDT 2021,21,46,-1
1625094956531,Wed Jun 30 16:15:56 PDT 2021,21,47,1
1625095938472,Wed Jun 30 16:32:18 PDT 2021,21,48,-1
1625099191941,Wed Jun 30 17:26:31 PDT 2021,21,50,1
1625101045041,Wed Jun 30 17:57:25 PDT 2021,21,52,-1
1625101723263,Wed Jun 30 18:08:43 PDT 2021,21,53,-1
1625101344024,Wed Jun 30 18:02:24 PDT 2021,21,54,1
1625108006632,Wed Jun 30 19:53:26 PDT 2021,21,55,0
1625112333393,Wed Jun 30 21:05:33 PDT 2021,21,56,0
1625115989343,Wed Jun 30 22:06:29 PDT 2021,21,57,1
1625118151010,Wed Jun 30 22:42:31 PDT 2021,21,59,1
1625120782675,Wed Jun 30 23:26:22 PDT 2021,21,60,0
1625149893762,Thu Jul 01 07:31:33 PDT 2021,21,61,-1
1625151274282,Thu Jul 01 07:54:34 PDT 2021,21,62,-1
1625153353587,Thu Jul 01 08:29:13 PDT 2021,21,63,0
1625155411194,Thu Jul 01 09:03:31 PDT 2021,21,64,1
1625157810763,Thu Jul 01 09:43:30 PDT 2021,21,65,1
1625410110722,Sun Jul 04 07:48:30 PDT 2021,21,66,-1
1625159796952,Thu Jul 01 10:16:36 PDT 2021,21,68,-1
1625159752116,Thu Jul 01 10:15:52 PDT 2021,21,69,-1
1625167761197,Thu Jul 01 12:29:21 PDT 2021,21,70,0
1625161890263,Thu Jul 01 10:51:30 PDT 2021,21,71,-1
1625163526765,Thu Jul 01 11:18:46 PDT 2021,21,73,-1
1625163744463,Thu Jul 01 11:22:24 PDT 2021,21,74,0
1625164031054,Thu Jul 01 11:27:11 PDT 2021,21,83,-1
1625165017036,Thu Jul 01 11:43:37 PDT 2021,21,85,-1
1625165289133,Thu Jul 01 11:48:09 PDT 2021,21,86,-1
1625168749948,Thu Jul 01 12:45:49 PDT 2021,21,92,1
1625174500796,Thu Jul 01 14:21:40 PDT 2021,21,94,1
1625175016120,Thu Jul 01 14:30:16 PDT 2021,21,95,-1
1625183127796,Thu Jul 01 16:45:27 PDT 2021,21,96,-1
1626144947436,Mon Jul 12 19:55:47 PDT 2021,21,98,0
1625189959877,Thu Jul 01 18:39:19 PDT 2021,21,99,1
1625190630995,Thu Jul 01 18:50:30 PDT 2021,21,100,-1
1625190991064,Thu Jul 01 18:56:31 PDT 2021,21,101,-1
1625199762385,Thu Jul 01 21:22:42 PDT 2021,21,102,1
1625237987724,Fri Jul 02 07:59:47 PDT 2021,21,103,-1
1625241234444,Fri Jul 02 08:53:54 PDT 2021,21,104,1
1625241853225,Fri Jul 02 09:04:13 PDT 2021,21,106,0
1625245659530,Fri Jul 02 10:07:39 PDT 2021,21,107,0
1625251561324,Fri Jul 02 11:46:01 PDT 2021,21,108,0
1625266169479,Fri Jul 02 15:49:29 PDT 2021,21,111,-1
1625274716955,Fri Jul 02 18:11:56 PDT 2021,21,112,-1
1625295582202,Fri Jul 02 23:59:42 PDT 2021,21,115,-1
1625320310883,Sat Jul 03 06:51:50 PDT 2021,21,116,0
1625328971195,Sat Jul 03 09:16:11 PDT 2021,21,118,0
1625333487006,Sat Jul 03 10:31:27 PDT 2021,21,119,-1
1625361872006,Sat Jul 03 18:24:32 PDT 2021,21,120,1
1625364507501,Sat Jul 03 19:08:27 PDT 2021,21,121,1
1625365251794,Sat Jul 03 19:20:51 PDT 2021,21,122,-1
1625366042416,Sat Jul 03 19:34:02 PDT 2021,21,123,1
1625374600509,Sat Jul 03 21:56:40 PDT 2021,21,124,1
1625383976562,Sun Jul 04 00:32:56 PDT 2021,21,125,1
1625410520918,Sun Jul 04 07:55:20 PDT 2021,21,126,0
1625413322765,Sun Jul 04 08:42:02 PDT 2021,21,127,1
1625424281577,Sun Jul 04 11:44:41 PDT 2021,21,131,-1
1625428882781,Sun Jul 04 13:01:22 PDT 2021,21,132,1
1625435788803,Sun Jul 04 14:56:28 PDT 2021,21,135,0
1625435982191,Sun Jul 04 14:59:42 PDT 2021,21,136,1
1625437298531,Sun Jul 04 15:21:38 PDT 2021,21,137,0
1625451939607,Sun Jul 04 19:25:39 PDT 2021,21,141,-1
1625461055067,Sun Jul 04 21:57:35 PDT 2021,21,144,0
1625463175718,Sun Jul 04 22:32:55 PDT 2021,21,145,0
1625543054810,Mon Jul 05 20:44:14 PDT 2021,21,146,1
1625496050551,Mon Jul 05 07:40:50 PDT 2021,21,147,-1
1625593610932,Tue Jul 06 10:46:50 PDT 2021,21,151,0
1625602733164,Tue Jul 06 13:18:53 PDT 2021,21,152,0
1625597942584,Tue Jul 06 11:59:02 PDT 2021,21,153,-1
1625611579752,Tue Jul 06 15:46:19 PDT 2021,21,155,0
1625627458596,Tue Jul 06 20:10:58 PDT 2021,21,156,1
1625635730566,Tue Jul 06 22:28:50 PDT 2021,21,157,1
1625672723139,Wed Jul 07 08:45:23 PDT 2021,21,160,1
1625674495254,Wed Jul 07 09:14:55 PDT 2021,21,161,0
1625675164514,Wed Jul 07 09:26:04 PDT 2021,21,162,1
1625676593476,Wed Jul 07 09:49:53 PDT 2021,21,163,-1
1625678406624,Wed Jul 07 10:20:06 PDT 2021,21,166,0
1625677788280,Wed Jul 07 10:09:48 PDT 2021,21,168,-1
1625693823855,Wed Jul 07 14:37:03 PDT 2021,21,173,0
1625694141881,Wed Jul 07 14:42:21 PDT 2021,21,174,-1
1625694569711,Wed Jul 07 14:49:29 PDT 2021,21,177,0
1625695783284,Wed Jul 07 15:09:43 PDT 2021,21,178,0
1625696338087,Wed Jul 07 15:18:58 PDT 2021,21,180,-1
1625696359075,Wed Jul 07 15:19:19 PDT 2021,21,181,-1
1625697227345,Wed Jul 07 15:33:47 PDT 2021,21,182,1
1625698268142,Wed Jul 07 15:51:08 PDT 2021,21,183,1
1625699462953,Wed Jul 07 16:11:02 PDT 2021,21,184,1
1625699705164,Wed Jul 07 16:15:05 PDT 2021,21,186,-1
1625700218762,Wed Jul 07 16:23:38 PDT 2021,21,187,0
1625700620872,Wed Jul 07 16:30:20 PDT 2021,21,188,-1
1625702444236,Wed Jul 07 17:00:44 PDT 2021,21,189,-1
1625707313379,Wed Jul 07 18:21:53 PDT 2021,21,191,1
1625710072856,Wed Jul 07 19:07:52 PDT 2021,21,193,1
1625710573679,Wed Jul 07 19:16:13 PDT 2021,21,194,-1
1625722805066,Wed Jul 07 22:40:05 PDT 2021,21,196,1
1625752657232,Thu Jul 08 06:57:37 PDT 2021,21,197,1
1625755345824,Thu Jul 08 07:42:25 PDT 2021,21,198,-1
1625758838143,Thu Jul 08 08:40:38 PDT 2021,21,199,0
1625760125229,Thu Jul 08 09:02:05 PDT 2021,21,200,-1
1625762458772,Thu Jul 08 09:40:58 PDT 2021,21,201,1
1625763477704,Thu Jul 08 09:57:57 PDT 2021,21,203,1
1625770583471,Thu Jul 08 11:56:23 PDT 2021,21,205,1
1625772385230,Thu Jul 08 12:26:25 PDT 2021,21,206,1
1625782052677,Thu Jul 08 15:07:32 PDT 2021,21,207,0
1625783939842,Thu Jul 08 15:38:59 PDT 2021,21,208,-1
1625786217236,Thu Jul 08 16:16:57 PDT 2021,21,209,-1
1625789334398,Thu Jul 08 17:08:54 PDT 2021,21,210,0
1625844499257,Fri Jul 09 08:28:19 PDT 2021,21,215,-1
1625853045804,Fri Jul 09 10:50:45 PDT 2021,21,216,0
1625855364307,Fri Jul 09 11:29:24 PDT 2021,21,217,-1
1625863853318,Fri Jul 09 13:50:53 PDT 2021,21,218,0
1625868309799,Fri Jul 09 15:05:09 PDT 2021,21,219,0
1625921681432,Sat Jul 10 05:54:41 PDT 2021,21,223,0
1625922156992,Sat Jul 10 06:02:36 PDT 2021,21,224,-1
1625929295468,Sat Jul 10 08:01:35 PDT 2021,21,226,-1
1625932885337,Sat Jul 10 09:01:25 PDT 2021,21,227,0
1625939901527,Sat Jul 10 10:58:21 PDT 2021,21,228,-1
1625961508927,Sat Jul 10 16:58:28 PDT 2021,21,231,-1
1625965032559,Sat Jul 10 17:57:12 PDT 2021,21,232,-1
1625971599444,Sat Jul 10 19:46:39 PDT 2021,21,233,0
1625982283191,Sat Jul 10 22:44:43 PDT 2021,21,234,-1
1626011252179,Sun Jul 11 06:47:32 PDT 2021,21,236,-1
1626014963186,Sun Jul 11 07:49:23 PDT 2021,21,237,-1
1626015292027,Sun Jul 11 07:54:52 PDT 2021,21,238,-1
1626018169503,Sun Jul 11 08:42:49 PDT 2021,21,239,-1
1626027651600,Sun Jul 11 11:20:51 PDT 2021,21,240,-1
1626031419032,Sun Jul 11 12:23:39 PDT 2021,21,241,1
1626033530831,Sun Jul 11 12:58:50 PDT 2021,21,243,0
1626055728369,Sun Jul 11 19:08:48 PDT 2021,21,247,1
1626063465265,Sun Jul 11 21:17:45 PDT 2021,21,248,0
1626097070977,Mon Jul 12 06:37:50 PDT 2021,21,250,-1
1626100926474,Mon Jul 12 07:42:06 PDT 2021,21,251,-1
1626160126783,Tue Jul 13 00:08:46 PDT 2021,21,255,0
1626184656185,Tue Jul 13 06:57:36 PDT 2021,21,256,1
1626198105424,Tue Jul 13 10:41:45 PDT 2021,21,257,1
1626213761935,Tue Jul 13 15:02:41 PDT 2021,21,260,0
1626215343043,Tue Jul 13 15:29:03 PDT 2021,21,261,1
1626218801795,Tue Jul 13 16:26:41 PDT 2021,21,262,0
1626220636109,Tue Jul 13 16:57:16 PDT 2021,21,263,0
1626274897275,Wed Jul 14 08:01:37 PDT 2021,21,265,0
1626383310090,Thu Jul 15 14:08:30 PDT 2021,21,267,-1
1626386072733,Thu Jul 15 14:54:32 PDT 2021,21,271,0
1626415285197,Thu Jul 15 23:01:25 PDT 2021,21,272,1
1626455642958,Fri Jul 16 10:14:02 PDT 2021,21,274,-1
1626471210749,Fri Jul 16 14:33:30 PDT 2021,21,275,0
1626492578542,Fri Jul 16 20:29:38 PDT 2021,21,276,0
1626540486114,Sat Jul 17 09:48:06 PDT 2021,21,278,1
1626540379842,Sat Jul 17 09:46:19 PDT 2021,21,279,0
1626545446404,Sat Jul 17 11:10:46 PDT 2021,21,280,1
1626552326372,Sat Jul 17 13:05:26 PDT 2021,21,281,0
1626553767377,Sat Jul 17 13:29:27 PDT 2021,21,282,0
1626568301069,Sat Jul 17 17:31:41 PDT 2021,21,284,1
1626578276274,Sat Jul 17 20:17:56 PDT 2021,21,285,0
1626584587049,Sat Jul 17 22:03:07 PDT 2021,21,286,1
1626713044814,Mon Jul 19 09:44:04 PDT 2021,21,288,0
1626716473026,Mon Jul 19 10:41:13 PDT 2021,21,290,1
1626720527982,Mon Jul 19 11:48:47 PDT 2021,21,291,0
1626724041838,Mon Jul 19 12:47:21 PDT 2021,21,292,1
1626737753597,Mon Jul 19 16:35:53 PDT 2021,21,294,-1
1626751789131,Mon Jul 19 20:29:49 PDT 2021,21,295,-1
1626792008621,Tue Jul 20 07:40:08 PDT 2021,21,296,-1
1626798698469,Tue Jul 20 09:31:38 PDT 2021,21,298,-1
1626907941462,Wed Jul 21 15:52:21 PDT 2021,21,299,1
1626965238475,Thu Jul 22 07:47:18 PDT 2021,21,300,1
1626919087786,Wed Jul 21 18:58:07 PDT 2021,21,301,1
1627000978069,Thu Jul 22 17:42:58 PDT 2021,21,302,0
1627002501244,Thu Jul 22 18:08:21 PDT 2021,21,303,-1
1627008528194,Thu Jul 22 19:48:48 PDT 2021,21,305,-1
1627082496852,Fri Jul 23 16:21:36 PDT 2021,21,308,1
1627083905911,Fri Jul 23 16:45:05 PDT 2021,21,309,1
1627085093203,Fri Jul 23 17:04:53 PDT 2021,21,310,1
1627086749937,Fri Jul 23 17:32:29 PDT 2021,21,311,1
1627088348535,Fri Jul 23 17:59:08 PDT 2021,21,312,1
1627100017119,Fri Jul 23 21:13:37 PDT 2021,21,313,1
1627100794076,Fri Jul 23 21:26:34 PDT 2021,21,314,1
1627101423430,Fri Jul 23 21:37:03 PDT 2021,21,315,1
1627162553001,Sat Jul 24 14:35:53 PDT 2021,21,317,0
1627187371299,Sat Jul 24 21:29:31 PDT 2021,21,318,1
1627192068708,Sat Jul 24 22:47:48 PDT 2021,21,319,1
1627407660402,Tue Jul 27 10:41:00 PDT 2021,21,322,1
1627414880337,Tue Jul 27 12:41:20 PDT 2021,21,325,1
1627425415727,Tue Jul 27 15:36:55 PDT 2021,21,326,0
1627439570613,Tue Jul 27 19:32:50 PDT 2021,21,327,1
1627451172419,Tue Jul 27 22:46:12 PDT 2021,21,328,1
1627502655636,Wed Jul 28 13:04:15 PDT 2021,21,332,1
1627504996813,Wed Jul 28 13:43:16 PDT 2021,21,337,1
1627505799782,Wed Jul 28 13:56:39 PDT 2021,21,339,1
1627506630644,Wed Jul 28 14:10:30 PDT 2021,21,341,1
1627508613011,Wed Jul 28 14:43:33 PDT 2021,21,343,1
1627679709608,Fri Jul 30 14:15:09 PDT 2021,21,347,0
1627514994931,Wed Jul 28 16:29:54 PDT 2021,21,348,0
1627515084530,Wed Jul 28 16:31:24 PDT 2021,21,349,-1
1627515429028,Wed Jul 28 16:37:09 PDT 2021,21,350,1
1627523887112,Wed Jul 28 18:58:07 PDT 2021,21,353,1
1627521857072,Wed Jul 28 18:24:17 PDT 2021,21,356,0
1627529378140,Wed Jul 28 20:29:38 PDT 2021,21,357,1
1627532230544,Wed Jul 28 21:17:10 PDT 2021,21,358,1
1627532479887,Wed Jul 28 21:21:19 PDT 2021,21,359,1
1627535759925,Wed Jul 28 22:15:59 PDT 2021,21,361,0
1627536582966,Wed Jul 28 22:29:42 PDT 2021,21,363,-1
1627543236590,Thu Jul 29 00:20:36 PDT 2021,21,364,0
1627573336453,Thu Jul 29 08:42:16 PDT 2021,21,366,1
1627578564624,Thu Jul 29 10:09:24 PDT 2021,21,368,-1
1627582758493,Thu Jul 29 11:19:18 PDT 2021,21,369,1
1627587078520,Thu Jul 29 12:31:18 PDT 2021,21,373,0
1627607888591,Thu Jul 29 18:18:08 PDT 2021,21,376,0
1627613606895,Thu Jul 29 19:53:26 PDT 2021,21,378,0
1627617984264,Thu Jul 29 21:06:24 PDT 2021,21,379,1
1627655488648,Fri Jul 30 07:31:28 PDT 2021,21,380,0
1627663735755,Fri Jul 30 09:48:55 PDT 2021,21,382,1
1627667717782,Fri Jul 30 10:55:17 PDT 2021,21,384,1
1627675598549,Fri Jul 30 13:06:38 PDT 2021,21,386,-1
1627681090016,Fri Jul 30 14:38:10 PDT 2021,21,388,0
1627681359796,Fri Jul 30 14:42:39 PDT 2021,21,389,0
1627686081477,Fri Jul 30 16:01:21 PDT 2021,21,394,1
1627702426478,Fri Jul 30 20:33:46 PDT 2021,21,396,0
1627752538589,Sat Jul 31 10:28:58 PDT 2021,21,398,1
1627769613709,Sat Jul 31 15:13:33 PDT 2021,21,401,0
1627772010536,Sat Jul 31 15:53:30 PDT 2021,21,402,1
1627775420156,Sat Jul 31 16:50:20 PDT 2021,21,403,-1
1627838014356,Sun Aug 01 10:13:34 PDT 2021,21,404,1
1624995127444,Tue Jun 29 12:32:07 PDT 2021,22,0,1
1624917445726,Mon Jun 28 14:57:25 PDT 2021,22,1,-1
1624924433837,Mon Jun 28 16:53:53 PDT 2021,22,2,-1
1624978355498,Tue Jun 29 07:52:35 PDT 2021,22,3,0
1624979978792,Tue Jun 29 08:19:38 PDT 2021,22,5,-1
1624981017186,Tue Jun 29 08:36:57 PDT 2021,22,6,-1
1624982969010,Tue Jun 29 09:09:29 PDT 2021,22,7,0
1624995686427,Tue Jun 29 12:41:26 PDT 2021,22,9,1
1624996976700,Tue Jun 29 13:02:56 PDT 2021,22,10,-1
1624999070384,Tue Jun 29 13:37:50 PDT 2021,22,11,0
1625000141036,Tue Jun 29 13:55:41 PDT 2021,22,12,0
1625000419592,Tue Jun 29 14:00:19 PDT 2021,22,13,0
1625002180667,Tue Jun 29 14:29:40 PDT 2021,22,14,0
1625003490849,Tue Jun 29 14:51:30 PDT 2021,22,15,-1
1625004462229,Tue Jun 29 15:07:42 PDT 2021,22,16,1
1625007473525,Tue Jun 29 15:57:53 PDT 2021,22,17,-1
1625007527185,Tue Jun 29 15:58:47 PDT 2021,22,18,-1
1625008563588,Tue Jun 29 16:16:03 PDT 2021,22,19,-1
1625009005972,Tue Jun 29 16:23:25 PDT 2021,22,21,-1
1625009265531,Tue Jun 29 16:27:45 PDT 2021,22,22,0
1625019963979,Tue Jun 29 19:26:03 PDT 2021,22,24,0
1625019936541,Tue Jun 29 19:25:36 PDT 2021,22,25,1
1625020130209,Tue Jun 29 19:28:50 PDT 2021,22,26,1
1625022041648,Tue Jun 29 20:00:41 PDT 2021,22,27,1
1625055577904,Wed Jun 30 05:19:37 PDT 2021,22,28,0
1625057906250,Wed Jun 30 05:58:26 PDT 2021,22,30,-1
1625065072982,Wed Jun 30 07:57:52 PDT 2021,22,33,-1
1625066487299,Wed Jun 30 08:21:27 PDT 2021,22,34,-1
1625068489826,Wed Jun 30 08:54:49 PDT 2021,22,35,-1
1625069056687,Wed Jun 30 09:04:16 PDT 2021,22,36,1
1625071845290,Wed Jun 30 09:50:45 PDT 2021,22,37,0
1625072170635,Wed Jun 30 09:56:10 PDT 2021,22,38,0
1625082566728,Wed Jun 30 12:49:26 PDT 2021,22,40,-1
1625099551657,Wed Jun 30 17:32:31 PDT 2021,22,41,0
1625086536893,Wed Jun 30 13:55:36 PDT 2021,22,42,0
1625089623210,Wed Jun 30 14:47:03 PDT 2021,22,43,0
1625093119845,Wed Jun 30 15:45:19 PDT 2021,22,45,1
1625095157526,Wed Jun 30 16:19:17 PDT 2021,22,46,-1
1625095066306,Wed Jun 30 16:17:46 PDT 2021,22,47,0
1625096351471,Wed Jun 30 16:39:11 PDT 2021,22,48,-1
1625099519385,Wed Jun 30 17:31:59 PDT 2021,22,50,0
1625101341728,Wed Jun 30 18:02:21 PDT 2021,22,52,-1
1625101818290,Wed Jun 30 18:10:18 PDT 2021,22,53,-1
1625101669796,Wed Jun 30 18:07:49 PDT 2021,22,54,1
1625108371695,Wed Jun 30 19:59:31 PDT 2021,22,55,-1
1625116400130,Wed Jun 30 22:13:20 PDT 2021,22,57,0
1625118091798,Wed Jun 30 22:41:31 PDT 2021,22,59,0
1625150778554,Thu Jul 01 07:46:18 PDT 2021,22,61,1
1625152696164,Thu Jul 01 08:18:16 PDT 2021,22,62,-1
1625154582211,Thu Jul 01 08:49:42 PDT 2021,22,63,0
1625156036776,Thu Jul 01 09:13:56 PDT 2021,22,64,1
1625158214569,Thu Jul 01 09:50:14 PDT 2021,22,65,0
1625409953803,Sun Jul 04 07:45:53 PDT 2021,22,66,0
1625159875083,Thu Jul 01 10:17:55 PDT 2021,22,68,-1
1625160006466,Thu Jul 01 10:20:06 PDT 2021,22,69,1
1625160214932,Thu Jul 01 10:23:34 PDT 2021,22,70,-1
1625162794615,Thu Jul 01 11:06:34 PDT 2021,22,71,-1
1625163598530,Thu Jul 01 11:19:58 PDT 2021,22,73,-1
1625166976122,Thu Jul 01 12:16:16 PDT 2021,22,74,0
1625164955537,Thu Jul 01 11:42:35 PDT 2021,22,85,-1
1625168705104,Thu Jul 01 12:45:05 PDT 2021,22,92,1
1625173852810,Thu Jul 01 14:10:52 PDT 2021,22,93,-1
1625174490527,Thu Jul 01 14:21:30 PDT 2021,22,94,1
1625175260132,Thu Jul 01 14:34:20 PDT 2021,22,95,-1
1625182903043,Thu Jul 01 16:41:43 PDT 2021,22,96,-1
1626143264613,Mon Jul 12 19:27:44 PDT 2021,22,98,1
1625190122833,Thu Jul 01 18:42:02 PDT 2021,22,100,-1
1625190920718,Thu Jul 01 18:55:20 PDT 2021,22,101,-1
1625199662975,Thu Jul 01 21:21:02 PDT 2021,22,102,1
1625238217962,Fri Jul 02 08:03:37 PDT 2021,22,103,-1
1625241709393,Fri Jul 02 09:01:49 PDT 2021,22,104,-1
1625242363040,Fri Jul 02 09:12:43 PDT 2021,22,106,-1
1625246492466,Fri Jul 02 10:21:32 PDT 2021,22,107,1
1625266971441,Fri Jul 02 16:02:51 PDT 2021,22,111,-1
1625276544591,Fri Jul 02 18:42:24 PDT 2021,22,112,-1
1625329558460,Sat Jul 03 09:25:58 PDT 2021,22,118,0
1625333497384,Sat Jul 03 10:31:37 PDT 2021,22,119,-1
1625361786312,Sat Jul 03 18:23:06 PDT 2021,22,120,1
1625365133400,Sat Jul 03 19:18:53 PDT 2021,22,121,1
1625365435565,Sat Jul 03 19:23:55 PDT 2021,22,122,1
1625365640667,Sat Jul 03 19:27:20 PDT 2021,22,123,1
1625375613280,Sat Jul 03 22:13:33 PDT 2021,22,124,-1
1625384701663,Sun Jul 04 00:45:01 PDT 2021,22,125,0
1625414290724,Sun Jul 04 08:58:10 PDT 2021,22,127,0
1625424538362,Sun Jul 04 11:48:58 PDT 2021,22,131,-1
1625429193832,Sun Jul 04 13:06:33 PDT 2021,22,132,0
1625435182179,Sun Jul 04 14:46:22 PDT 2021,22,135,0
1625436510565,Sun Jul 04 15:08:30 PDT 2021,22,136,-1
1625437252877,Sun Jul 04 15:20:52 PDT 2021,22,137,0
1625452428342,Sun Jul 04 19:33:48 PDT 2021,22,141,-1
1625454666822,Sun Jul 04 20:11:06 PDT 2021,22,142,-1
1625462746875,Sun Jul 04 22:25:46 PDT 2021,22,145,0
1625496519761,Mon Jul 05 07:48:39 PDT 2021,22,147,0
1625594084730,Tue Jul 06 10:54:44 PDT 2021,22,151,-1
1625602711467,Tue Jul 06 13:18:31 PDT 2021,22,152,-1
1625613943290,Tue Jul 06 16:25:43 PDT 2021,22,153,1
1625611218463,Tue Jul 06 15:40:18 PDT 2021,22,155,0
1625627691429,Tue Jul 06 20:14:51 PDT 2021,22,156,-1
1625636071464,Tue Jul 06 22:34:31 PDT 2021,22,157,1
1625673203488,Wed Jul 07 08:53:23 PDT 2021,22,160,-1
1625674833853,Wed Jul 07 09:20:33 PDT 2021,22,161,-1
1625675605425,Wed Jul 07 09:33:25 PDT 2021,22,162,1
1625676843992,Wed Jul 07 09:54:03 PDT 2021,22,163,1
1625678433474,Wed Jul 07 10:20:33 PDT 2021,22,166,-1
1625693870477,Wed Jul 07 14:37:50 PDT 2021,22,173,-1
1625693954011,Wed Jul 07 14:39:14 PDT 2021,22,174,0
1625694537887,Wed Jul 07 14:48:57 PDT 2021,22,177,-1
1625696627337,Wed Jul 07 15:23:47 PDT 2021,22,181,0
1625697151467,Wed Jul 07 15:32:31 PDT 2021,22,182,0
1625698832341,Wed Jul 07 16:00:32 PDT 2021,22,183,0
1625699644682,Wed Jul 07 16:14:04 PDT 2021,22,186,-1
1625701192065,Wed Jul 07 16:39:52 PDT 2021,22,187,0
1625700814528,Wed Jul 07 16:33:34 PDT 2021,22,188,1
1625702817663,Wed Jul 07 17:06:57 PDT 2021,22,189,-1
1625707277869,Wed Jul 07 18:21:17 PDT 2021,22,191,0
1625710404945,Wed Jul 07 19:13:24 PDT 2021,22,193,-1
1625711067296,Wed Jul 07 19:24:27 PDT 2021,22,194,-1
1625722931123,Wed Jul 07 22:42:11 PDT 2021,22,196,1
1625753249043,Thu Jul 08 07:07:29 PDT 2021,22,197,0
1625755589627,Thu Jul 08 07:46:29 PDT 2021,22,198,-1
1625759258857,Thu Jul 08 08:47:38 PDT 2021,22,199,1
1625762419271,Thu Jul 08 09:40:19 PDT 2021,22,201,-1
1625763796550,Thu Jul 08 10:03:16 PDT 2021,22,203,1
1625770569787,Thu Jul 08 11:56:09 PDT 2021,22,205,1
1625781418324,Thu Jul 08 14:56:58 PDT 2021,22,207,0
1625784272450,Thu Jul 08 15:44:32 PDT 2021,22,208,-1
1625786906002,Thu Jul 08 16:28:26 PDT 2021,22,209,-1
1625796465938,Thu Jul 08 19:07:45 PDT 2021,22,212,0
1625842420401,Fri Jul 09 07:53:40 PDT 2021,22,214,-1
1625844881158,Fri Jul 09 08:34:41 PDT 2021,22,215,-1
1625855302204,Fri Jul 09 11:28:22 PDT 2021,22,217,0
1625864454516,Fri Jul 09 14:00:54 PDT 2021,22,218,0
1625868118917,Fri Jul 09 15:01:58 PDT 2021,22,219,-1
1625921404737,Sat Jul 10 05:50:04 PDT 2021,22,223,-1
1625922466405,Sat Jul 10 06:07:46 PDT 2021,22,224,-1
1625926453341,Sat Jul 10 07:14:13 PDT 2021,22,225,-1
1625929826085,Sat Jul 10 08:10:26 PDT 2021,22,226,0
1625961663239,Sat Jul 10 17:01:03 PDT 2021,22,231,-1
1625965365549,Sat Jul 10 18:02:45 PDT 2021,22,232,-1
1625982429270,Sat Jul 10 22:47:09 PDT 2021,22,234,1
1626011611537,Sun Jul 11 06:53:31 PDT 2021,22,236,1
1626015041736,Sun Jul 11 07:50:41 PDT 2021,22,237,-1
1626015988134,Sun Jul 11 08:06:28 PDT 2021,22,238,-1
1626018698113,Sun Jul 11 08:51:38 PDT 2021,22,239,0
1626027382773,Sun Jul 11 11:16:22 PDT 2021,22,240,-1
1626031825715,Sun Jul 11 12:30:25 PDT 2021,22,241,1
1626033664838,Sun Jul 11 13:01:04 PDT 2021,22,243,0
1626063588596,Sun Jul 11 21:19:48 PDT 2021,22,248,1
1626097214877,Mon Jul 12 06:40:14 PDT 2021,22,250,-1
1626160233790,Tue Jul 13 00:10:33 PDT 2021,22,255,-1
1626184787563,Tue Jul 13 06:59:47 PDT 2021,22,256,1
1626198128566,Tue Jul 13 10:42:08 PDT 2021,22,257,1
1626641320084,Sun Jul 18 13:48:40 PDT 2021,22,258,1
1626213781195,Tue Jul 13 15:03:01 PDT 2021,22,260,-1
1627752286559,Sat Jul 31 10:24:46 PDT 2021,22,261,1
1626218950317,Tue Jul 13 16:29:10 PDT 2021,22,262,0
1626298316796,Wed Jul 14 14:31:56 PDT 2021,22,265,-1
1626384126631,Thu Jul 15 14:22:06 PDT 2021,22,267,0
1626360907368,Thu Jul 15 07:55:07 PDT 2021,22,269,0
1626385541787,Thu Jul 15 14:45:41 PDT 2021,22,271,1
1626455879169,Fri Jul 16 10:17:59 PDT 2021,22,274,-1
1626471315646,Fri Jul 16 14:35:15 PDT 2021,22,275,-1
1626493083878,Fri Jul 16 20:38:03 PDT 2021,22,276,0
1626540675838,Sat Jul 17 09:51:15 PDT 2021,22,278,-1
1626540527486,Sat Jul 17 09:48:47 PDT 2021,22,279,0
1626545352611,Sat Jul 17 11:09:12 PDT 2021,22,280,1
1626552763170,Sat Jul 17 13:12:43 PDT 2021,22,281,-1
1626553394893,Sat Jul 17 13:23:14 PDT 2021,22,282,0
1626568211454,Sat Jul 17 17:30:11 PDT 2021,22,284,1
1626584749028,Sat Jul 17 22:05:49 PDT 2021,22,286,1
1626713095203,Mon Jul 19 09:44:55 PDT 2021,22,288,1
1626716557905,Mon Jul 19 10:42:37 PDT 2021,22,290,1
1626720661485,Mon Jul 19 11:51:01 PDT 2021,22,291,0
1626737820266,Mon Jul 19 16:37:00 PDT 2021,22,294,-1
1626752220921,Mon Jul 19 20:37:00 PDT 2021,22,295,-1
1626792180096,Tue Jul 20 07:43:00 PDT 2021,22,296,-1
1626799249280,Tue Jul 20 09:40:49 PDT 2021,22,298,1
1626909773287,Wed Jul 21 16:22:53 PDT 2021,22,299,-1
1626965167594,Thu Jul 22 07:46:07 PDT 2021,22,300,0
1626919235077,Wed Jul 21 19:00:35 PDT 2021,22,301,-1
1627000863124,Thu Jul 22 17:41:03 PDT 2021,22,302,0
1627002693261,Thu Jul 22 18:11:33 PDT 2021,22,303,-1
1627008639924,Thu Jul 22 19:50:39 PDT 2021,22,305,-1
1627084129952,Fri Jul 23 16:48:49 PDT 2021,22,309,1
1627085645068,Fri Jul 23 17:14:05 PDT 2021,22,310,1
1627086659348,Fri Jul 23 17:30:59 PDT 2021,22,311,1
1627088452504,Fri Jul 23 18:00:52 PDT 2021,22,312,1
1627100049717,Fri Jul 23 21:14:09 PDT 2021,22,313,1
1627101125880,Fri Jul 23 21:32:05 PDT 2021,22,314,1
1627101593047,Fri Jul 23 21:39:53 PDT 2021,22,315,1
1627163141239,Sat Jul 24 14:45:41 PDT 2021,22,317,0
1627187806614,Sat Jul 24 21:36:46 PDT 2021,22,318,1
1627191787487,Sat Jul 24 22:43:07 PDT 2021,22,319,1
1627407869071,Tue Jul 27 10:44:29 PDT 2021,22,322,1
1627414975036,Tue Jul 27 12:42:55 PDT 2021,22,325,1
1627699646540,Fri Jul 30 19:47:26 PDT 2021,22,326,1
1627451294532,Tue Jul 27 22:48:14 PDT 2021,22,328,1
1627501558969,Wed Jul 28 12:45:58 PDT 2021,22,332,1
1627503188544,Wed Jul 28 13:13:08 PDT 2021,22,334,1
1627504846522,Wed Jul 28 13:40:46 PDT 2021,22,337,1
1627505923476,Wed Jul 28 13:58:43 PDT 2021,22,339,1
1627508803363,Wed Jul 28 14:46:43 PDT 2021,22,343,1
1627515485397,Wed Jul 28 16:38:05 PDT 2021,22,348,1
1627524243589,Wed Jul 28 19:04:03 PDT 2021,22,353,-1
1627521868840,Wed Jul 28 18:24:28 PDT 2021,22,356,0
1627529773792,Wed Jul 28 20:36:13 PDT 2021,22,357,1
1627532136491,Wed Jul 28 21:15:36 PDT 2021,22,358,0
1627536042029,Wed Jul 28 22:20:42 PDT 2021,22,361,1
1627544184428,Thu Jul 29 00:36:24 PDT 2021,22,364,-1
1627573742061,Thu Jul 29 08:49:02 PDT 2021,22,366,-1
1627578000812,Thu Jul 29 10:00:00 PDT 2021,22,368,-1
1627582626695,Thu Jul 29 11:17:06 PDT 2021,22,369,1
1627586945253,Thu Jul 29 12:29:05 PDT 2021,22,373,-1
1627609784009,Thu Jul 29 18:49:44 PDT 2021,22,376,0
1627611825749,Thu Jul 29 19:23:45 PDT 2021,22,377,1
1627614214156,Thu Jul 29 20:03:34 PDT 2021,22,378,0
1627656217194,Fri Jul 30 07:43:37 PDT 2021,22,380,-1
1627656098295,Fri Jul 30 07:41:38 PDT 2021,22,381,0
1627663750696,Fri Jul 30 09:49:10 PDT 2021,22,382,1
1627667144915,Fri Jul 30 10:45:44 PDT 2021,22,384,0
1627676021748,Fri Jul 30 13:13:41 PDT 2021,22,386,0
1627675647653,Fri Jul 30 13:07:27 PDT 2021,22,387,0
1627681218522,Fri Jul 30 14:40:18 PDT 2021,22,388,-1
1627681686902,Fri Jul 30 14:48:06 PDT 2021,22,389,1
1627684021805,Fri Jul 30 15:27:01 PDT 2021,22,391,1
1627684426594,Fri Jul 30 15:33:46 PDT 2021,22,392,1
1627685604424,Fri Jul 30 15:53:24 PDT 2021,22,393,-1
1627686245561,Fri Jul 30 16:04:05 PDT 2021,22,394,1
1627690015145,Fri Jul 30 17:06:55 PDT 2021,22,395,1
1627703244834,Fri Jul 30 20:47:24 PDT 2021,22,396,-1
1627752659931,Sat Jul 31 10:30:59 PDT 2021,22,398,1
1627770596052,Sat Jul 31 15:29:56 PDT 2021,22,401,0
1627772172952,Sat Jul 31 15:56:12 PDT 2021,22,402,1
1627776808799,Sat Jul 31 17:13:28 PDT 2021,22,403,-1
1627837590172,Sun Aug 01 10:06:30 PDT 2021,22,404,1
1624995182536,Tue Jun 29 12:33:02 PDT 2021,23,0,1
1624917589352,Mon Jun 28 14:59:49 PDT 2021,23,1,0
1624924363154,Mon Jun 28 16:52:43 PDT 2021,23,2,1
1624978324869,Tue Jun 29 07:52:04 PDT 2021,23,3,1
1624980303420,Tue Jun 29 08:25:03 PDT 2021,23,5,1
1624980934682,Tue Jun 29 08:35:34 PDT 2021,23,6,0
1624983127718,Tue Jun 29 09:12:07 PDT 2021,23,7,0
1624995205397,Tue Jun 29 12:33:25 PDT 2021,23,8,1
1624995759160,Tue Jun 29 12:42:39 PDT 2021,23,9,0
1624997139695,Tue Jun 29 13:05:39 PDT 2021,23,10,1
1624999616366,Tue Jun 29 13:46:56 PDT 2021,23,11,-1
1625000375125,Tue Jun 29 13:59:35 PDT 2021,23,12,1
1625000301049,Tue Jun 29 13:58:21 PDT 2021,23,13,-1
1625002279114,Tue Jun 29 14:31:19 PDT 2021,23,14,0
1625003351206,Tue Jun 29 14:49:11 PDT 2021,23,15,-1
1625004343055,Tue Jun 29 15:05:43 PDT 2021,23,16,0
1625007323136,Tue Jun 29 15:55:23 PDT 2021,23,17,1
1625007554207,Tue Jun 29 15:59:14 PDT 2021,23,18,-1
1625008534119,Tue Jun 29 16:15:34 PDT 2021,23,19,1
1625008753024,Tue Jun 29 16:19:13 PDT 2021,23,21,0
1625009180928,Tue Jun 29 16:26:20 PDT 2021,23,22,-1
1625019946121,Tue Jun 29 19:25:46 PDT 2021,23,24,0
1625019904010,Tue Jun 29 19:25:04 PDT 2021,23,25,-1
1625020185902,Tue Jun 29 19:29:45 PDT 2021,23,26,1
1625021971672,Tue Jun 29 19:59:31 PDT 2021,23,27,1
1625055667057,Wed Jun 30 05:21:07 PDT 2021,23,28,1
1625058073002,Wed Jun 30 06:01:13 PDT 2021,23,30,-1
1625065090658,Wed Jun 30 07:58:10 PDT 2021,23,33,-1
1625066438594,Wed Jun 30 08:20:38 PDT 2021,23,34,0
1625068377618,Wed Jun 30 08:52:57 PDT 2021,23,35,0
1625069405722,Wed Jun 30 09:10:05 PDT 2021,23,36,1
1625071909355,Wed Jun 30 09:51:49 PDT 2021,23,37,0
1625072141485,Wed Jun 30 09:55:41 PDT 2021,23,38,0
1625082187334,Wed Jun 30 12:43:07 PDT 2021,23,40,0
1625099222874,Wed Jun 30 17:27:02 PDT 2021,23,41,-1
1625086441385,Wed Jun 30 13:54:01 PDT 2021,23,42,1
1625090071747,Wed Jun 30 14:54:31 PDT 2021,23,43,-1
1625092891633,Wed Jun 30 15:41:31 PDT 2021,23,45,-1
1625095352092,Wed Jun 30 16:22:32 PDT 2021,23,46,0
1625095138413,Wed Jun 30 16:18:58 PDT 2021,23,47,0
1625096210942,Wed Jun 30 16:36:50 PDT 2021,23,48,-1
1625099538619,Wed Jun 30 17:32:18 PDT 2021,23,50,0
1625102912820,Wed Jun 30 18:28:32 PDT 2021,23,52,1
1625101774545,Wed Jun 30 18:09:34 PDT 2021,23,53,1
1625101752452,Wed Jun 30 18:09:12 PDT 2021,23,54,1
1625108156064,Wed Jun 30 19:55:56 PDT 2021,23,55,0
1625116029925,Wed Jun 30 22:07:09 PDT 2021,23,57,0
1625117484675,Wed Jun 30 22:31:24 PDT 2021,23,58,0
1625118366267,Wed Jun 30 22:46:06 PDT 2021,23,59,0
1625120605910,Wed Jun 30 23:23:25 PDT 2021,23,60,0
1625151065040,Thu Jul 01 07:51:05 PDT 2021,23,61,0
1625152738022,Thu Jul 01 08:18:58 PDT 2021,23,62,0
1625153840569,Thu Jul 01 08:37:20 PDT 2021,23,63,1
1625155955175,Thu Jul 01 09:12:35 PDT 2021,23,64,1
1625158197879,Thu Jul 01 09:49:57 PDT 2021,23,65,0
1625410787122,Sun Jul 04 07:59:47 PDT 2021,23,66,-1
1625159937477,Thu Jul 01 10:18:57 PDT 2021,23,68,-1
1625160271960,Thu Jul 01 10:24:31 PDT 2021,23,69,1
1625160185223,Thu Jul 01 10:23:05 PDT 2021,23,70,0
1625162630271,Thu Jul 01 11:03:50 PDT 2021,23,71,1
1625163685926,Thu Jul 01 11:21:25 PDT 2021,23,73,-1
1625164919835,Thu Jul 01 11:41:59 PDT 2021,23,74,0
1625165077028,Thu Jul 01 11:44:37 PDT 2021,23,85,1
1625165558365,Thu Jul 01 11:52:38 PDT 2021,23,86,1
1625168741610,Thu Jul 01 12:45:41 PDT 2021,23,92,-1
1625175333130,Thu Jul 01 14:35:33 PDT 2021,23,94,0
1625179363357,Thu Jul 01 15:42:43 PDT 2021,23,95,-1
1625183097433,Thu Jul 01 16:44:57 PDT 2021,23,96,0
1625185390898,Thu Jul 01 17:23:10 PDT 2021,23,97,1
1626143251183,Mon Jul 12 19:27:31 PDT 2021,23,98,1
1625191188038,Thu Jul 01 18:59:48 PDT 2021,23,100,-1
1625191190274,Thu Jul 01 18:59:50 PDT 2021,23,101,-1
1625200229104,Thu Jul 01 21:30:29 PDT 2021,23,102,1
1625238276675,Fri Jul 02 08:04:36 PDT 2021,23,103,0
1625241842119,Fri Jul 02 09:04:02 PDT 2021,23,104,-1
1625242168879,Fri Jul 02 09:09:28 PDT 2021,23,106,1
1625246434200,Fri Jul 02 10:20:34 PDT 2021,23,107,0
1625266509599,Fri Jul 02 15:55:09 PDT 2021,23,111,-1
1625276005441,Fri Jul 02 18:33:25 PDT 2021,23,112,-1
1625329678635,Sat Jul 03 09:27:58 PDT 2021,23,118,0
1625333651066,Sat Jul 03 10:34:11 PDT 2021,23,119,0
1625365071158,Sat Jul 03 19:17:51 PDT 2021,23,121,1
1625365735617,Sat Jul 03 19:28:55 PDT 2021,23,122,1
1625365731520,Sat Jul 03 19:28:51 PDT 2021,23,123,-1
1625376153515,Sat Jul 03 22:22:33 PDT 2021,23,124,1
1625414427730,Sun Jul 04 09:00:27 PDT 2021,23,127,0
1625425021924,Sun Jul 04 11:57:01 PDT 2021,23,131,0
1625429163074,Sun Jul 04 13:06:03 PDT 2021,23,132,0
1625436408617,Sun Jul 04 15:06:48 PDT 2021,23,135,0
1625436934239,Sun Jul 04 15:15:34 PDT 2021,23,136,0
1625437385132,Sun Jul 04 15:23:05 PDT 2021,23,137,0
1625452125050,Sun Jul 04 19:28:45 PDT 2021,23,141,-1
1625463082801,Sun Jul 04 22:31:22 PDT 2021,23,145,0
1625496915840,Mon Jul 05 07:55:15 PDT 2021,23,147,1
1625594015889,Tue Jul 06 10:53:35 PDT 2021,23,151,-1
1625602938613,Tue Jul 06 13:22:18 PDT 2021,23,152,-1
1625614030546,Tue Jul 06 16:27:10 PDT 2021,23,153,-1
1625611915736,Tue Jul 06 15:51:55 PDT 2021,23,155,-1
1625627739040,Tue Jul 06 20:15:39 PDT 2021,23,156,-1
1625635752073,Tue Jul 06 22:29:12 PDT 2021,23,157,1
1625672914449,Wed Jul 07 08:48:34 PDT 2021,23,160,0
1625674773180,Wed Jul 07 09:19:33 PDT 2021,23,161,-1
1625675610313,Wed Jul 07 09:33:30 PDT 2021,23,162,0
1625676762527,Wed Jul 07 09:52:42 PDT 2021,23,163,0
1625678815111,Wed Jul 07 10:26:55 PDT 2021,23,166,0
1625694118688,Wed Jul 07 14:41:58 PDT 2021,23,173,0
1625693763677,Wed Jul 07 14:36:03 PDT 2021,23,174,0
1625694622846,Wed Jul 07 14:50:22 PDT 2021,23,176,0
1625696550742,Wed Jul 07 15:22:30 PDT 2021,23,181,0
1625698298474,Wed Jul 07 15:51:38 PDT 2021,23,183,0
1625700034545,Wed Jul 07 16:20:34 PDT 2021,23,186,1
1625701059318,Wed Jul 07 16:37:39 PDT 2021,23,187,0
1625700960005,Wed Jul 07 16:36:00 PDT 2021,23,188,-1
1625703085067,Wed Jul 07 17:11:25 PDT 2021,23,189,1
1625710317821,Wed Jul 07 19:11:57 PDT 2021,23,191,0
1625710361154,Wed Jul 07 19:12:41 PDT 2021,23,193,-1
1625710708830,Wed Jul 07 19:18:28 PDT 2021,23,194,-1
1625723202715,Wed Jul 07 22:46:42 PDT 2021,23,196,0
1625772595103,Thu Jul 08 12:29:55 PDT 2021,23,198,0
1625759377530,Thu Jul 08 08:49:37 PDT 2021,23,199,-1
1625762451960,Thu Jul 08 09:40:51 PDT 2021,23,201,1
1625763867523,Thu Jul 08 10:04:27 PDT 2021,23,203,1
1625770674149,Thu Jul 08 11:57:54 PDT 2021,23,205,1
1625782116622,Thu Jul 08 15:08:36 PDT 2021,23,207,-1
1625784322203,Thu Jul 08 15:45:22 PDT 2021,23,208,-1
1625786890053,Thu Jul 08 16:28:10 PDT 2021,23,209,-1
1625788394173,Thu Jul 08 16:53:14 PDT 2021,23,210,-1
1625844924490,Fri Jul 09 08:35:24 PDT 2021,23,215,-1
1625856219903,Fri Jul 09 11:43:39 PDT 2021,23,217,-1
1625864203639,Fri Jul 09 13:56:43 PDT 2021,23,218,0
1625868481270,Fri Jul 09 15:08:01 PDT 2021,23,219,-1
1625921759403,Sat Jul 10 05:55:59 PDT 2021,23,223,-1
1625922102943,Sat Jul 10 06:01:42 PDT 2021,23,224,-1
1625926458975,Sat Jul 10 07:14:18 PDT 2021,23,225,1
1625929871982,Sat Jul 10 08:11:11 PDT 2021,23,226,0
1625937137448,Sat Jul 10 10:12:17 PDT 2021,23,227,0
1625961431787,Sat Jul 10 16:57:11 PDT 2021,23,231,-1
1625965739165,Sat Jul 10 18:08:59 PDT 2021,23,232,1
1625982408673,Sat Jul 10 22:46:48 PDT 2021,23,234,1
1626012720291,Sun Jul 11 07:12:00 PDT 2021,23,236,0
1626014904200,Sun Jul 11 07:48:24 PDT 2021,23,237,-1
1626015530545,Sun Jul 11 07:58:50 PDT 2021,23,238,-1
1626018651043,Sun Jul 11 08:50:51 PDT 2021,23,239,1
1626027503003,Sun Jul 11 11:18:23 PDT 2021,23,240,-1
1626031723203,Sun Jul 11 12:28:43 PDT 2021,23,241,0
1626033523558,Sun Jul 11 12:58:43 PDT 2021,23,243,0
1626063284493,Sun Jul 11 21:14:44 PDT 2021,23,248,-1
1626097129438,Mon Jul 12 06:38:49 PDT 2021,23,249,0
1626097751362,Mon Jul 12 06:49:11 PDT 2021,23,250,0
1626100828029,Mon Jul 12 07:40:28 PDT 2021,23,251,0
1626160431600,Tue Jul 13 00:13:51 PDT 2021,23,255,0
1626184356931,Tue Jul 13 06:52:36 PDT 2021,23,256,-1
1626214259177,Tue Jul 13 15:10:59 PDT 2021,23,260,-1
1626274936306,Wed Jul 14 08:02:16 PDT 2021,23,265,-1
1626383174557,Thu Jul 15 14:06:14 PDT 2021,23,267,1
1626386222431,Thu Jul 15 14:57:02 PDT 2021,23,271,0
1626455724514,Fri Jul 16 10:15:24 PDT 2021,23,274,-1
1626471103289,Fri Jul 16 14:31:43 PDT 2021,23,275,-1
1626492790684,Fri Jul 16 20:33:10 PDT 2021,23,276,0
1626540871095,Sat Jul 17 09:54:31 PDT 2021,23,278,1
1626540762122,Sat Jul 17 09:52:42 PDT 2021,23,279,-1
1626545564050,Sat Jul 17 11:12:44 PDT 2021,23,280,1
1626552653758,Sat Jul 17 13:10:53 PDT 2021,23,281,-1
1626553458678,Sat Jul 17 13:24:18 PDT 2021,23,282,0
1626568456844,Sat Jul 17 17:34:16 PDT 2021,23,284,1
1626584675970,Sat Jul 17 22:04:35 PDT 2021,23,286,1
1626713260546,Mon Jul 19 09:47:40 PDT 2021,23,288,0
1626716470818,Mon Jul 19 10:41:10 PDT 2021,23,290,1
1626720049362,Mon Jul 19 11:40:49 PDT 2021,23,291,0
1626737863245,Mon Jul 19 16:37:43 PDT 2021,23,294,-1
1626752431390,Mon Jul 19 20:40:31 PDT 2021,23,295,-1
1626791844477,Tue Jul 20 07:37:24 PDT 2021,23,296,-1
1626799130586,Tue Jul 20 09:38:50 PDT 2021,23,298,1
1626909781977,Wed Jul 21 16:23:01 PDT 2021,23,299,0
1626910766813,Wed Jul 21 16:39:26 PDT 2021,23,300,0
1627000902127,Thu Jul 22 17:41:42 PDT 2021,23,302,0
1627002476288,Thu Jul 22 18:07:56 PDT 2021,23,303,1
1627009011093,Thu Jul 22 19:56:51 PDT 2021,23,305,-1
1627084317539,Fri Jul 23 16:51:57 PDT 2021,23,309,1
1627085817903,Fri Jul 23 17:16:57 PDT 2021,23,310,1
1627087198176,Fri Jul 23 17:39:58 PDT 2021,23,311,1
1627088529255,Fri Jul 23 18:02:09 PDT 2021,23,312,1
1627100270315,Fri Jul 23 21:17:50 PDT 2021,23,313,-1
1627101206795,Fri Jul 23 21:33:26 PDT 2021,23,314,1
1627101992125,Fri Jul 23 21:46:32 PDT 2021,23,315,1
1627163060135,Sat Jul 24 14:44:20 PDT 2021,23,317,0
1627187892077,Sat Jul 24 21:38:12 PDT 2021,23,318,-1
1627191335054,Sat Jul 24 22:35:35 PDT 2021,23,319,1
1627407736318,Tue Jul 27 10:42:16 PDT 2021,23,322,1
1627415002121,Tue Jul 27 12:43:22 PDT 2021,23,325,1
1627699323557,Fri Jul 30 19:42:03 PDT 2021,23,326,0
1627439480717,Tue Jul 27 19:31:20 PDT 2021,23,327,0
1627502667652,Wed Jul 28 13:04:27 PDT 2021,23,332,1
1627505310987,Wed Jul 28 13:48:30 PDT 2021,23,337,1
1627505970488,Wed Jul 28 13:59:30 PDT 2021,23,339,1
1627508596084,Wed Jul 28 14:43:16 PDT 2021,23,343,1
1627515343305,Wed Jul 28 16:35:43 PDT 2021,23,348,-1
1627523195410,Wed Jul 28 18:46:35 PDT 2021,23,353,-1
1627521608551,Wed Jul 28 18:20:08 PDT 2021,23,356,-1
1627530542831,Wed Jul 28 20:49:02 PDT 2021,23,357,1
1627531994296,Wed Jul 28 21:13:14 PDT 2021,23,358,1
1627532448905,Wed Jul 28 21:20:48 PDT 2021,23,359,0
1627535543864,Wed Jul 28 22:12:23 PDT 2021,23,361,0
1627543883235,Thu Jul 29 00:31:23 PDT 2021,23,364,-1
1627573332657,Thu Jul 29 08:42:12 PDT 2021,23,366,1
1627578824948,Thu Jul 29 10:13:44 PDT 2021,23,368,0
1627583755010,Thu Jul 29 11:35:55 PDT 2021,23,371,1
1627586902981,Thu Jul 29 12:28:22 PDT 2021,23,373,-1
1627609603690,Thu Jul 29 18:46:43 PDT 2021,23,376,0
1627656045240,Fri Jul 30 07:40:45 PDT 2021,23,380,0
1627664072180,Fri Jul 30 09:54:32 PDT 2021,23,382,1
1627666608996,Fri Jul 30 10:36:48 PDT 2021,23,384,1
1627676651790,Fri Jul 30 13:24:11 PDT 2021,23,386,-1
1627680422746,Fri Jul 30 14:27:02 PDT 2021,23,388,0
1627681826911,Fri Jul 30 14:50:26 PDT 2021,23,389,0
1627686273148,Fri Jul 30 16:04:33 PDT 2021,23,394,1
1627703611422,Fri Jul 30 20:53:31 PDT 2021,23,396,0
1627770365265,Sat Jul 31 15:26:05 PDT 2021,23,401,-1
1627771791015,Sat Jul 31 15:49:51 PDT 2021,23,402,-1
1627776572550,Sat Jul 31 17:09:32 PDT 2021,23,403,1
1627838158003,Sun Aug 01 10:15:58 PDT 2021,23,404,1
1624995199199,Tue Jun 29 12:33:19 PDT 2021,24,0,1
1624917580317,Mon Jun 28 14:59:40 PDT 2021,24,1,-1
1624924715589,Mon Jun 28 16:58:35 PDT 2021,24,2,0
1624978230794,Tue Jun 29 07:50:30 PDT 2021,24,3,0
1624980373362,Tue Jun 29 08:26:13 PDT 2021,24,5,0
1624981049170,Tue Jun 29 08:37:29 PDT 2021,24,6,1
1624982997805,Tue Jun 29 09:09:57 PDT 2021,24,7,0
1624995892592,Tue Jun 29 12:44:52 PDT 2021,24,9,1
1624997128190,Tue Jun 29 13:05:28 PDT 2021,24,10,0
1624999091529,Tue Jun 29 13:38:11 PDT 2021,24,11,0
1625000452097,Tue Jun 29 14:00:52 PDT 2021,24,12,0
1625000515825,Tue Jun 29 14:01:55 PDT 2021,24,13,1
1625002266751,Tue Jun 29 14:31:06 PDT 2021,24,14,-1
1625003498650,Tue Jun 29 14:51:38 PDT 2021,24,15,-1
1625004276600,Tue Jun 29 15:04:36 PDT 2021,24,16,-1
1625007195724,Tue Jun 29 15:53:15 PDT 2021,24,17,-1
1625007573409,Tue Jun 29 15:59:33 PDT 2021,24,18,-1
1625008459939,Tue Jun 29 16:14:19 PDT 2021,24,19,-1
1625008955437,Tue Jun 29 16:22:35 PDT 2021,24,21,0
1625009237887,Tue Jun 29 16:27:17 PDT 2021,24,22,-1
1625019792638,Tue Jun 29 19:23:12 PDT 2021,24,24,-1
1625019930276,Tue Jun 29 19:25:30 PDT 2021,24,25,-1
1625020041434,Tue Jun 29 19:27:21 PDT 2021,24,26,1
1625021673468,Tue Jun 29 19:54:33 PDT 2021,24,27,1
1625055529953,Wed Jun 30 05:18:49 PDT 2021,24,28,0
1625057866626,Wed Jun 30 05:57:46 PDT 2021,24,30,-1
1625065166147,Wed Jun 30 07:59:26 PDT 2021,24,33,-1
1625066233606,Wed Jun 30 08:17:13 PDT 2021,24,34,0
1625068290760,Wed Jun 30 08:51:30 PDT 2021,24,35,-1
1625069386772,Wed Jun 30 09:09:46 PDT 2021,24,36,-1
1625071733427,Wed Jun 30 09:48:53 PDT 2021,24,37,0
1625072159340,Wed Jun 30 09:55:59 PDT 2021,24,38,-1
1625082597140,Wed Jun 30 12:49:57 PDT 2021,24,40,-1
1625099217099,Wed Jun 30 17:26:57 PDT 2021,24,41,1
1625086513372,Wed Jun 30 13:55:13 PDT 2021,24,42,-1
1625089578105,Wed Jun 30 14:46:18 PDT 2021,24,43,1
1625092906329,Wed Jun 30 15:41:46 PDT 2021,24,45,-1
1625095543799,Wed Jun 30 16:25:43 PDT 2021,24,46,1
1625095263048,Wed Jun 30 16:21:03 PDT 2021,24,47,0
1625096274611,Wed Jun 30 16:37:54 PDT 2021,24,48,1
1625099307482,Wed Jun 30 17:28:27 PDT 2021,24,50,0
1625100930114,Wed Jun 30 17:55:30 PDT 2021,24,51,1
1625102753653,Wed Jun 30 18:25:53 PDT 2021,24,52,1
1625101581762,Wed Jun 30 18:06:21 PDT 2021,24,53,1
1625101663547,Wed Jun 30 18:07:43 PDT 2021,24,54,1
1625108276383,Wed Jun 30 19:57:56 PDT 2021,24,55,-1
1625112208843,Wed Jun 30 21:03:28 PDT 2021,24,56,0
1625116316914,Wed Jun 30 22:11:56 PDT 2021,24,57,0
1625118341987,Wed Jun 30 22:45:41 PDT 2021,24,59,-1
1625149930354,Thu Jul 01 07:32:10 PDT 2021,24,61,0
1625150988655,Thu Jul 01 07:49:48 PDT 2021,24,62,0
1625154425542,Thu Jul 01 08:47:05 PDT 2021,24,63,0
1625155530734,Thu Jul 01 09:05:30 PDT 2021,24,64,1
1625158059932,Thu Jul 01 09:47:39 PDT 2021,24,65,-1
1625410605360,Sun Jul 04 07:56:45 PDT 2021,24,66,-1
1625159659788,Thu Jul 01 10:14:19 PDT 2021,24,68,-1
1625160015317,Thu Jul 01 10:20:15 PDT 2021,24,69,1
1625168020970,Thu Jul 01 12:33:40 PDT 2021,24,70,-1
1625162426997,Thu Jul 01 11:00:26 PDT 2021,24,71,1
1625163469956,Thu Jul 01 11:17:49 PDT 2021,24,73,1
1625163688112,Thu Jul 01 11:21:28 PDT 2021,24,74,0
1625164236753,Thu Jul 01 11:30:36 PDT 2021,24,83,1
1625164421998,Thu Jul 01 11:33:41 PDT 2021,24,84,1
1625165026296,Thu Jul 01 11:43:46 PDT 2021,24,85,1
1625165447152,Thu Jul 01 11:50:47 PDT 2021,24,86,1
1625168540775,Thu Jul 01 12:42:20 PDT 2021,24,92,0
1625173388972,Thu Jul 01 14:03:08 PDT 2021,24,93,-1
1625174743009,Thu Jul 01 14:25:43 PDT 2021,24,94,0
1625179459538,Thu Jul 01 15:44:19 PDT 2021,24,95,-1
1625182915813,Thu Jul 01 16:41:55 PDT 2021,24,96,0
1625185681062,Thu Jul 01 17:28:01 PDT 2021,24,97,0
1626140910496,Mon Jul 12 18:48:30 PDT 2021,24,98,1
1625189864884,Thu Jul 01 18:37:44 PDT 2021,24,99,1
1625190663218,Thu Jul 01 18:51:03 PDT 2021,24,100,0
1625191124671,Thu Jul 01 18:58:44 PDT 2021,24,101,0
1625199611052,Thu Jul 01 21:20:11 PDT 2021,24,102,1
1625238016542,Fri Jul 02 08:00:16 PDT 2021,24,103,1
1625241308285,Fri Jul 02 08:55:08 PDT 2021,24,104,0
1625241794701,Fri Jul 02 09:03:14 PDT 2021,24,105,0
1625242388670,Fri Jul 02 09:13:08 PDT 2021,24,106,0
1625246232954,Fri Jul 02 10:17:12 PDT 2021,24,107,-1
1625251451984,Fri Jul 02 11:44:11 PDT 2021,24,108,0
1625265508967,Fri Jul 02 15:38:28 PDT 2021,24,110,0
1625266514726,Fri Jul 02 15:55:14 PDT 2021,24,111,0
1625275565487,Fri Jul 02 18:26:05 PDT 2021,24,112,1
1625329541007,Sat Jul 03 09:25:41 PDT 2021,24,118,0
1625333360339,Sat Jul 03 10:29:20 PDT 2021,24,119,0
1625364767426,Sat Jul 03 19:12:47 PDT 2021,24,121,1
1625365567394,Sat Jul 03 19:26:07 PDT 2021,24,122,1
1625366152838,Sat Jul 03 19:35:52 PDT 2021,24,123,-1
1625375124977,Sat Jul 03 22:05:24 PDT 2021,24,124,-1
1625415044683,Sun Jul 04 09:10:44 PDT 2021,24,127,0
1625425093264,Sun Jul 04 11:58:13 PDT 2021,24,131,0
1625428862598,Sun Jul 04 13:01:02 PDT 2021,24,132,-1
1625435847703,Sun Jul 04 14:57:27 PDT 2021,24,135,0
1625436898648,Sun Jul 04 15:14:58 PDT 2021,24,136,-1
1625437244033,Sun Jul 04 15:20:44 PDT 2021,24,137,0
1625451960710,Sun Jul 04 19:26:00 PDT 2021,24,141,0
1625454644136,Sun Jul 04 20:10:44 PDT 2021,24,142,-1
1625461065074,Sun Jul 04 21:57:45 PDT 2021,24,144,-1
1625462465280,Sun Jul 04 22:21:05 PDT 2021,24,145,-1
1625496398491,Mon Jul 05 07:46:38 PDT 2021,24,147,0
1625528645221,Mon Jul 05 16:44:05 PDT 2021,24,148,0
1625594028478,Tue Jul 06 10:53:48 PDT 2021,24,151,-1
1625603000730,Tue Jul 06 13:23:20 PDT 2021,24,152,-1
1625613981014,Tue Jul 06 16:26:21 PDT 2021,24,153,-1
1625611453809,Tue Jul 06 15:44:13 PDT 2021,24,155,-1
1625627619353,Tue Jul 06 20:13:39 PDT 2021,24,156,-1
1625636019234,Tue Jul 06 22:33:39 PDT 2021,24,157,1
1625673537060,Wed Jul 07 08:58:57 PDT 2021,24,160,0
1625674405604,Wed Jul 07 09:13:25 PDT 2021,24,161,-1
1625675619214,Wed Jul 07 09:33:39 PDT 2021,24,162,0
1625676875492,Wed Jul 07 09:54:35 PDT 2021,24,163,0
1625678620887,Wed Jul 07 10:23:40 PDT 2021,24,166,0
1625677719667,Wed Jul 07 10:08:39 PDT 2021,24,168,1
1625694133041,Wed Jul 07 14:42:13 PDT 2021,24,173,-1
1625694326021,Wed Jul 07 14:45:26 PDT 2021,24,174,-1
1625696724370,Wed Jul 07 15:25:24 PDT 2021,24,181,0
1625698665893,Wed Jul 07 15:57:45 PDT 2021,24,183,0
1625700081811,Wed Jul 07 16:21:21 PDT 2021,24,186,0
1625700609122,Wed Jul 07 16:30:09 PDT 2021,24,187,0
1625700782653,Wed Jul 07 16:33:02 PDT 2021,24,188,0
1625703174560,Wed Jul 07 17:12:54 PDT 2021,24,189,1
1625707280920,Wed Jul 07 18:21:20 PDT 2021,24,191,0
1625710246355,Wed Jul 07 19:10:46 PDT 2021,24,193,0
1625711206491,Wed Jul 07 19:26:46 PDT 2021,24,194,1
1625723239394,Wed Jul 07 22:47:19 PDT 2021,24,196,0
1625755801982,Thu Jul 08 07:50:01 PDT 2021,24,198,1
1625758899265,Thu Jul 08 08:41:39 PDT 2021,24,199,1
1625763073253,Thu Jul 08 09:51:13 PDT 2021,24,201,0
1625763853529,Thu Jul 08 10:04:13 PDT 2021,24,203,1
1625770608836,Thu Jul 08 11:56:48 PDT 2021,24,205,1
1625782497187,Thu Jul 08 15:14:57 PDT 2021,24,207,-1
1625784359844,Thu Jul 08 15:45:59 PDT 2021,24,208,0
1625787124689,Thu Jul 08 16:32:04 PDT 2021,24,209,-1
1625845231580,Fri Jul 09 08:40:31 PDT 2021,24,215,1
1625855924638,Fri Jul 09 11:38:44 PDT 2021,24,217,1
1625864950104,Fri Jul 09 14:09:10 PDT 2021,24,218,0
1625868347248,Fri Jul 09 15:05:47 PDT 2021,24,219,-1
1625921656171,Sat Jul 10 05:54:16 PDT 2021,24,223,-1
1625922408946,Sat Jul 10 06:06:48 PDT 2021,24,224,-1
1625929014585,Sat Jul 10 07:56:54 PDT 2021,24,226,0
1625937457563,Sat Jul 10 10:17:37 PDT 2021,24,227,0
1625939591195,Sat Jul 10 10:53:11 PDT 2021,24,228,1
1625965224360,Sat Jul 10 18:00:24 PDT 2021,24,232,-1
1625971531134,Sat Jul 10 19:45:31 PDT 2021,24,233,0
1625982628897,Sat Jul 10 22:50:28 PDT 2021,24,234,1
1626012584513,Sun Jul 11 07:09:44 PDT 2021,24,236,0
1626015441914,Sun Jul 11 07:57:21 PDT 2021,24,237,0
1626015899774,Sun Jul 11 08:04:59 PDT 2021,24,238,-1
1626018757412,Sun Jul 11 08:52:37 PDT 2021,24,239,0
1626027483955,Sun Jul 11 11:18:03 PDT 2021,24,240,0
1626031698294,Sun Jul 11 12:28:18 PDT 2021,24,241,0
1626034070822,Sun Jul 11 13:07:50 PDT 2021,24,243,0
1626063229136,Sun Jul 11 21:13:49 PDT 2021,24,248,-1
1626097523991,Mon Jul 12 06:45:23 PDT 2021,24,250,1
1626160105545,Tue Jul 13 00:08:25 PDT 2021,24,255,0
1626184663856,Tue Jul 13 06:57:43 PDT 2021,24,256,-1
1626198157488,Tue Jul 13 10:42:37 PDT 2021,24,257,1
1627192493786,Sat Jul 24 22:54:53 PDT 2021,24,258,1
1626214227185,Tue Jul 13 15:10:27 PDT 2021,24,260,-1
1626298419304,Wed Jul 14 14:33:39 PDT 2021,24,265,-1
1626276027494,Wed Jul 14 08:20:27 PDT 2021,24,266,0
1626383604630,Thu Jul 15 14:13:24 PDT 2021,24,267,0
1626385843969,Thu Jul 15 14:50:43 PDT 2021,24,271,0
1626456255149,Fri Jul 16 10:24:15 PDT 2021,24,274,-1
1626471978383,Fri Jul 16 14:46:18 PDT 2021,24,275,-1
1626492885273,Fri Jul 16 20:34:45 PDT 2021,24,276,1
1626541460059,Sat Jul 17 10:04:20 PDT 2021,24,278,0
1626544884780,Sat Jul 17 11:01:24 PDT 2021,24,280,1
1626552884000,Sat Jul 17 13:14:44 PDT 2021,24,281,-1
1626553397886,Sat Jul 17 13:23:17 PDT 2021,24,282,-1
1626568220789,Sat Jul 17 17:30:20 PDT 2021,24,284,1
1626584854173,Sat Jul 17 22:07:34 PDT 2021,24,286,1
1626712968942,Mon Jul 19 09:42:48 PDT 2021,24,288,0
1626716606742,Mon Jul 19 10:43:26 PDT 2021,24,290,1
1626720018979,Mon Jul 19 11:40:18 PDT 2021,24,291,1
1626738018357,Mon Jul 19 16:40:18 PDT 2021,24,294,0
1626752515873,Mon Jul 19 20:41:55 PDT 2021,24,295,-1
1626792581967,Tue Jul 20 07:49:41 PDT 2021,24,296,-1
1626798535683,Tue Jul 20 09:28:55 PDT 2021,24,298,-1
1626910141982,Wed Jul 21 16:29:01 PDT 2021,24,299,1
1626965343926,Thu Jul 22 07:49:03 PDT 2021,24,300,0
1627001421143,Thu Jul 22 17:50:21 PDT 2021,24,302,-1
1627002677744,Thu Jul 22 18:11:17 PDT 2021,24,303,1
1627008907443,Thu Jul 22 19:55:07 PDT 2021,24,305,-1
1627084320426,Fri Jul 23 16:52:00 PDT 2021,24,309,1
1627085663718,Fri Jul 23 17:14:23 PDT 2021,24,310,1
1627086881664,Fri Jul 23 17:34:41 PDT 2021,24,311,1
1627088430913,Fri Jul 23 18:00:30 PDT 2021,24,312,1
1627100201762,Fri Jul 23 21:16:41 PDT 2021,24,313,1
1627100884273,Fri Jul 23 21:28:04 PDT 2021,24,314,1
1627102048512,Fri Jul 23 21:47:28 PDT 2021,24,315,1
1627162766852,Sat Jul 24 14:39:26 PDT 2021,24,317,0
1627187781365,Sat Jul 24 21:36:21 PDT 2021,24,318,1
1627192238034,Sat Jul 24 22:50:38 PDT 2021,24,319,1
1627407978899,Tue Jul 27 10:46:18 PDT 2021,24,322,1
1627414966206,Tue Jul 27 12:42:46 PDT 2021,24,325,1
1627699487736,Fri Jul 30 19:44:47 PDT 2021,24,326,0
1627451248448,Tue Jul 27 22:47:28 PDT 2021,24,328,1
1627502747214,Wed Jul 28 13:05:47 PDT 2021,24,332,1
1627505324350,Wed Jul 28 13:48:44 PDT 2021,24,337,1
1627505992899,Wed Jul 28 13:59:52 PDT 2021,24,339,1
1627506795332,Wed Jul 28 14:13:15 PDT 2021,24,341,1
1627508667043,Wed Jul 28 14:44:27 PDT 2021,24,343,1
1627515399806,Wed Jul 28 16:36:39 PDT 2021,24,348,-1
1627523822512,Wed Jul 28 18:57:02 PDT 2021,24,353,-1
1627521661227,Wed Jul 28 18:21:01 PDT 2021,24,356,-1
1627529997342,Wed Jul 28 20:39:57 PDT 2021,24,357,1
1627531733816,Wed Jul 28 21:08:53 PDT 2021,24,358,1
1627532504434,Wed Jul 28 21:21:44 PDT 2021,24,359,1
1627535216503,Wed Jul 28 22:06:56 PDT 2021,24,361,0
1627536593224,Wed Jul 28 22:29:53 PDT 2021,24,363,0
1627574039587,Thu Jul 29 08:53:59 PDT 2021,24,366,1
1627585109836,Thu Jul 29 11:58:29 PDT 2021,24,372,1
1627587264855,Thu Jul 29 12:34:24 PDT 2021,24,373,0
1627595485805,Thu Jul 29 14:51:25 PDT 2021,24,375,0
1627609521645,Thu Jul 29 18:45:21 PDT 2021,24,376,0
1627613907523,Thu Jul 29 19:58:27 PDT 2021,24,378,0
1627655997576,Fri Jul 30 07:39:57 PDT 2021,24,380,-1
1627656605561,Fri Jul 30 07:50:05 PDT 2021,24,381,-1
1627663758222,Fri Jul 30 09:49:18 PDT 2021,24,382,1
1627667344558,Fri Jul 30 10:49:04 PDT 2021,24,384,0
1627676178378,Fri Jul 30 13:16:18 PDT 2021,24,386,-1
1627680711250,Fri Jul 30 14:31:51 PDT 2021,24,388,0
1627681989811,Fri Jul 30 14:53:09 PDT 2021,24,389,-1
1627702174897,Fri Jul 30 20:29:34 PDT 2021,24,396,0
1627752616103,Sat Jul 31 10:30:16 PDT 2021,24,398,1
1627769592455,Sat Jul 31 15:13:12 PDT 2021,24,401,0
1627772045498,Sat Jul 31 15:54:05 PDT 2021,24,402,1
1627776970156,Sat Jul 31 17:16:10 PDT 2021,24,403,-1
1627837581989,Sun Aug 01 10:06:21 PDT 2021,24,404,1
1624994918292,Tue Jun 29 12:28:38 PDT 2021,25,0,1
1624917460169,Mon Jun 28 14:57:40 PDT 2021,25,1,1
1624924413309,Mon Jun 28 16:53:33 PDT 2021,25,2,1
1624978143757,Tue Jun 29 07:49:03 PDT 2021,25,3,-1
1624980187301,Tue Jun 29 08:23:07 PDT 2021,25,5,1
1624980856847,Tue Jun 29 08:34:16 PDT 2021,25,6,1
1624982954183,Tue Jun 29 09:09:14 PDT 2021,25,7,1
1624995185773,Tue Jun 29 12:33:05 PDT 2021,25,8,1
1624995604197,Tue Jun 29 12:40:04 PDT 2021,25,9,1
1624997005561,Tue Jun 29 13:03:25 PDT 2021,25,10,1
1624999262112,Tue Jun 29 13:41:02 PDT 2021,25,11,0
1625000184298,Tue Jun 29 13:56:24 PDT 2021,25,12,1
1625000342247,Tue Jun 29 13:59:02 PDT 2021,25,13,1
1625002050379,Tue Jun 29 14:27:30 PDT 2021,25,14,-1
1625003415306,Tue Jun 29 14:50:15 PDT 2021,25,15,1
1625004048148,Tue Jun 29 15:00:48 PDT 2021,25,16,1
1625007239543,Tue Jun 29 15:53:59 PDT 2021,25,17,0
1625007299916,Tue Jun 29 15:54:59 PDT 2021,25,18,0
1625008190855,Tue Jun 29 16:09:50 PDT 2021,25,19,1
1625008804542,Tue Jun 29 16:20:04 PDT 2021,25,21,1
1625009024519,Tue Jun 29 16:23:44 PDT 2021,25,22,1
1625019998098,Tue Jun 29 19:26:38 PDT 2021,25,24,0
1625019779107,Tue Jun 29 19:22:59 PDT 2021,25,25,1
1625020166400,Tue Jun 29 19:29:26 PDT 2021,25,26,1
1625021720777,Tue Jun 29 19:55:20 PDT 2021,25,27,1
1625055621315,Wed Jun 30 05:20:21 PDT 2021,25,28,1
1625058061936,Wed Jun 30 06:01:01 PDT 2021,25,30,0
1625064900670,Wed Jun 30 07:55:00 PDT 2021,25,33,1
1625066467801,Wed Jun 30 08:21:07 PDT 2021,25,34,1
1625068591885,Wed Jun 30 08:56:31 PDT 2021,25,35,1
1625069131441,Wed Jun 30 09:05:31 PDT 2021,25,36,1
1625071871699,Wed Jun 30 09:51:11 PDT 2021,25,37,1
1625072156348,Wed Jun 30 09:55:56 PDT 2021,25,38,1
1625082570953,Wed Jun 30 12:49:30 PDT 2021,25,40,0
1625099455314,Wed Jun 30 17:30:55 PDT 2021,25,41,0
1625086612440,Wed Jun 30 13:56:52 PDT 2021,25,42,1
1625090190042,Wed Jun 30 14:56:30 PDT 2021,25,43,1
1625093060008,Wed Jun 30 15:44:20 PDT 2021,25,45,1
1625095430351,Wed Jun 30 16:23:50 PDT 2021,25,46,1
1625095235122,Wed Jun 30 16:20:35 PDT 2021,25,47,1
1625095759484,Wed Jun 30 16:29:19 PDT 2021,25,48,-1
1625099302700,Wed Jun 30 17:28:22 PDT 2021,25,50,1
1625100927092,Wed Jun 30 17:55:27 PDT 2021,25,51,1
1625101250050,Wed Jun 30 18:00:50 PDT 2021,25,52,-1
1625101833037,Wed Jun 30 18:10:33 PDT 2021,25,53,1
1625101717847,Wed Jun 30 18:08:37 PDT 2021,25,54,1
1625107978277,Wed Jun 30 19:52:58 PDT 2021,25,55,1
1625112160554,Wed Jun 30 21:02:40 PDT 2021,25,56,1
1625116428710,Wed Jun 30 22:13:48 PDT 2021,25,57,1
1625118290535,Wed Jun 30 22:44:50 PDT 2021,25,59,1
1625120735517,Wed Jun 30 23:25:35 PDT 2021,25,60,1
1625150502423,Thu Jul 01 07:41:42 PDT 2021,25,61,0
1625151414814,Thu Jul 01 07:56:54 PDT 2021,25,62,1
1625154196981,Thu Jul 01 08:43:16 PDT 2021,25,63,1
1625155397824,Thu Jul 01 09:03:17 PDT 2021,25,64,1
1625158069576,Thu Jul 01 09:47:49 PDT 2021,25,65,0
1625410381189,Sun Jul 04 07:53:01 PDT 2021,25,66,1
1625159444621,Thu Jul 01 10:10:44 PDT 2021,25,68,1
1625159924823,Thu Jul 01 10:18:44 PDT 2021,25,69,-1
1625167827123,Thu Jul 01 12:30:27 PDT 2021,25,70,0
1625162052394,Thu Jul 01 10:54:12 PDT 2021,25,71,-1
1625163417800,Thu Jul 01 11:16:57 PDT 2021,25,73,1
1625163727022,Thu Jul 01 11:22:07 PDT 2021,25,74,0
1625164160175,Thu Jul 01 11:29:20 PDT 2021,25,83,1
1625165037774,Thu Jul 01 11:43:57 PDT 2021,25,85,1
1625165349637,Thu Jul 01 11:49:09 PDT 2021,25,86,1
1625168644358,Thu Jul 01 12:44:04 PDT 2021,25,92,1
1625173944646,Thu Jul 01 14:12:24 PDT 2021,25,93,0
1625175205836,Thu Jul 01 14:33:25 PDT 2021,25,94,1
1625175113250,Thu Jul 01 14:31:53 PDT 2021,25,95,1
1625182745863,Thu Jul 01 16:39:05 PDT 2021,25,96,1
1626144896130,Mon Jul 12 19:54:56 PDT 2021,25,98,0
1625191101424,Thu Jul 01 18:58:21 PDT 2021,25,100,-1
1625191097013,Thu Jul 01 18:58:17 PDT 2021,25,101,1
1625199833205,Thu Jul 01 21:23:53 PDT 2021,25,102,1
1625238244411,Fri Jul 02 08:04:04 PDT 2021,25,103,1
1625241628799,Fri Jul 02 09:00:28 PDT 2021,25,104,1
1625241741913,Fri Jul 02 09:02:21 PDT 2021,25,105,1
1625242144305,Fri Jul 02 09:09:04 PDT 2021,25,106,1
1625245454883,Fri Jul 02 10:04:14 PDT 2021,25,107,-1
1625265353543,Fri Jul 02 15:35:53 PDT 2021,25,110,1
1625266500877,Fri Jul 02 15:55:00 PDT 2021,25,111,-1
1625274822347,Fri Jul 02 18:13:42 PDT 2021,25,112,0
1625329358799,Sat Jul 03 09:22:38 PDT 2021,25,118,1
1625333287142,Sat Jul 03 10:28:07 PDT 2021,25,119,1
1625361790506,Sat Jul 03 18:23:10 PDT 2021,25,120,1
1625364665994,Sat Jul 03 19:11:05 PDT 2021,25,121,1
1625365214313,Sat Jul 03 19:20:14 PDT 2021,25,122,1
1625366289554,Sat Jul 03 19:38:09 PDT 2021,25,123,1
1625375862213,Sat Jul 03 22:17:42 PDT 2021,25,124,0
1625383819096,Sun Jul 04 00:30:19 PDT 2021,25,125,1
1625410233996,Sun Jul 04 07:50:33 PDT 2021,25,126,0
1625413294442,Sun Jul 04 08:41:34 PDT 2021,25,127,1
1625424435524,Sun Jul 04 11:47:15 PDT 2021,25,131,1
1625428888300,Sun Jul 04 13:01:28 PDT 2021,25,132,0
1625436303605,Sun Jul 04 15:05:03 PDT 2021,25,135,1
1625436063606,Sun Jul 04 15:01:03 PDT 2021,25,136,0
1625437227496,Sun Jul 04 15:20:27 PDT 2021,25,137,1
1625452301658,Sun Jul 04 19:31:41 PDT 2021,25,141,1
1625461438526,Sun Jul 04 22:03:58 PDT 2021,25,144,1
1625462642580,Sun Jul 04 22:24:02 PDT 2021,25,145,1
1625496412959,Mon Jul 05 07:46:52 PDT 2021,25,147,1
1625593738553,Tue Jul 06 10:48:58 PDT 2021,25,151,0
1625602747247,Tue Jul 06 13:19:07 PDT 2021,25,152,0
1625598077994,Tue Jul 06 12:01:17 PDT 2021,25,153,-1
1625611820541,Tue Jul 06 15:50:20 PDT 2021,25,155,1
1625627379628,Tue Jul 06 20:09:39 PDT 2021,25,156,1
1625635820929,Tue Jul 06 22:30:20 PDT 2021,25,157,1
1625672671186,Wed Jul 07 08:44:31 PDT 2021,25,160,1
1625674961111,Wed Jul 07 09:22:41 PDT 2021,25,161,0
1625675461519,Wed Jul 07 09:31:01 PDT 2021,25,162,1
1625676600611,Wed Jul 07 09:50:00 PDT 2021,25,163,1
1625677705324,Wed Jul 07 10:08:25 PDT 2021,25,166,0
1625692957866,Wed Jul 07 14:22:37 PDT 2021,25,173,1
1625694039935,Wed Jul 07 14:40:39 PDT 2021,25,174,0
1625694764512,Wed Jul 07 14:52:44 PDT 2021,25,177,1
1625695839643,Wed Jul 07 15:10:39 PDT 2021,25,178,1
1625696598461,Wed Jul 07 15:23:18 PDT 2021,25,181,0
1625698341190,Wed Jul 07 15:52:21 PDT 2021,25,183,0
1625699392852,Wed Jul 07 16:09:52 PDT 2021,25,184,1
1625699924884,Wed Jul 07 16:18:44 PDT 2021,25,186,1
1625700900140,Wed Jul 07 16:35:00 PDT 2021,25,187,1
1625700836480,Wed Jul 07 16:33:56 PDT 2021,25,188,1
1625703018131,Wed Jul 07 17:10:18 PDT 2021,25,189,-1
1625707411353,Wed Jul 07 18:23:31 PDT 2021,25,191,1
1625710424252,Wed Jul 07 19:13:44 PDT 2021,25,193,1
1625711100539,Wed Jul 07 19:25:00 PDT 2021,25,194,1
1625722951398,Wed Jul 07 22:42:31 PDT 2021,25,196,0
1625753133168,Thu Jul 08 07:05:33 PDT 2021,25,197,0
1625755579121,Thu Jul 08 07:46:19 PDT 2021,25,198,1
1625758858454,Thu Jul 08 08:40:58 PDT 2021,25,199,1
1625760241326,Thu Jul 08 09:04:01 PDT 2021,25,200,-1
1625762759895,Thu Jul 08 09:45:59 PDT 2021,25,201,1
1625763524800,Thu Jul 08 09:58:44 PDT 2021,25,203,1
1625770564430,Thu Jul 08 11:56:04 PDT 2021,25,205,1
1625782274958,Thu Jul 08 15:11:14 PDT 2021,25,207,0
1625784124604,Thu Jul 08 15:42:04 PDT 2021,25,208,1
1625786445558,Thu Jul 08 16:20:45 PDT 2021,25,209,0
1625845161736,Fri Jul 09 08:39:21 PDT 2021,25,215,1
1625853090818,Fri Jul 09 10:51:30 PDT 2021,25,216,0
1625855802855,Fri Jul 09 11:36:42 PDT 2021,25,217,1
1625864358841,Fri Jul 09 13:59:18 PDT 2021,25,218,1
1625868636160,Fri Jul 09 15:10:36 PDT 2021,25,219,0
1625921206652,Sat Jul 10 05:46:46 PDT 2021,25,223,0
1625922601317,Sat Jul 10 06:10:01 PDT 2021,25,224,0
1625929881074,Sat Jul 10 08:11:21 PDT 2021,25,226,1
1625937411471,Sat Jul 10 10:16:51 PDT 2021,25,227,0
1625939464318,Sat Jul 10 10:51:04 PDT 2021,25,228,1
1625961685945,Sat Jul 10 17:01:25 PDT 2021,25,231,-1
1625964991394,Sat Jul 10 17:56:31 PDT 2021,25,232,0
1625971583231,Sat Jul 10 19:46:23 PDT 2021,25,233,1
1625982403784,Sat Jul 10 22:46:43 PDT 2021,25,234,-1
1626012648180,Sun Jul 11 07:10:48 PDT 2021,25,236,1
1626015131109,Sun Jul 11 07:52:11 PDT 2021,25,237,0
1626015286945,Sun Jul 11 07:54:46 PDT 2021,25,238,1
1626018077618,Sun Jul 11 08:41:17 PDT 2021,25,239,1
1626027577894,Sun Jul 11 11:19:37 PDT 2021,25,240,1
1626031642140,Sun Jul 11 12:27:22 PDT 2021,25,241,1
1626033653206,Sun Jul 11 13:00:53 PDT 2021,25,243,1
1626055657455,Sun Jul 11 19:07:37 PDT 2021,25,247,1
1626063699553,Sun Jul 11 21:21:39 PDT 2021,25,248,1
1626097434434,Mon Jul 12 06:43:54 PDT 2021,25,249,-1
1626097644655,Mon Jul 12 06:47:24 PDT 2021,25,250,0
1626160238713,Tue Jul 13 00:10:38 PDT 2021,25,255,1
1626184173550,Tue Jul 13 06:49:33 PDT 2021,25,256,1
1626641303690,Sun Jul 18 13:48:23 PDT 2021,25,258,1
1626213736107,Tue Jul 13 15:02:16 PDT 2021,25,260,0
1626215383364,Tue Jul 13 15:29:43 PDT 2021,25,261,1
1626234482513,Tue Jul 13 20:48:02 PDT 2021,25,264,0
1626274800782,Wed Jul 14 08:00:00 PDT 2021,25,265,0
1626383432539,Thu Jul 15 14:10:32 PDT 2021,25,267,1
1626385650130,Thu Jul 15 14:47:30 PDT 2021,25,271,0
1626455745875,Fri Jul 16 10:15:45 PDT 2021,25,274,0
1626471243546,Fri Jul 16 14:34:03 PDT 2021,25,275,0
1626492749236,Fri Jul 16 20:32:29 PDT 2021,25,276,0
1626541204725,Sat Jul 17 10:00:04 PDT 2021,25,278,1
1626540768099,Sat Jul 17 09:52:48 PDT 2021,25,279,1
1626545476075,Sat Jul 17 11:11:16 PDT 2021,25,280,1
1626552415527,Sat Jul 17 13:06:55 PDT 2021,25,281,1
1626553981434,Sat Jul 17 13:33:01 PDT 2021,25,282,0
1626568402328,Sat Jul 17 17:33:22 PDT 2021,25,284,1
1626578056152,Sat Jul 17 20:14:16 PDT 2021,25,285,1
1626584719230,Sat Jul 17 22:05:19 PDT 2021,25,286,1
1626712860260,Mon Jul 19 09:41:00 PDT 2021,25,288,1
1626716519353,Mon Jul 19 10:41:59 PDT 2021,25,290,1
1626719967376,Mon Jul 19 11:39:27 PDT 2021,25,291,1
1626734012848,Mon Jul 19 15:33:32 PDT 2021,25,292,1
1626737991198,Mon Jul 19 16:39:51 PDT 2021,25,294,0
1626752149564,Mon Jul 19 20:35:49 PDT 2021,25,295,0
1626792253410,Tue Jul 20 07:44:13 PDT 2021,25,296,0
1626798785869,Tue Jul 20 09:33:05 PDT 2021,25,298,0
1626909389363,Wed Jul 21 16:16:29 PDT 2021,25,299,0
1626910684855,Wed Jul 21 16:38:04 PDT 2021,25,300,0
1626919040459,Wed Jul 21 18:57:20 PDT 2021,25,301,1
1627001454090,Thu Jul 22 17:50:54 PDT 2021,25,302,0
1627002404963,Thu Jul 22 18:06:44 PDT 2021,25,303,-1
1627009057593,Thu Jul 22 19:57:37 PDT 2021,25,305,0
1627084353791,Fri Jul 23 16:52:33 PDT 2021,25,309,1
1627085222023,Fri Jul 23 17:07:02 PDT 2021,25,310,1
1627086533891,Fri Jul 23 17:28:53 PDT 2021,25,311,1
1627088243788,Fri Jul 23 17:57:23 PDT 2021,25,312,1
1627100089503,Fri Jul 23 21:14:49 PDT 2021,25,313,1
1627100852995,Fri Jul 23 21:27:32 PDT 2021,25,314,1
1627101956056,Fri Jul 23 21:45:56 PDT 2021,25,315,1
1627162487044,Sat Jul 24 14:34:47 PDT 2021,25,317,0
1627187593086,Sat Jul 24 21:33:13 PDT 2021,25,318,1
1627191281827,Sat Jul 24 22:34:41 PDT 2021,25,319,1
1627404837431,Tue Jul 27 09:53:57 PDT 2021,25,321,1
1627407776694,Tue Jul 27 10:42:56 PDT 2021,25,322,1
1627410966025,Tue Jul 27 11:36:06 PDT 2021,25,323,1
1627414918477,Tue Jul 27 12:41:58 PDT 2021,25,325,1
1627699681549,Fri Jul 30 19:48:01 PDT 2021,25,326,1
1627451133239,Tue Jul 27 22:45:33 PDT 2021,25,328,1
1627502638751,Wed Jul 28 13:03:58 PDT 2021,25,332,1
1627505330707,Wed Jul 28 13:48:50 PDT 2021,25,337,1
1627505899471,Wed Jul 28 13:58:19 PDT 2021,25,339,1
1627506620681,Wed Jul 28 14:10:20 PDT 2021,25,341,1
1627509014424,Wed Jul 28 14:50:14 PDT 2021,25,343,1
1627509917724,Wed Jul 28 15:05:17 PDT 2021,25,346,1
1627515516946,Wed Jul 28 16:38:36 PDT 2021,25,348,1
1627515230974,Wed Jul 28 16:33:50 PDT 2021,25,349,1
1627524192955,Wed Jul 28 19:03:12 PDT 2021,25,353,-1
1627522304011,Wed Jul 28 18:31:44 PDT 2021,25,356,1
1627530025847,Wed Jul 28 20:40:25 PDT 2021,25,357,1
1627532132131,Wed Jul 28 21:15:32 PDT 2021,25,359,1
1627536392427,Wed Jul 28 22:26:32 PDT 2021,25,363,1
1627544935434,Thu Jul 29 00:48:55 PDT 2021,25,364,1
1627573391426,Thu Jul 29 08:43:11 PDT 2021,25,366,0
1627579027299,Thu Jul 29 10:17:07 PDT 2021,25,368,0
1627587033935,Thu Jul 29 12:30:33 PDT 2021,25,373,1
1627608061547,Thu Jul 29 18:21:01 PDT 2021,25,376,1
1627611985308,Thu Jul 29 19:26:25 PDT 2021,25,377,1
1627656406512,Fri Jul 30 07:46:46 PDT 2021,25,380,0
1627663617058,Fri Jul 30 09:46:57 PDT 2021,25,382,1
1627667201934,Fri Jul 30 10:46:41 PDT 2021,25,384,1
1627676536907,Fri Jul 30 13:22:16 PDT 2021,25,386,0
1627675680487,Fri Jul 30 13:08:00 PDT 2021,25,387,-1
1627681390603,Fri Jul 30 14:43:10 PDT 2021,25,388,1
1627682529310,Fri Jul 30 15:02:09 PDT 2021,25,389,1
1627685105864,Fri Jul 30 15:45:05 PDT 2021,25,393,1
1627703806567,Fri Jul 30 20:56:46 PDT 2021,25,396,0
1627759648325,Sat Jul 31 12:27:28 PDT 2021,25,400,1
1627769566138,Sat Jul 31 15:12:46 PDT 2021,25,401,-1
1627771889450,Sat Jul 31 15:51:29 PDT 2021,25,402,1
1627777315395,Sat Jul 31 17:21:55 PDT 2021,25,403,1
1627837760919,Sun Aug 01 10:09:20 PDT 2021,25,404,1
1624994673001,Tue Jun 29 12:24:33 PDT 2021,26,0,1
1624917423055,Mon Jun 28 14:57:03 PDT 2021,26,1,1
1624924404243,Mon Jun 28 16:53:24 PDT 2021,26,2,1
1624978259600,Tue Jun 29 07:50:59 PDT 2021,26,3,-1
1624979985371,Tue Jun 29 08:19:45 PDT 2021,26,5,1
1624980803600,Tue Jun 29 08:33:23 PDT 2021,26,6,0
1624983034040,Tue Jun 29 09:10:34 PDT 2021,26,7,1
1624995234993,Tue Jun 29 12:33:54 PDT 2021,26,8,1
1624995188303,Tue Jun 29 12:33:08 PDT 2021,26,9,1
1624996980218,Tue Jun 29 13:03:00 PDT 2021,26,10,1
1624999133773,Tue Jun 29 13:38:53 PDT 2021,26,11,1
1625000158342,Tue Jun 29 13:55:58 PDT 2021,26,12,1
1625000253259,Tue Jun 29 13:57:33 PDT 2021,26,13,-1
1625002147052,Tue Jun 29 14:29:07 PDT 2021,26,14,1
1625003346918,Tue Jun 29 14:49:06 PDT 2021,26,15,1
1625004098932,Tue Jun 29 15:01:38 PDT 2021,26,16,1
1625007192551,Tue Jun 29 15:53:12 PDT 2021,26,17,1
1625007288826,Tue Jun 29 15:54:48 PDT 2021,26,18,1
1625008275550,Tue Jun 29 16:11:15 PDT 2021,26,19,1
1625008728118,Tue Jun 29 16:18:48 PDT 2021,26,21,1
1625008869950,Tue Jun 29 16:21:09 PDT 2021,26,22,1
1625019617386,Tue Jun 29 19:20:17 PDT 2021,26,24,1
1625019782760,Tue Jun 29 19:23:02 PDT 2021,26,25,1
1625019818828,Tue Jun 29 19:23:38 PDT 2021,26,26,1
1625021753860,Tue Jun 29 19:55:53 PDT 2021,26,27,1
1625055526745,Wed Jun 30 05:18:46 PDT 2021,26,28,1
1625058051223,Wed Jun 30 06:00:51 PDT 2021,26,30,1
1625064768209,Wed Jun 30 07:52:48 PDT 2021,26,33,1
1625066472930,Wed Jun 30 08:21:12 PDT 2021,26,34,1
1625068597035,Wed Jun 30 08:56:37 PDT 2021,26,35,1
1625069439060,Wed Jun 30 09:10:39 PDT 2021,26,36,1
1625071781730,Wed Jun 30 09:49:41 PDT 2021,26,37,0
1625071826493,Wed Jun 30 09:50:26 PDT 2021,26,38,1
1625082439434,Wed Jun 30 12:47:19 PDT 2021,26,40,1
1625099407448,Wed Jun 30 17:30:07 PDT 2021,26,41,-1
1625086086997,Wed Jun 30 13:48:06 PDT 2021,26,42,1
1625089961971,Wed Jun 30 14:52:41 PDT 2021,26,43,1
1625092793915,Wed Jun 30 15:39:53 PDT 2021,26,45,1
1625095167093,Wed Jun 30 16:19:27 PDT 2021,26,46,-1
1625095219844,Wed Jun 30 16:20:19 PDT 2021,26,47,1
1625096037721,Wed Jun 30 16:33:57 PDT 2021,26,48,1
1625099060266,Wed Jun 30 17:24:20 PDT 2021,26,50,1
1625101074512,Wed Jun 30 17:57:54 PDT 2021,26,52,-1
1625101587939,Wed Jun 30 18:06:27 PDT 2021,26,53,-1
1625101702302,Wed Jun 30 18:08:22 PDT 2021,26,54,1
1625107953350,Wed Jun 30 19:52:33 PDT 2021,26,55,1
1625116294400,Wed Jun 30 22:11:34 PDT 2021,26,57,1
1625117561966,Wed Jun 30 22:32:41 PDT 2021,26,58,-1
1625118194563,Wed Jun 30 22:43:14 PDT 2021,26,59,1
1625120739619,Wed Jun 30 23:25:39 PDT 2021,26,60,1
1625150200863,Thu Jul 01 07:36:40 PDT 2021,26,61,1
1625151361518,Thu Jul 01 07:56:01 PDT 2021,26,62,1
1625153387781,Thu Jul 01 08:29:47 PDT 2021,26,63,0
1625155519287,Thu Jul 01 09:05:19 PDT 2021,26,64,0
1625157962602,Thu Jul 01 09:46:02 PDT 2021,26,65,1
1625410630216,Sun Jul 04 07:57:10 PDT 2021,26,66,1
1625159687793,Thu Jul 01 10:14:47 PDT 2021,26,68,1
1625159813744,Thu Jul 01 10:16:53 PDT 2021,26,69,-1
1625159919688,Thu Jul 01 10:18:39 PDT 2021,26,70,1
1625161265270,Thu Jul 01 10:41:05 PDT 2021,26,71,1
1625163189288,Thu Jul 01 11:13:09 PDT 2021,26,73,-1
1625164401100,Thu Jul 01 11:33:21 PDT 2021,26,74,0
1625163914254,Thu Jul 01 11:25:14 PDT 2021,26,80,-1
1625164036703,Thu Jul 01 11:27:16 PDT 2021,26,83,-1
1625164571932,Thu Jul 01 11:36:11 PDT 2021,26,85,-1
1625165322642,Thu Jul 01 11:48:42 PDT 2021,26,86,-1
1625168176169,Thu Jul 01 12:36:16 PDT 2021,26,92,1
1625173572853,Thu Jul 01 14:06:12 PDT 2021,26,93,1
1625174494078,Thu Jul 01 14:21:34 PDT 2021,26,94,1
1625174930380,Thu Jul 01 14:28:50 PDT 2021,26,95,1
1625182912705,Thu Jul 01 16:41:52 PDT 2021,26,96,1
1625185990487,Thu Jul 01 17:33:10 PDT 2021,26,98,-1
1625189862161,Thu Jul 01 18:37:42 PDT 2021,26,99,1
1625190540145,Thu Jul 01 18:49:00 PDT 2021,26,100,1
1625191032940,Thu Jul 01 18:57:12 PDT 2021,26,101,1
1625199670744,Thu Jul 01 21:21:10 PDT 2021,26,102,0
1625238234160,Fri Jul 02 08:03:54 PDT 2021,26,103,0
1625241547727,Fri Jul 02 08:59:07 PDT 2021,26,104,1
1625242301600,Fri Jul 02 09:11:41 PDT 2021,26,106,1
1625246215436,Fri Jul 02 10:16:55 PDT 2021,26,107,0
1625266113506,Fri Jul 02 15:48:33 PDT 2021,26,111,1
1625274251370,Fri Jul 02 18:04:11 PDT 2021,26,112,1
1625329084585,Sat Jul 03 09:18:04 PDT 2021,26,118,-1
1625333584642,Sat Jul 03 10:33:04 PDT 2021,26,119,-1
1625362019690,Sat Jul 03 18:26:59 PDT 2021,26,120,1
1625364540395,Sat Jul 03 19:09:00 PDT 2021,26,121,-1
1625365579209,Sat Jul 03 19:26:19 PDT 2021,26,122,-1
1625365861049,Sat Jul 03 19:31:01 PDT 2021,26,123,1
1625375138685,Sat Jul 03 22:05:38 PDT 2021,26,124,1
1625383785440,Sun Jul 04 00:29:45 PDT 2021,26,125,1
1625410397284,Sun Jul 04 07:53:17 PDT 2021,26,126,1
1625414229285,Sun Jul 04 08:57:09 PDT 2021,26,127,1
1625424144419,Sun Jul 04 11:42:24 PDT 2021,26,131,1
1625428834301,Sun Jul 04 13:00:34 PDT 2021,26,132,1
1625435339075,Sun Jul 04 14:48:59 PDT 2021,26,135,1
1625435987268,Sun Jul 04 14:59:47 PDT 2021,26,136,1
1625437022271,Sun Jul 04 15:17:02 PDT 2021,26,137,1
1625452108778,Sun Jul 04 19:28:28 PDT 2021,26,141,1
1625454707457,Sun Jul 04 20:11:47 PDT 2021,26,142,1
1625462650042,Sun Jul 04 22:24:10 PDT 2021,26,145,1
1625496152638,Mon Jul 05 07:42:32 PDT 2021,26,147,1
1625528738562,Mon Jul 05 16:45:38 PDT 2021,26,148,1
1625593706428,Tue Jul 06 10:48:26 PDT 2021,26,151,1
1625602539377,Tue Jul 06 13:15:39 PDT 2021,26,152,1
1625597992839,Tue Jul 06 11:59:52 PDT 2021,26,153,1
1625611358947,Tue Jul 06 15:42:38 PDT 2021,26,155,1
1625627024456,Tue Jul 06 20:03:44 PDT 2021,26,156,1
1625635770705,Tue Jul 06 22:29:30 PDT 2021,26,157,1
1625671474942,Wed Jul 07 08:24:34 PDT 2021,26,158,1
1625673051034,Wed Jul 07 08:50:51 PDT 2021,26,160,1
1625674600978,Wed Jul 07 09:16:40 PDT 2021,26,161,1
1625675434671,Wed Jul 07 09:30:34 PDT 2021,26,162,1
1625676391083,Wed Jul 07 09:46:31 PDT 2021,26,163,1
1625677917321,Wed Jul 07 10:11:57 PDT 2021,26,166,1
1625677569891,Wed Jul 07 10:06:09 PDT 2021,26,167,1
1625686199886,Wed Jul 07 12:29:59 PDT 2021,26,170,1
1625690050826,Wed Jul 07 13:34:10 PDT 2021,26,172,1
1625693430531,Wed Jul 07 14:30:30 PDT 2021,26,173,1
1625694208647,Wed Jul 07 14:43:28 PDT 2021,26,174,1
1625694766383,Wed Jul 07 14:52:46 PDT 2021,26,176,0
1625694521847,Wed Jul 07 14:48:41 PDT 2021,26,177,1
1625696475033,Wed Jul 07 15:21:15 PDT 2021,26,180,1
1625696784903,Wed Jul 07 15:26:24 PDT 2021,26,181,1
1625697264227,Wed Jul 07 15:34:24 PDT 2021,26,182,1
1625697869651,Wed Jul 07 15:44:29 PDT 2021,26,183,1
1625699812287,Wed Jul 07 16:16:52 PDT 2021,26,184,1
1625699399661,Wed Jul 07 16:09:59 PDT 2021,26,185,1
1625700060724,Wed Jul 07 16:21:00 PDT 2021,26,186,1
1625700588764,Wed Jul 07 16:29:48 PDT 2021,26,187,1
1625700628224,Wed Jul 07 16:30:28 PDT 2021,26,188,1
1625702452054,Wed Jul 07 17:00:52 PDT 2021,26,189,-1
1625709563805,Wed Jul 07 18:59:23 PDT 2021,26,191,1
1625710185625,Wed Jul 07 19:09:45 PDT 2021,26,193,1
1625710250766,Wed Jul 07 19:10:50 PDT 2021,26,194,-1
1625722813880,Wed Jul 07 22:40:13 PDT 2021,26,196,1
1625752817403,Thu Jul 08 07:00:17 PDT 2021,26,197,1
1625755335612,Thu Jul 08 07:42:15 PDT 2021,26,198,0
1625758863840,Thu Jul 08 08:41:03 PDT 2021,26,199,1
1625760382522,Thu Jul 08 09:06:22 PDT 2021,26,200,0
1625762393236,Thu Jul 08 09:39:53 PDT 2021,26,201,-1
1625763440310,Thu Jul 08 09:57:20 PDT 2021,26,203,1
1625770339964,Thu Jul 08 11:52:19 PDT 2021,26,205,1
1625782027529,Thu Jul 08 15:07:07 PDT 2021,26,207,1
1625783683498,Thu Jul 08 15:34:43 PDT 2021,26,208,1
1625786288361,Thu Jul 08 16:18:08 PDT 2021,26,209,1
1625789390890,Thu Jul 08 17:09:50 PDT 2021,26,210,1
1625796451233,Thu Jul 08 19:07:31 PDT 2021,26,212,-1
1625805495785,Thu Jul 08 21:38:15 PDT 2021,26,214,-1
1625844397778,Fri Jul 09 08:26:37 PDT 2021,26,215,1
1625855530769,Fri Jul 09 11:32:10 PDT 2021,26,217,1
1625863386082,Fri Jul 09 13:43:06 PDT 2021,26,218,1
1625867940312,Fri Jul 09 14:59:00 PDT 2021,26,219,1
1625921037858,Sat Jul 10 05:43:57 PDT 2021,26,223,1
1625922412402,Sat Jul 10 06:06:52 PDT 2021,26,224,1
1625926482066,Sat Jul 10 07:14:42 PDT 2021,26,225,-1
1625929084429,Sat Jul 10 07:58:04 PDT 2021,26,226,1
1625932494123,Sat Jul 10 08:54:54 PDT 2021,26,227,0
1625939295277,Sat Jul 10 10:48:15 PDT 2021,26,228,1
1625961497942,Sat Jul 10 16:58:17 PDT 2021,26,231,1
1625965344499,Sat Jul 10 18:02:24 PDT 2021,26,232,1
1625971563186,Sat Jul 10 19:46:03 PDT 2021,26,233,1
1625982088449,Sat Jul 10 22:41:28 PDT 2021,26,234,-1
1626011259260,Sun Jul 11 06:47:39 PDT 2021,26,236,1
1626015427653,Sun Jul 11 07:57:07 PDT 2021,26,237,1
1626015621504,Sun Jul 11 08:00:21 PDT 2021,26,238,1
1626016196059,Sun Jul 11 08:09:56 PDT 2021,26,239,-1
1626027287934,Sun Jul 11 11:14:47 PDT 2021,26,240,1
1626031326990,Sun Jul 11 12:22:06 PDT 2021,26,241,1
1626033274774,Sun Jul 11 12:54:34 PDT 2021,26,243,1
1626055852938,Sun Jul 11 19:10:52 PDT 2021,26,247,1
1626063062813,Sun Jul 11 21:11:02 PDT 2021,26,248,1
1626097424289,Mon Jul 12 06:43:44 PDT 2021,26,249,1
1626097242587,Mon Jul 12 06:40:42 PDT 2021,26,250,1
1626160063019,Tue Jul 13 00:07:43 PDT 2021,26,255,-1
1626184261070,Tue Jul 13 06:51:01 PDT 2021,26,256,1
1626198109866,Tue Jul 13 10:41:49 PDT 2021,26,257,0
1626641197080,Sun Jul 18 13:46:37 PDT 2021,26,258,0
1626211904224,Tue Jul 13 14:31:44 PDT 2021,26,259,1
1626213896176,Tue Jul 13 15:04:56 PDT 2021,26,260,1
1626215437290,Tue Jul 13 15:30:37 PDT 2021,26,261,1
1626220758178,Tue Jul 13 16:59:18 PDT 2021,26,263,-1
1626235288822,Tue Jul 13 21:01:28 PDT 2021,26,265,1
1626276051437,Wed Jul 14 08:20:51 PDT 2021,26,266,0
1626383481991,Thu Jul 15 14:11:21 PDT 2021,26,267,1
1626360864586,Thu Jul 15 07:54:24 PDT 2021,26,269,1
1626385478656,Thu Jul 15 14:44:38 PDT 2021,26,271,1
1626455249264,Fri Jul 16 10:07:29 PDT 2021,26,274,1
1626471143910,Fri Jul 16 14:32:23 PDT 2021,26,275,1
1626492666770,Fri Jul 16 20:31:06 PDT 2021,26,276,0
1626540276317,Sat Jul 17 09:44:36 PDT 2021,26,278,1
1626540356179,Sat Jul 17 09:45:56 PDT 2021,26,279,1
1626545599488,Sat Jul 17 11:13:19 PDT 2021,26,280,0
1626552364717,Sat Jul 17 13:06:04 PDT 2021,26,281,1
1626553362563,Sat Jul 17 13:22:42 PDT 2021,26,282,1
1626567992411,Sat Jul 17 17:26:32 PDT 2021,26,284,-1
1626584468407,Sat Jul 17 22:01:08 PDT 2021,26,286,-1
1626712797783,Mon Jul 19 09:39:57 PDT 2021,26,288,1
1626716423894,Mon Jul 19 10:40:23 PDT 2021,26,290,1
1626719918338,Mon Jul 19 11:38:38 PDT 2021,26,291,1
1626724347283,Mon Jul 19 12:52:27 PDT 2021,26,292,0
1626737484921,Mon Jul 19 16:31:24 PDT 2021,26,294,1
1626752091278,Mon Jul 19 20:34:51 PDT 2021,26,295,1
1626791901184,Tue Jul 20 07:38:21 PDT 2021,26,296,0
1626798472232,Tue Jul 20 09:27:52 PDT 2021,26,298,1
1626907980266,Wed Jul 21 15:53:00 PDT 2021,26,299,-1
1626965186150,Thu Jul 22 07:46:26 PDT 2021,26,300,0
1626919206468,Wed Jul 21 19:00:06 PDT 2021,26,301,1
1627000873779,Thu Jul 22 17:41:13 PDT 2021,26,302,1
1627002399154,Thu Jul 22 18:06:39 PDT 2021,26,303,-1
1627008444668,Thu Jul 22 19:47:24 PDT 2021,26,305,1
1627082543990,Fri Jul 23 16:22:23 PDT 2021,26,308,1
1627083766794,Fri Jul 23 16:42:46 PDT 2021,26,309,1
1627085107836,Fri Jul 23 17:05:07 PDT 2021,26,310,1
1627087076034,Fri Jul 23 17:37:56 PDT 2021,26,311,1
1627087915488,Fri Jul 23 17:51:55 PDT 2021,26,312,1
1627099995016,Fri Jul 23 21:13:15 PDT 2021,26,313,1
1627100709510,Fri Jul 23 21:25:09 PDT 2021,26,314,1
1627101607591,Fri Jul 23 21:40:07 PDT 2021,26,315,1
1627162446703,Sat Jul 24 14:34:06 PDT 2021,26,317,1
1627187341174,Sat Jul 24 21:29:01 PDT 2021,26,318,0
1627192000149,Sat Jul 24 22:46:40 PDT 2021,26,319,-1
1627407386656,Tue Jul 27 10:36:26 PDT 2021,26,322,-1
1627414839862,Tue Jul 27 12:40:39 PDT 2021,26,325,1
1627698151856,Fri Jul 30 19:22:31 PDT 2021,26,326,1
1627451103838,Tue Jul 27 22:45:03 PDT 2021,26,328,1
1627451556038,Tue Jul 27 22:52:36 PDT 2021,26,329,1
1627502684091,Wed Jul 28 13:04:44 PDT 2021,26,332,1
1627503078366,Wed Jul 28 13:11:18 PDT 2021,26,333,1
1627503172075,Wed Jul 28 13:12:52 PDT 2021,26,334,1
1627504983021,Wed Jul 28 13:43:03 PDT 2021,26,337,1
1627505519876,Wed Jul 28 13:51:59 PDT 2021,26,339,1
1627506636805,Wed Jul 28 14:10:36 PDT 2021,26,341,1
1627506826190,Wed Jul 28 14:13:46 PDT 2021,26,342,1
1627508827013,Wed Jul 28 14:47:07 PDT 2021,26,343,1
1627679608496,Fri Jul 30 14:13:28 PDT 2021,26,347,1
1627515003888,Wed Jul 28 16:30:03 PDT 2021,26,348,1
1627515018614,Wed Jul 28 16:30:18 PDT 2021,26,349,1
1627523056772,Wed Jul 28 18:44:16 PDT 2021,26,353,1
1627521814300,Wed Jul 28 18:23:34 PDT 2021,26,356,1
1627529244118,Wed Jul 28 20:27:24 PDT 2021,26,357,-1
1627531494701,Wed Jul 28 21:04:54 PDT 2021,26,358,-1
1627535815463,Wed Jul 28 22:16:55 PDT 2021,26,361,1
1627544339369,Thu Jul 29 00:38:59 PDT 2021,26,364,1
1627568541639,Thu Jul 29 07:22:21 PDT 2021,26,365,1
1627573484965,Thu Jul 29 08:44:44 PDT 2021,26,366,-1
1627578098672,Thu Jul 29 10:01:38 PDT 2021,26,368,1
1627582827428,Thu Jul 29 11:20:27 PDT 2021,26,369,1
1627585150663,Thu Jul 29 11:59:10 PDT 2021,26,372,1
1627587143243,Thu Jul 29 12:32:23 PDT 2021,26,373,1
1627595490404,Thu Jul 29 14:51:30 PDT 2021,26,375,1
1627608342219,Thu Jul 29 18:25:42 PDT 2021,26,376,1
1627613545360,Thu Jul 29 19:52:25 PDT 2021,26,378,1
1627617949229,Thu Jul 29 21:05:49 PDT 2021,26,379,1
1627654804511,Fri Jul 30 07:20:04 PDT 2021,26,380,1
1627656310451,Fri Jul 30 07:45:10 PDT 2021,26,381,1
1627663687644,Fri Jul 30 09:48:07 PDT 2021,26,382,-1
1627667183512,Fri Jul 30 10:46:23 PDT 2021,26,384,1
1627676080622,Fri Jul 30 13:14:40 PDT 2021,26,386,1
1627675801435,Fri Jul 30 13:10:01 PDT 2021,26,387,1
1627680008240,Fri Jul 30 14:20:08 PDT 2021,26,388,1
1627681941003,Fri Jul 30 14:52:21 PDT 2021,26,389,1
1627684613001,Fri Jul 30 15:36:53 PDT 2021,26,392,1
1627686217291,Fri Jul 30 16:03:37 PDT 2021,26,394,1
1627689918021,Fri Jul 30 17:05:18 PDT 2021,26,395,0
1627702231781,Fri Jul 30 20:30:31 PDT 2021,26,396,1
1627752612762,Sat Jul 31 10:30:12 PDT 2021,26,398,1
1627759895390,Sat Jul 31 12:31:35 PDT 2021,26,400,1
1627770000264,Sat Jul 31 15:20:00 PDT 2021,26,401,1
1627771631961,Sat Jul 31 15:47:11 PDT 2021,26,402,-1
1627775809168,Sat Jul 31 16:56:49 PDT 2021,26,403,1
1627837512356,Sun Aug 01 10:05:12 PDT 2021,26,404,1
1624995123481,Tue Jun 29 12:32:03 PDT 2021,27,0,1
1624917555558,Mon Jun 28 14:59:15 PDT 2021,27,1,1
1624924458106,Mon Jun 28 16:54:18 PDT 2021,27,2,1
1624978221012,Tue Jun 29 07:50:21 PDT 2021,27,3,0
1624980326483,Tue Jun 29 08:25:26 PDT 2021,27,5,1
1624980919084,Tue Jun 29 08:35:19 PDT 2021,27,6,1
1624983046451,Tue Jun 29 09:10:46 PDT 2021,27,7,0
1624995160790,Tue Jun 29 12:32:40 PDT 2021,27,8,1
1624995727176,Tue Jun 29 12:42:07 PDT 2021,27,9,1
1624997134231,Tue Jun 29 13:05:34 PDT 2021,27,10,1
1624999297094,Tue Jun 29 13:41:37 PDT 2021,27,11,0
1625000195447,Tue Jun 29 13:56:35 PDT 2021,27,12,1
1625000430845,Tue Jun 29 14:00:30 PDT 2021,27,13,1
1625001999950,Tue Jun 29 14:26:39 PDT 2021,27,14,0
1625003440275,Tue Jun 29 14:50:40 PDT 2021,27,15,1
1625004071581,Tue Jun 29 15:01:11 PDT 2021,27,16,1
1625007313904,Tue Jun 29 15:55:13 PDT 2021,27,17,1
1625007326141,Tue Jun 29 15:55:26 PDT 2021,27,18,1
1625008404183,Tue Jun 29 16:13:24 PDT 2021,27,19,1
1625008824888,Tue Jun 29 16:20:24 PDT 2021,27,21,1
1625008891958,Tue Jun 29 16:21:31 PDT 2021,27,22,0
1625020021957,Tue Jun 29 19:27:01 PDT 2021,27,24,0
1625019848977,Tue Jun 29 19:24:08 PDT 2021,27,25,-1
1625020029801,Tue Jun 29 19:27:09 PDT 2021,27,26,0
1625022081908,Tue Jun 29 20:01:21 PDT 2021,27,27,-1
1625055662933,Wed Jun 30 05:21:02 PDT 2021,27,28,1
1625058134260,Wed Jun 30 06:02:14 PDT 2021,27,30,-1
1625064544860,Wed Jun 30 07:49:04 PDT 2021,27,33,1
1625066526508,Wed Jun 30 08:22:06 PDT 2021,27,34,1
1625068584491,Wed Jun 30 08:56:24 PDT 2021,27,35,1
1625069409205,Wed Jun 30 09:10:09 PDT 2021,27,36,1
1625071808536,Wed Jun 30 09:50:08 PDT 2021,27,37,1
1625072085018,Wed Jun 30 09:54:45 PDT 2021,27,38,1
1625082455070,Wed Jun 30 12:47:35 PDT 2021,27,40,1
1625099523759,Wed Jun 30 17:32:03 PDT 2021,27,41,0
1625086420870,Wed Jun 30 13:53:40 PDT 2021,27,42,-1
1625090138341,Wed Jun 30 14:55:38 PDT 2021,27,43,1
1625093102377,Wed Jun 30 15:45:02 PDT 2021,27,45,1
1625095504461,Wed Jun 30 16:25:04 PDT 2021,27,46,-1
1625095020802,Wed Jun 30 16:17:00 PDT 2021,27,47,1
1625096387337,Wed Jun 30 16:39:47 PDT 2021,27,48,1
1625099444504,Wed Jun 30 17:30:44 PDT 2021,27,50,1
1625101003212,Wed Jun 30 17:56:43 PDT 2021,27,52,1
1625101718204,Wed Jun 30 18:08:38 PDT 2021,27,53,1
1625101685997,Wed Jun 30 18:08:05 PDT 2021,27,54,0
1625107996542,Wed Jun 30 19:53:16 PDT 2021,27,55,1
1625116213362,Wed Jun 30 22:10:13 PDT 2021,27,57,1
1625118225171,Wed Jun 30 22:43:45 PDT 2021,27,59,1
1625151030565,Thu Jul 01 07:50:30 PDT 2021,27,61,1
1625151197723,Thu Jul 01 07:53:17 PDT 2021,27,62,1
1625154229408,Thu Jul 01 08:43:49 PDT 2021,27,63,1
1625155681501,Thu Jul 01 09:08:01 PDT 2021,27,64,1
1625157977387,Thu Jul 01 09:46:17 PDT 2021,27,65,0
1625410709399,Sun Jul 04 07:58:29 PDT 2021,27,66,0
1625159692915,Thu Jul 01 10:14:52 PDT 2021,27,68,1
1625159994541,Thu Jul 01 10:19:54 PDT 2021,27,69,1
1625160109876,Thu Jul 01 10:21:49 PDT 2021,27,70,1
1625161307255,Thu Jul 01 10:41:47 PDT 2021,27,71,-1
1625163363065,Thu Jul 01 11:16:03 PDT 2021,27,73,-1
1625163886669,Thu Jul 01 11:24:46 PDT 2021,27,74,0
1625163943922,Thu Jul 01 11:25:43 PDT 2021,27,81,-1
1625164133374,Thu Jul 01 11:28:53 PDT 2021,27,83,-1
1625164462220,Thu Jul 01 11:34:22 PDT 2021,27,84,-1
1625165006139,Thu Jul 01 11:43:26 PDT 2021,27,85,-1
1625165407463,Thu Jul 01 11:50:07 PDT 2021,27,86,-1
1625168808606,Thu Jul 01 12:46:48 PDT 2021,27,92,1
1625173677921,Thu Jul 01 14:07:57 PDT 2021,27,93,0
1625175001593,Thu Jul 01 14:30:01 PDT 2021,27,94,1
1625174994496,Thu Jul 01 14:29:54 PDT 2021,27,95,1
1625182698652,Thu Jul 01 16:38:18 PDT 2021,27,96,1
1626145050068,Mon Jul 12 19:57:30 PDT 2021,27,98,-1
1625190250020,Thu Jul 01 18:44:10 PDT 2021,27,100,1
1625191187328,Thu Jul 01 18:59:47 PDT 2021,27,101,1
1625199648606,Thu Jul 01 21:20:48 PDT 2021,27,102,1
1625238055493,Fri Jul 02 08:00:55 PDT 2021,27,103,-1
1625241535212,Fri Jul 02 08:58:55 PDT 2021,27,104,1
1625241736825,Fri Jul 02 09:02:16 PDT 2021,27,105,1
1625242271413,Fri Jul 02 09:11:11 PDT 2021,27,106,1
1625246383886,Fri Jul 02 10:19:43 PDT 2021,27,107,1
1625251762553,Fri Jul 02 11:49:22 PDT 2021,27,108,0
1625266206485,Fri Jul 02 15:50:06 PDT 2021,27,111,1
1625275357508,Fri Jul 02 18:22:37 PDT 2021,27,112,0
1625320331986,Sat Jul 03 06:52:11 PDT 2021,27,116,0
1625329155535,Sat Jul 03 09:19:15 PDT 2021,27,118,-1
1625333758323,Sat Jul 03 10:35:58 PDT 2021,27,119,1
1625362100312,Sat Jul 03 18:28:20 PDT 2021,27,120,1
1625362138423,Sat Jul 03 18:28:58 PDT 2021,27,120,1
1625364496040,Sat Jul 03 19:08:16 PDT 2021,27,121,1
1625365582156,Sat Jul 03 19:26:22 PDT 2021,27,122,-1
1625366302044,Sat Jul 03 19:38:22 PDT 2021,27,123,1
1625375796213,Sat Jul 03 22:16:36 PDT 2021,27,124,-1
1625384709890,Sun Jul 04 00:45:09 PDT 2021,27,125,1
1625410493708,Sun Jul 04 07:54:53 PDT 2021,27,126,1
1625414884215,Sun Jul 04 09:08:04 PDT 2021,27,127,0
1625424260371,Sun Jul 04 11:44:20 PDT 2021,27,131,1
1625428961338,Sun Jul 04 13:02:41 PDT 2021,27,132,0
1625435749103,Sun Jul 04 14:55:49 PDT 2021,27,135,1
1625436296315,Sun Jul 04 15:04:56 PDT 2021,27,136,1
1625436866405,Sun Jul 04 15:14:26 PDT 2021,27,137,1
1625451963502,Sun Jul 04 19:26:03 PDT 2021,27,141,1
1625454764604,Sun Jul 04 20:12:44 PDT 2021,27,142,0
1625461048686,Sun Jul 04 21:57:28 PDT 2021,27,144,1
1625461868539,Sun Jul 04 22:11:08 PDT 2021,27,145,1
1625496329253,Mon Jul 05 07:45:29 PDT 2021,27,147,0
1625593989885,Tue Jul 06 10:53:09 PDT 2021,27,151,1
1625602610240,Tue Jul 06 13:16:50 PDT 2021,27,152,1
1625613518953,Tue Jul 06 16:18:38 PDT 2021,27,153,1
1625611703741,Tue Jul 06 15:48:23 PDT 2021,27,155,1
1625627150679,Tue Jul 06 20:05:50 PDT 2021,27,156,1
1625635623970,Tue Jul 06 22:27:03 PDT 2021,27,157,1
1625673118690,Wed Jul 07 08:51:58 PDT 2021,27,160,0
1625674443512,Wed Jul 07 09:14:03 PDT 2021,27,161,1
1625675392052,Wed Jul 07 09:29:52 PDT 2021,27,162,1
1625676720274,Wed Jul 07 09:52:00 PDT 2021,27,163,1
1625677407204,Wed Jul 07 10:03:27 PDT 2021,27,165,1
1625678423008,Wed Jul 07 10:20:23 PDT 2021,27,166,1
1625693161507,Wed Jul 07 14:26:01 PDT 2021,27,173,1
1625693863799,Wed Jul 07 14:37:43 PDT 2021,27,174,1
1625694481642,Wed Jul 07 14:48:01 PDT 2021,27,177,1
1625695409988,Wed Jul 07 15:03:29 PDT 2021,27,178,1
1625696551050,Wed Jul 07 15:22:31 PDT 2021,27,180,1
1625696604699,Wed Jul 07 15:23:24 PDT 2021,27,181,1
1625697808699,Wed Jul 07 15:43:28 PDT 2021,27,183,1
1625700010610,Wed Jul 07 16:20:10 PDT 2021,27,186,1
1625700789039,Wed Jul 07 16:33:09 PDT 2021,27,187,1
1625700748833,Wed Jul 07 16:32:28 PDT 2021,27,188,1
1625702419821,Wed Jul 07 17:00:19 PDT 2021,27,189,-1
1625707261562,Wed Jul 07 18:21:01 PDT 2021,27,191,1
1625710298191,Wed Jul 07 19:11:38 PDT 2021,27,193,1
1625711040069,Wed Jul 07 19:24:00 PDT 2021,27,194,1
1625722935366,Wed Jul 07 22:42:15 PDT 2021,27,196,0
1625752503341,Thu Jul 08 06:55:03 PDT 2021,27,197,1
1625755812129,Thu Jul 08 07:50:12 PDT 2021,27,198,1
1625759352092,Thu Jul 08 08:49:12 PDT 2021,27,199,-1
1625762487729,Thu Jul 08 09:41:27 PDT 2021,27,201,-1
1625763332958,Thu Jul 08 09:55:32 PDT 2021,27,203,1
1625770208312,Thu Jul 08 11:50:08 PDT 2021,27,205,-1
1625772360551,Thu Jul 08 12:26:00 PDT 2021,27,206,1
1625781685089,Thu Jul 08 15:01:25 PDT 2021,27,207,0
1625784223270,Thu Jul 08 15:43:43 PDT 2021,27,208,1
1625786111454,Thu Jul 08 16:15:11 PDT 2021,27,209,0
1625787123621,Thu Jul 08 16:32:03 PDT 2021,27,210,-1
1625845095028,Fri Jul 09 08:38:15 PDT 2021,27,215,-1
1625855832175,Fri Jul 09 11:37:12 PDT 2021,27,217,1
1625864173410,Fri Jul 09 13:56:13 PDT 2021,27,218,1
1625868003521,Fri Jul 09 15:00:03 PDT 2021,27,219,0
1625921376068,Sat Jul 10 05:49:36 PDT 2021,27,223,1
1625922189556,Sat Jul 10 06:03:09 PDT 2021,27,224,1
1625928751210,Sat Jul 10 07:52:31 PDT 2021,27,226,0
1625939879555,Sat Jul 10 10:57:59 PDT 2021,27,228,1
1625964333987,Sat Jul 10 17:45:33 PDT 2021,27,232,0
1625971628529,Sat Jul 10 19:47:08 PDT 2021,27,233,0
1625982393054,Sat Jul 10 22:46:33 PDT 2021,27,234,1
1626011462256,Sun Jul 11 06:51:02 PDT 2021,27,236,1
1626015075083,Sun Jul 11 07:51:15 PDT 2021,27,237,1
1626015580248,Sun Jul 11 07:59:40 PDT 2021,27,238,1
1626016280745,Sun Jul 11 08:11:20 PDT 2021,27,239,-1
1626027336351,Sun Jul 11 11:15:36 PDT 2021,27,240,1
1626029793224,Sun Jul 11 11:56:33 PDT 2021,27,241,1
1626033081801,Sun Jul 11 12:51:21 PDT 2021,27,243,1
1626055673604,Sun Jul 11 19:07:53 PDT 2021,27,247,-1
1626063372178,Sun Jul 11 21:16:12 PDT 2021,27,248,-1
1626097651007,Mon Jul 12 06:47:31 PDT 2021,27,250,1
1626101121202,Mon Jul 12 07:45:21 PDT 2021,27,251,1
1626103826404,Mon Jul 12 08:30:26 PDT 2021,27,252,1
1626160381549,Tue Jul 13 00:13:01 PDT 2021,27,255,1
1626184541487,Tue Jul 13 06:55:41 PDT 2021,27,256,1
1626213937023,Tue Jul 13 15:05:37 PDT 2021,27,260,-1
1627697015106,Fri Jul 30 19:03:35 PDT 2021,27,261,-1
1626218965741,Tue Jul 13 16:29:25 PDT 2021,27,262,1
1626220593785,Tue Jul 13 16:56:33 PDT 2021,27,263,1
1626235341178,Tue Jul 13 21:02:21 PDT 2021,27,265,1
1626383578822,Thu Jul 15 14:12:58 PDT 2021,27,267,1
1626360519193,Thu Jul 15 07:48:39 PDT 2021,27,269,1
1626386105742,Thu Jul 15 14:55:05 PDT 2021,27,271,0
1626455596132,Fri Jul 16 10:13:16 PDT 2021,27,274,1
1626471087650,Fri Jul 16 14:31:27 PDT 2021,27,275,0
1626492744935,Fri Jul 16 20:32:24 PDT 2021,27,276,-1
1626540812773,Sat Jul 17 09:53:32 PDT 2021,27,278,-1
1626540441394,Sat Jul 17 09:47:21 PDT 2021,27,279,-1
1626545369302,Sat Jul 17 11:09:29 PDT 2021,27,280,1
1626552608999,Sat Jul 17 13:10:08 PDT 2021,27,281,1
1626553711084,Sat Jul 17 13:28:31 PDT 2021,27,282,0
1626568228515,Sat Jul 17 17:30:28 PDT 2021,27,284,1
1626584700022,Sat Jul 17 22:05:00 PDT 2021,27,286,-1
1626713018342,Mon Jul 19 09:43:38 PDT 2021,27,288,0
1626716235178,Mon Jul 19 10:37:15 PDT 2021,27,290,-1
1626718809814,Mon Jul 19 11:20:09 PDT 2021,27,291,-1
1626733855985,Mon Jul 19 15:30:55 PDT 2021,27,292,-1
1626737346365,Mon Jul 19 16:29:06 PDT 2021,27,294,1
1626751999057,Mon Jul 19 20:33:19 PDT 2021,27,295,1
1626792340668,Tue Jul 20 07:45:40 PDT 2021,27,296,1
1626798503624,Tue Jul 20 09:28:23 PDT 2021,27,298,1
1626908660835,Wed Jul 21 16:04:20 PDT 2021,27,299,1
1626965177223,Thu Jul 22 07:46:17 PDT 2021,27,300,0
1626919330705,Wed Jul 21 19:02:10 PDT 2021,27,301,1
1627001518461,Thu Jul 22 17:51:58 PDT 2021,27,302,1
1627002623761,Thu Jul 22 18:10:23 PDT 2021,27,303,-1
1627008934557,Thu Jul 22 19:55:34 PDT 2021,27,305,1
1627084248883,Fri Jul 23 16:50:48 PDT 2021,27,309,-1
1627085217721,Fri Jul 23 17:06:57 PDT 2021,27,310,1
1627086903843,Fri Jul 23 17:35:03 PDT 2021,27,311,1
1627087925022,Fri Jul 23 17:52:05 PDT 2021,27,312,1
1627100006728,Fri Jul 23 21:13:26 PDT 2021,27,313,-1
1627101070567,Fri Jul 23 21:31:10 PDT 2021,27,314,-1
1627101700427,Fri Jul 23 21:41:40 PDT 2021,27,315,-1
1627162727356,Sat Jul 24 14:38:47 PDT 2021,27,317,1
1627187792853,Sat Jul 24 21:36:32 PDT 2021,27,318,1
1627191760166,Sat Jul 24 22:42:40 PDT 2021,27,319,1
1627407672526,Tue Jul 27 10:41:12 PDT 2021,27,322,1
1627414849647,Tue Jul 27 12:40:49 PDT 2021,27,325,-1
1627698139168,Fri Jul 30 19:22:19 PDT 2021,27,326,1
1627439524198,Tue Jul 27 19:32:04 PDT 2021,27,327,1
1627451499066,Tue Jul 27 22:51:39 PDT 2021,27,329,-1
1627502681994,Wed Jul 28 13:04:41 PDT 2021,27,332,-1
1627503917561,Wed Jul 28 13:25:17 PDT 2021,27,335,0
1627505093842,Wed Jul 28 13:44:53 PDT 2021,27,337,-1
1627505504749,Wed Jul 28 13:51:44 PDT 2021,27,339,-1
1627506033121,Wed Jul 28 14:00:33 PDT 2021,27,340,-1
1627506721001,Wed Jul 28 14:12:01 PDT 2021,27,341,-1
1627506962924,Wed Jul 28 14:16:02 PDT 2021,27,342,1
1627508868590,Wed Jul 28 14:47:48 PDT 2021,27,343,-1
1627509283160,Wed Jul 28 14:54:43 PDT 2021,27,345,1
1627515353627,Wed Jul 28 16:35:53 PDT 2021,27,348,-1
1627515501336,Wed Jul 28 16:38:21 PDT 2021,27,350,1
1627523591956,Wed Jul 28 18:53:11 PDT 2021,27,353,1
1627522150479,Wed Jul 28 18:29:10 PDT 2021,27,356,0
1627529636661,Wed Jul 28 20:33:56 PDT 2021,27,357,-1
1627531997120,Wed Jul 28 21:13:17 PDT 2021,27,358,1
1627535537173,Wed Jul 28 22:12:17 PDT 2021,27,361,1
1627542837264,Thu Jul 29 00:13:57 PDT 2021,27,364,1
1627573242364,Thu Jul 29 08:40:42 PDT 2021,27,366,-1
1627578883439,Thu Jul 29 10:14:43 PDT 2021,27,368,1
1627582887922,Thu Jul 29 11:21:27 PDT 2021,27,369,-1
1627586566115,Thu Jul 29 12:22:46 PDT 2021,27,373,1
1627595482451,Thu Jul 29 14:51:22 PDT 2021,27,375,1
1627607892837,Thu Jul 29 18:18:12 PDT 2021,27,376,1
1627614121127,Thu Jul 29 20:02:01 PDT 2021,27,378,1
1627655469496,Fri Jul 30 07:31:09 PDT 2021,27,380,0
1627656297442,Fri Jul 30 07:44:57 PDT 2021,27,381,1
1627663968917,Fri Jul 30 09:52:48 PDT 2021,27,382,1
1627666985809,Fri Jul 30 10:43:05 PDT 2021,27,384,1
1627673904784,Fri Jul 30 12:38:24 PDT 2021,27,385,-1
1627676307613,Fri Jul 30 13:18:27 PDT 2021,27,386,0
1627675617680,Fri Jul 30 13:06:57 PDT 2021,27,387,-1
1627680185578,Fri Jul 30 14:23:05 PDT 2021,27,388,1
1627681515866,Fri Jul 30 14:45:15 PDT 2021,27,389,1
1627686322823,Fri Jul 30 16:05:22 PDT 2021,27,394,0
1627689957667,Fri Jul 30 17:05:57 PDT 2021,27,395,1
1627701946950,Fri Jul 30 20:25:46 PDT 2021,27,396,0
1627760052284,Sat Jul 31 12:34:12 PDT 2021,27,400,0
1627769677092,Sat Jul 31 15:14:37 PDT 2021,27,401,1
1627771905600,Sat Jul 31 15:51:45 PDT 2021,27,402,1
1627775764289,Sat Jul 31 16:56:04 PDT 2021,27,403,1
1627837669369,Sun Aug 01 10:07:49 PDT 2021,27,404,1
1624994628046,Tue Jun 29 12:23:48 PDT 2021,28,0,-1
1624917508829,Mon Jun 28 14:58:28 PDT 2021,28,1,-1
1624924712225,Mon Jun 28 16:58:32 PDT 2021,28,2,1
1624978067961,Tue Jun 29 07:47:47 PDT 2021,28,3,-1
1624979894692,Tue Jun 29 08:18:14 PDT 2021,28,5,-1
1624980746765,Tue Jun 29 08:32:26 PDT 2021,28,6,-1
1624983031309,Tue Jun 29 09:10:31 PDT 2021,28,7,0
1624995885150,Tue Jun 29 12:44:45 PDT 2021,28,9,0
1624997170600,Tue Jun 29 13:06:10 PDT 2021,28,10,0
1624999588534,Tue Jun 29 13:46:28 PDT 2021,28,11,-1
1625000383518,Tue Jun 29 13:59:43 PDT 2021,28,12,-1
1625000354304,Tue Jun 29 13:59:14 PDT 2021,28,13,1
1625002252787,Tue Jun 29 14:30:52 PDT 2021,28,14,-1
1625003457310,Tue Jun 29 14:50:57 PDT 2021,28,15,-1
1625004109816,Tue Jun 29 15:01:49 PDT 2021,28,16,-1
1625007166831,Tue Jun 29 15:52:46 PDT 2021,28,17,-1
1625007473419,Tue Jun 29 15:57:53 PDT 2021,28,18,-1
1625008355585,Tue Jun 29 16:12:35 PDT 2021,28,19,-1
1625008974475,Tue Jun 29 16:22:54 PDT 2021,28,21,-1
1625009256004,Tue Jun 29 16:27:36 PDT 2021,28,22,-1
1625020036941,Tue Jun 29 19:27:16 PDT 2021,28,24,-1
1625019927439,Tue Jun 29 19:25:27 PDT 2021,28,25,-1
1625020098776,Tue Jun 29 19:28:18 PDT 2021,28,26,-1
1625022160641,Tue Jun 29 20:02:40 PDT 2021,28,27,-1
1625055678835,Wed Jun 30 05:21:18 PDT 2021,28,28,-1
1625058088629,Wed Jun 30 06:01:28 PDT 2021,28,30,-1
1625065230814,Wed Jun 30 08:00:30 PDT 2021,28,33,0
1625066560596,Wed Jun 30 08:22:40 PDT 2021,28,34,-1
1625068709567,Wed Jun 30 08:58:29 PDT 2021,28,35,-1
1625069459155,Wed Jun 30 09:10:59 PDT 2021,28,36,-1
1625071762592,Wed Jun 30 09:49:22 PDT 2021,28,37,-1
1625072264122,Wed Jun 30 09:57:44 PDT 2021,28,38,-1
1625082551102,Wed Jun 30 12:49:11 PDT 2021,28,40,-1
1625099635745,Wed Jun 30 17:33:55 PDT 2021,28,41,-1
1625086693863,Wed Jun 30 13:58:13 PDT 2021,28,42,-1
1625090196467,Wed Jun 30 14:56:36 PDT 2021,28,43,-1
1625093178380,Wed Jun 30 15:46:18 PDT 2021,28,45,1
1625095601663,Wed Jun 30 16:26:41 PDT 2021,28,46,-1
1625095173210,Wed Jun 30 16:19:33 PDT 2021,28,47,-1
1625096414781,Wed Jun 30 16:40:14 PDT 2021,28,48,-1
1625099203397,Wed Jun 30 17:26:43 PDT 2021,28,50,-1
1625102967193,Wed Jun 30 18:29:27 PDT 2021,28,52,1
1625101865864,Wed Jun 30 18:11:05 PDT 2021,28,53,-1
1625101776303,Wed Jun 30 18:09:36 PDT 2021,28,54,-1
1625108387562,Wed Jun 30 19:59:47 PDT 2021,28,55,-1
1625116553053,Wed Jun 30 22:15:53 PDT 2021,28,57,-1
1625118386478,Wed Jun 30 22:46:26 PDT 2021,28,59,-1
1625150101292,Thu Jul 01 07:35:01 PDT 2021,28,61,1
1625152685974,Thu Jul 01 08:18:05 PDT 2021,28,62,1
1625154044385,Thu Jul 01 08:40:44 PDT 2021,28,63,0
1625155348942,Thu Jul 01 09:02:28 PDT 2021,28,64,-1
1625158299076,Thu Jul 01 09:51:39 PDT 2021,28,65,-1
1625410721956,Sun Jul 04 07:58:41 PDT 2021,28,66,-1
1625159974533,Thu Jul 01 10:19:34 PDT 2021,28,68,-1
1625159957546,Thu Jul 01 10:19:17 PDT 2021,28,69,-1
1625168016126,Thu Jul 01 12:33:36 PDT 2021,28,70,0
1625162452668,Thu Jul 01 11:00:52 PDT 2021,28,71,-1
1625163706767,Thu Jul 01 11:21:46 PDT 2021,28,73,1
1625167002628,Thu Jul 01 12:16:42 PDT 2021,28,74,0
1625164182940,Thu Jul 01 11:29:42 PDT 2021,28,83,1
1625164918007,Thu Jul 01 11:41:58 PDT 2021,28,85,1
1625165429996,Thu Jul 01 11:50:29 PDT 2021,28,86,-1
1625168451891,Thu Jul 01 12:40:51 PDT 2021,28,92,-1
1625175183521,Thu Jul 01 14:33:03 PDT 2021,28,94,1
1625174922103,Thu Jul 01 14:28:42 PDT 2021,28,95,-1
1625183280243,Thu Jul 01 16:48:00 PDT 2021,28,96,1
1626145348797,Mon Jul 12 20:02:28 PDT 2021,28,98,1
1625190429587,Thu Jul 01 18:47:09 PDT 2021,28,100,-1
1625191151871,Thu Jul 01 18:59:11 PDT 2021,28,101,1
1625200255720,Thu Jul 01 21:30:55 PDT 2021,28,102,1
1625238115202,Fri Jul 02 08:01:55 PDT 2021,28,103,1
1625242012775,Fri Jul 02 09:06:52 PDT 2021,28,104,1
1625241828702,Fri Jul 02 09:03:48 PDT 2021,28,106,-1
1625246221253,Fri Jul 02 10:17:01 PDT 2021,28,107,-1
1625265447248,Fri Jul 02 15:37:27 PDT 2021,28,110,-1
1625266144863,Fri Jul 02 15:49:04 PDT 2021,28,111,1
1625275683878,Fri Jul 02 18:28:03 PDT 2021,28,112,1
1625329308099,Sat Jul 03 09:21:48 PDT 2021,28,118,0
1625333868597,Sat Jul 03 10:37:48 PDT 2021,28,119,-1
1625361857330,Sat Jul 03 18:24:17 PDT 2021,28,120,-1
1625365027995,Sat Jul 03 19:17:07 PDT 2021,28,121,-1
1625365469078,Sat Jul 03 19:24:29 PDT 2021,28,122,-1
1625365873170,Sat Jul 03 19:31:13 PDT 2021,28,123,-1
1625375740048,Sat Jul 03 22:15:40 PDT 2021,28,124,-1
1625384208662,Sun Jul 04 00:36:48 PDT 2021,28,125,-1
1625410271941,Sun Jul 04 07:51:11 PDT 2021,28,126,-1
1625414712359,Sun Jul 04 09:05:12 PDT 2021,28,127,0
1625425078362,Sun Jul 04 11:57:58 PDT 2021,28,131,-1
1625429200338,Sun Jul 04 13:06:40 PDT 2021,28,132,-1
1625435375334,Sun Jul 04 14:49:35 PDT 2021,28,135,-1
1625436375871,Sun Jul 04 15:06:15 PDT 2021,28,136,-1
1625437268901,Sun Jul 04 15:21:08 PDT 2021,28,137,-1
1625452165039,Sun Jul 04 19:29:25 PDT 2021,28,141,1
1625454555199,Sun Jul 04 20:09:15 PDT 2021,28,142,0
1625461279700,Sun Jul 04 22:01:19 PDT 2021,28,144,-1
1625462956203,Sun Jul 04 22:29:16 PDT 2021,28,145,-1
1625496129490,Mon Jul 05 07:42:09 PDT 2021,28,147,-1
1625593846317,Tue Jul 06 10:50:46 PDT 2021,28,151,-1
1625602890015,Tue Jul 06 13:21:30 PDT 2021,28,152,-1
1625598125979,Tue Jul 06 12:02:05 PDT 2021,28,153,-1
1625611320052,Tue Jul 06 15:42:00 PDT 2021,28,155,-1
1625627670597,Tue Jul 06 20:14:30 PDT 2021,28,156,-1
1625636044060,Tue Jul 06 22:34:04 PDT 2021,28,157,-1
1625672999850,Wed Jul 07 08:49:59 PDT 2021,28,160,-1
1625674819908,Wed Jul 07 09:20:19 PDT 2021,28,161,-1
1625675320011,Wed Jul 07 09:28:40 PDT 2021,28,162,-1
1625676926044,Wed Jul 07 09:55:26 PDT 2021,28,163,-1
1625678077100,Wed Jul 07 10:14:37 PDT 2021,28,166,-1
1625692849775,Wed Jul 07 14:20:49 PDT 2021,28,172,0
1625694262311,Wed Jul 07 14:44:22 PDT 2021,28,173,0
1625694305149,Wed Jul 07 14:45:05 PDT 2021,28,174,-1
1625696457845,Wed Jul 07 15:20:57 PDT 2021,28,180,-1
1625696781282,Wed Jul 07 15:26:21 PDT 2021,28,181,-1
1625698352792,Wed Jul 07 15:52:32 PDT 2021,28,183,-1
1625700147857,Wed Jul 07 16:22:27 PDT 2021,28,186,0
1625701129501,Wed Jul 07 16:38:49 PDT 2021,28,187,-1
1625700525291,Wed Jul 07 16:28:45 PDT 2021,28,188,-1
1625703198040,Wed Jul 07 17:13:18 PDT 2021,28,189,1
1625709712212,Wed Jul 07 19:01:52 PDT 2021,28,191,-1
1625710480889,Wed Jul 07 19:14:40 PDT 2021,28,193,-1
1625710963008,Wed Jul 07 19:22:43 PDT 2021,28,194,-1
1625722956800,Wed Jul 07 22:42:36 PDT 2021,28,196,0
1625753057803,Thu Jul 08 07:04:17 PDT 2021,28,197,0
1625755540261,Thu Jul 08 07:45:40 PDT 2021,28,198,-1
1625759270249,Thu Jul 08 08:47:50 PDT 2021,28,199,-1
1625763028141,Thu Jul 08 09:50:28 PDT 2021,28,201,1
1625763325657,Thu Jul 08 09:55:25 PDT 2021,28,203,-1
1625770732301,Thu Jul 08 11:58:52 PDT 2021,28,205,-1
1625781754704,Thu Jul 08 15:02:34 PDT 2021,28,207,-1
1625783816384,Thu Jul 08 15:36:56 PDT 2021,28,208,0
1625786871837,Thu Jul 08 16:27:51 PDT 2021,28,209,-1
1625845454429,Fri Jul 09 08:44:14 PDT 2021,28,215,-1
1625855193244,Fri Jul 09 11:26:33 PDT 2021,28,217,-1
1625864486151,Fri Jul 09 14:01:26 PDT 2021,28,218,0
1625868516769,Fri Jul 09 15:08:36 PDT 2021,28,219,-1
1625921869542,Sat Jul 10 05:57:49 PDT 2021,28,223,-1
1625922418222,Sat Jul 10 06:06:58 PDT 2021,28,224,-1
1625929757495,Sat Jul 10 08:09:17 PDT 2021,28,226,-1
1625938111743,Sat Jul 10 10:28:31 PDT 2021,28,227,-1
1625965243830,Sat Jul 10 18:00:43 PDT 2021,28,232,-1
1625971370368,Sat Jul 10 19:42:50 PDT 2021,28,233,-1
1625982308060,Sat Jul 10 22:45:08 PDT 2021,28,234,-1
1626011227482,Sun Jul 11 06:47:07 PDT 2021,28,236,-1
1626015258369,Sun Jul 11 07:54:18 PDT 2021,28,237,-1
1626015517128,Sun Jul 11 07:58:37 PDT 2021,28,238,-1
1626016569097,Sun Jul 11 08:16:09 PDT 2021,28,239,-1
1626027362531,Sun Jul 11 11:16:02 PDT 2021,28,240,-1
1626031474783,Sun Jul 11 12:24:34 PDT 2021,28,241,-1
1626034043023,Sun Jul 11 13:07:23 PDT 2021,28,243,-1
1626063839907,Sun Jul 11 21:23:59 PDT 2021,28,248,-1
1626097618481,Mon Jul 12 06:46:58 PDT 2021,28,250,-1
1626160558506,Tue Jul 13 00:15:58 PDT 2021,28,255,0
1626185091376,Tue Jul 13 07:04:51 PDT 2021,28,256,-1
1626214482758,Tue Jul 13 15:14:42 PDT 2021,28,260,-1
1627697035849,Fri Jul 30 19:03:55 PDT 2021,28,261,1
1626218825111,Tue Jul 13 16:27:05 PDT 2021,28,262,0
1626220612759,Tue Jul 13 16:56:52 PDT 2021,28,263,1
1626298390486,Wed Jul 14 14:33:10 PDT 2021,28,265,-1
1626383986750,Thu Jul 15 14:19:46 PDT 2021,28,267,-1
1626386421540,Thu Jul 15 15:00:21 PDT 2021,28,271,-1
1626455323739,Fri Jul 16 10:08:43 PDT 2021,28,274,-1
1626471232168,Fri Jul 16 14:33:52 PDT 2021,28,275,0
1626493149187,Fri Jul 16 20:39:09 PDT 2021,28,276,0
1626541109245,Sat Jul 17 09:58:29 PDT 2021,28,278,-1
1626545502416,Sat Jul 17 11:11:42 PDT 2021,28,280,-1
1626552811970,Sat Jul 17 13:13:31 PDT 2021,28,281,-1
1626553966162,Sat Jul 17 13:32:46 PDT 2021,28,282,-1
1626568071324,Sat Jul 17 17:27:51 PDT 2021,28,284,-1
1626584834558,Sat Jul 17 22:07:14 PDT 2021,28,286,-1
1626713155978,Mon Jul 19 09:45:55 PDT 2021,28,288,-1
1626720170896,Mon Jul 19 11:42:50 PDT 2021,28,291,0
1626737723625,Mon Jul 19 16:35:23 PDT 2021,28,294,-1
1626752599145,Mon Jul 19 20:43:19 PDT 2021,28,295,1
1626792392740,Tue Jul 20 07:46:32 PDT 2021,28,296,-1
1626799141948,Tue Jul 20 09:39:01 PDT 2021,28,298,-1
1626909971009,Wed Jul 21 16:26:11 PDT 2021,28,299,-1
1626965422810,Thu Jul 22 07:50:22 PDT 2021,28,300,0
1627001501248,Thu Jul 22 17:51:41 PDT 2021,28,302,-1
1627002727777,Thu Jul 22 18:12:07 PDT 2021,28,303,1
1627008813746,Thu Jul 22 19:53:33 PDT 2021,28,305,1
1627084268666,Fri Jul 23 16:51:08 PDT 2021,28,309,-1
1627085517600,Fri Jul 23 17:11:57 PDT 2021,28,310,-1
1627087247560,Fri Jul 23 17:40:47 PDT 2021,28,311,-1
1627088553176,Fri Jul 23 18:02:33 PDT 2021,28,312,-1
1627099855570,Fri Jul 23 21:10:55 PDT 2021,28,313,-1
1627101253599,Fri Jul 23 21:34:13 PDT 2021,28,314,-1
1627101758880,Fri Jul 23 21:42:38 PDT 2021,28,315,-1
1627163293056,Sat Jul 24 14:48:13 PDT 2021,28,317,-1
1627187459755,Sat Jul 24 21:30:59 PDT 2021,28,318,-1
1627192315519,Sat Jul 24 22:51:55 PDT 2021,28,319,-1
1627407990018,Tue Jul 27 10:46:30 PDT 2021,28,322,-1
1627698812337,Fri Jul 30 19:33:32 PDT 2021,28,326,0
1627504944814,Wed Jul 28 13:42:24 PDT 2021,28,337,-1
1627505999784,Wed Jul 28 13:59:59 PDT 2021,28,339,-1
1627509046426,Wed Jul 28 14:50:46 PDT 2021,28,343,-1
1627515098638,Wed Jul 28 16:31:38 PDT 2021,28,348,-1
1627524216516,Wed Jul 28 19:03:36 PDT 2021,28,353,-1
1627522295325,Wed Jul 28 18:31:35 PDT 2021,28,356,-1
1627530602434,Wed Jul 28 20:50:02 PDT 2021,28,357,-1
1627544756816,Thu Jul 29 00:45:56 PDT 2021,28,364,-1
1627573853269,Thu Jul 29 08:50:53 PDT 2021,28,366,1
1627579229529,Thu Jul 29 10:20:29 PDT 2021,28,368,-1
1627587344575,Thu Jul 29 12:35:44 PDT 2021,28,373,-1
1627595284583,Thu Jul 29 14:48:04 PDT 2021,28,375,-1
1627610004372,Thu Jul 29 18:53:24 PDT 2021,28,376,-1
1627614107002,Thu Jul 29 20:01:47 PDT 2021,28,378,0
1627656276264,Fri Jul 30 07:44:36 PDT 2021,28,380,-1
1627656620915,Fri Jul 30 07:50:20 PDT 2021,28,381,-1
1627664208358,Fri Jul 30 09:56:48 PDT 2021,28,382,-1
1627667726232,Fri Jul 30 10:55:26 PDT 2021,28,384,-1
1627676482079,Fri Jul 30 13:21:22 PDT 2021,28,386,0
1627681009347,Fri Jul 30 14:36:49 PDT 2021,28,388,-1
1627683041216,Fri Jul 30 15:10:41 PDT 2021,28,389,-1
1627685992075,Fri Jul 30 15:59:52 PDT 2021,28,394,-1
1627703517377,Fri Jul 30 20:51:57 PDT 2021,28,396,0
1627770471329,Sat Jul 31 15:27:51 PDT 2021,28,401,-1
1627771923299,Sat Jul 31 15:52:03 PDT 2021,28,402,-1
1627777287056,Sat Jul 31 17:21:27 PDT 2021,28,403,0
1627838261521,Sun Aug 01 10:17:41 PDT 2021,28,404,-1
1624994615578,Tue Jun 29 12:23:35 PDT 2021,29,0,1
1624917390420,Mon Jun 28 14:56:30 PDT 2021,29,1,0
1624924394209,Mon Jun 28 16:53:14 PDT 2021,29,2,0
1624978347926,Tue Jun 29 07:52:27 PDT 2021,29,3,-1
1624980400397,Tue Jun 29 08:26:40 PDT 2021,29,5,1
1624980728340,Tue Jun 29 08:32:08 PDT 2021,29,6,0
1624983120701,Tue Jun 29 09:12:00 PDT 2021,29,7,1
1624995198131,Tue Jun 29 12:33:18 PDT 2021,29,9,1
1624997050307,Tue Jun 29 13:04:10 PDT 2021,29,10,1
1624999182590,Tue Jun 29 13:39:42 PDT 2021,29,11,1
1625000168657,Tue Jun 29 13:56:08 PDT 2021,29,12,1
1625000388311,Tue Jun 29 13:59:48 PDT 2021,29,13,0
1625002056200,Tue Jun 29 14:27:36 PDT 2021,29,14,1
1625003364995,Tue Jun 29 14:49:24 PDT 2021,29,15,0
1625004126804,Tue Jun 29 15:02:06 PDT 2021,29,16,1
1625007265515,Tue Jun 29 15:54:25 PDT 2021,29,17,1
1625007516665,Tue Jun 29 15:58:36 PDT 2021,29,18,0
1625008367738,Tue Jun 29 16:12:47 PDT 2021,29,19,1
1625009018902,Tue Jun 29 16:23:38 PDT 2021,29,21,-1
1625008918517,Tue Jun 29 16:21:58 PDT 2021,29,22,1
1625019896950,Tue Jun 29 19:24:56 PDT 2021,29,24,1
1625019871419,Tue Jun 29 19:24:31 PDT 2021,29,25,1
1625020086682,Tue Jun 29 19:28:06 PDT 2021,29,26,1
1625021954578,Tue Jun 29 19:59:14 PDT 2021,29,27,0
1625055617092,Wed Jun 30 05:20:17 PDT 2021,29,28,1
1625058024442,Wed Jun 30 06:00:24 PDT 2021,29,30,1
1625064475974,Wed Jun 30 07:47:55 PDT 2021,29,33,1
1625066163851,Wed Jun 30 08:16:03 PDT 2021,29,34,0
1625068499806,Wed Jun 30 08:54:59 PDT 2021,29,35,1
1625069178214,Wed Jun 30 09:06:18 PDT 2021,29,36,1
1625071693362,Wed Jun 30 09:48:13 PDT 2021,29,37,1
1625072218880,Wed Jun 30 09:56:58 PDT 2021,29,38,1
1625082221632,Wed Jun 30 12:43:41 PDT 2021,29,40,0
1625099284598,Wed Jun 30 17:28:04 PDT 2021,29,41,1
1625086651959,Wed Jun 30 13:57:31 PDT 2021,29,42,1
1625089483100,Wed Jun 30 14:44:43 PDT 2021,29,43,1
1625093072515,Wed Jun 30 15:44:32 PDT 2021,29,45,1
1625095230616,Wed Jun 30 16:20:30 PDT 2021,29,46,1
1625095254007,Wed Jun 30 16:20:54 PDT 2021,29,47,1
1625096017160,Wed Jun 30 16:33:37 PDT 2021,29,48,1
1625099441617,Wed Jun 30 17:30:41 PDT 2021,29,50,1
1625102848796,Wed Jun 30 18:27:28 PDT 2021,29,52,1
1625101812171,Wed Jun 30 18:10:12 PDT 2021,29,53,1
1625101441221,Wed Jun 30 18:04:01 PDT 2021,29,54,1
1625107999856,Wed Jun 30 19:53:19 PDT 2021,29,55,1
1625116126311,Wed Jun 30 22:08:46 PDT 2021,29,57,1
1625117341263,Wed Jun 30 22:29:01 PDT 2021,29,58,1
1625118204439,Wed Jun 30 22:43:24 PDT 2021,29,59,-1
1625150354651,Thu Jul 01 07:39:14 PDT 2021,29,61,0
1625152464318,Thu Jul 01 08:14:24 PDT 2021,29,62,1
1625153231014,Thu Jul 01 08:27:11 PDT 2021,29,63,1
1625155612262,Thu Jul 01 09:06:52 PDT 2021,29,64,1
1625158089377,Thu Jul 01 09:48:09 PDT 2021,29,65,1
1625410281598,Sun Jul 04 07:51:21 PDT 2021,29,66,1
1625159679906,Thu Jul 01 10:14:39 PDT 2021,29,68,1
1625160262544,Thu Jul 01 10:24:22 PDT 2021,29,69,-1
1625167915547,Thu Jul 01 12:31:55 PDT 2021,29,70,1
1625162671442,Thu Jul 01 11:04:31 PDT 2021,29,71,-1
1625163410136,Thu Jul 01 11:16:50 PDT 2021,29,73,-1
1625164931290,Thu Jul 01 11:42:11 PDT 2021,29,74,0
1625163992873,Thu Jul 01 11:26:32 PDT 2021,29,83,-1
1625164939848,Thu Jul 01 11:42:19 PDT 2021,29,85,-1
1625165581211,Thu Jul 01 11:53:01 PDT 2021,29,86,0
1625166012155,Thu Jul 01 12:00:12 PDT 2021,29,90,1
1625168411050,Thu Jul 01 12:40:11 PDT 2021,29,92,1
1625173663740,Thu Jul 01 14:07:43 PDT 2021,29,93,0
1625174384628,Thu Jul 01 14:19:44 PDT 2021,29,94,0
1625179656018,Thu Jul 01 15:47:36 PDT 2021,29,95,1
1625183005538,Thu Jul 01 16:43:25 PDT 2021,29,96,1
1625185674343,Thu Jul 01 17:27:54 PDT 2021,29,97,1
1626145079880,Mon Jul 12 19:57:59 PDT 2021,29,98,1
1625191290508,Thu Jul 01 19:01:30 PDT 2021,29,100,1
1625190788390,Thu Jul 01 18:53:08 PDT 2021,29,101,1
1625200039952,Thu Jul 01 21:27:19 PDT 2021,29,102,1
1625238251358,Fri Jul 02 08:04:11 PDT 2021,29,103,0
1625241484325,Fri Jul 02 08:58:04 PDT 2021,29,104,1
1625242309029,Fri Jul 02 09:11:49 PDT 2021,29,106,0
1625246285244,Fri Jul 02 10:18:05 PDT 2021,29,107,-1
1625251593894,Fri Jul 02 11:46:33 PDT 2021,29,108,1
1625266962864,Fri Jul 02 16:02:42 PDT 2021,29,111,1
1625275061684,Fri Jul 02 18:17:41 PDT 2021,29,112,1
1625295467017,Fri Jul 02 23:57:47 PDT 2021,29,115,1
1625329331950,Sat Jul 03 09:22:11 PDT 2021,29,118,-1
1625333763674,Sat Jul 03 10:36:03 PDT 2021,29,119,1
1625364841476,Sat Jul 03 19:14:01 PDT 2021,29,121,-1
1625365552369,Sat Jul 03 19:25:52 PDT 2021,29,122,1
1625365557272,Sat Jul 03 19:25:57 PDT 2021,29,123,1
1625374862444,Sat Jul 03 22:01:02 PDT 2021,29,124,1
1625384089946,Sun Jul 04 00:34:49 PDT 2021,29,125,0
1625410259554,Sun Jul 04 07:50:59 PDT 2021,29,126,1
1625414090489,Sun Jul 04 08:54:50 PDT 2021,29,127,1
1625424736251,Sun Jul 04 11:52:16 PDT 2021,29,131,1
1625429150371,Sun Jul 04 13:05:50 PDT 2021,29,132,1
1625436169288,Sun Jul 04 15:02:49 PDT 2021,29,135,1
1625436113344,Sun Jul 04 15:01:53 PDT 2021,29,136,0
1625436901918,Sun Jul 04 15:15:01 PDT 2021,29,137,1
1625452036461,Sun Jul 04 19:27:16 PDT 2021,29,141,1
1625462552826,Sun Jul 04 22:22:32 PDT 2021,29,145,1
1625495399371,Mon Jul 05 07:29:59 PDT 2021,29,147,0
1625593583584,Tue Jul 06 10:46:23 PDT 2021,29,151,1
1625602914163,Tue Jul 06 13:21:54 PDT 2021,29,152,0
1625598113243,Tue Jul 06 12:01:53 PDT 2021,29,153,-1
1625601349082,Tue Jul 06 12:55:49 PDT 2021,29,154,1
1625611140039,Tue Jul 06 15:39:00 PDT 2021,29,155,1
1625627278436,Tue Jul 06 20:07:58 PDT 2021,29,156,-1
1625635671147,Tue Jul 06 22:27:51 PDT 2021,29,157,1
1625672826797,Wed Jul 07 08:47:06 PDT 2021,29,160,0
1625674882263,Wed Jul 07 09:21:22 PDT 2021,29,161,1
1625674986108,Wed Jul 07 09:23:06 PDT 2021,29,162,1
1625676561724,Wed Jul 07 09:49:21 PDT 2021,29,163,0
1625676947654,Wed Jul 07 09:55:47 PDT 2021,29,164,1
1625677762981,Wed Jul 07 10:09:22 PDT 2021,29,166,1
1625693395748,Wed Jul 07 14:29:55 PDT 2021,29,173,1
1625693856556,Wed Jul 07 14:37:36 PDT 2021,29,174,1
1625696477064,Wed Jul 07 15:21:17 PDT 2021,29,180,1
1625696792585,Wed Jul 07 15:26:32 PDT 2021,29,181,-1
1625698333140,Wed Jul 07 15:52:13 PDT 2021,29,183,1
1625699692179,Wed Jul 07 16:14:52 PDT 2021,29,186,1
1625700298811,Wed Jul 07 16:24:58 PDT 2021,29,187,1
1625700637108,Wed Jul 07 16:30:37 PDT 2021,29,188,1
1625702900490,Wed Jul 07 17:08:20 PDT 2021,29,189,1
1625710558289,Wed Jul 07 19:15:58 PDT 2021,29,191,1
1625710428648,Wed Jul 07 19:13:48 PDT 2021,29,193,1
1625710229086,Wed Jul 07 19:10:29 PDT 2021,29,194,0
1625723117949,Wed Jul 07 22:45:17 PDT 2021,29,196,1
1625752909557,Thu Jul 08 07:01:49 PDT 2021,29,197,1
1625755379195,Thu Jul 08 07:42:59 PDT 2021,29,198,1
1625759300924,Thu Jul 08 08:48:20 PDT 2021,29,199,1
1625762818527,Thu Jul 08 09:46:58 PDT 2021,29,201,-1
1625763736149,Thu Jul 08 10:02:16 PDT 2021,29,203,1
1625770623995,Thu Jul 08 11:57:03 PDT 2021,29,205,1
1625782074060,Thu Jul 08 15:07:54 PDT 2021,29,207,1
1625783672577,Thu Jul 08 15:34:32 PDT 2021,29,208,1
1625786635925,Thu Jul 08 16:23:55 PDT 2021,29,209,1
1625787142227,Thu Jul 08 16:32:22 PDT 2021,29,210,1
1625805509285,Thu Jul 08 21:38:29 PDT 2021,29,214,0
1625845071121,Fri Jul 09 08:37:51 PDT 2021,29,215,1
1625856002548,Fri Jul 09 11:40:02 PDT 2021,29,217,1
1625863920019,Fri Jul 09 13:52:00 PDT 2021,29,218,1
1625868277824,Fri Jul 09 15:04:37 PDT 2021,29,219,1
1625921532784,Sat Jul 10 05:52:12 PDT 2021,29,223,1
1625922025056,Sat Jul 10 06:00:25 PDT 2021,29,224,0
1625926602611,Sat Jul 10 07:16:42 PDT 2021,29,225,1
1625929812376,Sat Jul 10 08:10:12 PDT 2021,29,226,1
1625957563478,Sat Jul 10 15:52:43 PDT 2021,29,230,1
1625961694420,Sat Jul 10 17:01:34 PDT 2021,29,231,1
1625964348493,Sat Jul 10 17:45:48 PDT 2021,29,232,1
1625971374153,Sat Jul 10 19:42:54 PDT 2021,29,233,1
1625982230964,Sat Jul 10 22:43:50 PDT 2021,29,234,-1
1626012629229,Sun Jul 11 07:10:29 PDT 2021,29,236,-1
1626015030657,Sun Jul 11 07:50:30 PDT 2021,29,237,1
1626015502926,Sun Jul 11 07:58:22 PDT 2021,29,238,1
1626016437691,Sun Jul 11 08:13:57 PDT 2021,29,239,0
1626027384782,Sun Jul 11 11:16:24 PDT 2021,29,240,1
1626031349344,Sun Jul 11 12:22:29 PDT 2021,29,241,1
1626033976074,Sun Jul 11 13:06:16 PDT 2021,29,243,0
1626063247841,Sun Jul 11 21:14:07 PDT 2021,29,248,1
1626097166327,Mon Jul 12 06:39:26 PDT 2021,29,249,1
1626097344235,Mon Jul 12 06:42:24 PDT 2021,29,250,1
1626160354083,Tue Jul 13 00:12:34 PDT 2021,29,255,-1
1626184752049,Tue Jul 13 06:59:12 PDT 2021,29,256,1
1626198249481,Tue Jul 13 10:44:09 PDT 2021,29,257,0
1627192530600,Sat Jul 24 22:55:30 PDT 2021,29,258,0
1626228118433,Tue Jul 13 19:01:58 PDT 2021,29,259,1
1626213861603,Tue Jul 13 15:04:21 PDT 2021,29,260,-1
1626298263759,Wed Jul 14 14:31:03 PDT 2021,29,265,1
1626383560869,Thu Jul 15 14:12:40 PDT 2021,29,267,1
1626385628947,Thu Jul 15 14:47:08 PDT 2021,29,271,1
1626455229809,Fri Jul 16 10:07:09 PDT 2021,29,274,1
1626471283440,Fri Jul 16 14:34:43 PDT 2021,29,275,1
1626492722157,Fri Jul 16 20:32:02 PDT 2021,29,276,0
1626540557817,Sat Jul 17 09:49:17 PDT 2021,29,278,1
1626540783945,Sat Jul 17 09:53:03 PDT 2021,29,279,-1
1626545493439,Sat Jul 17 11:11:33 PDT 2021,29,280,1
1626552466053,Sat Jul 17 13:07:46 PDT 2021,29,281,1
1626553300668,Sat Jul 17 13:21:40 PDT 2021,29,282,1
1626568297204,Sat Jul 17 17:31:37 PDT 2021,29,284,1
1626584712632,Sat Jul 17 22:05:12 PDT 2021,29,286,1
1626713191787,Mon Jul 19 09:46:31 PDT 2021,29,288,1
1626716593691,Mon Jul 19 10:43:13 PDT 2021,29,290,1
1626720232810,Mon Jul 19 11:43:52 PDT 2021,29,291,1
1626737635745,Mon Jul 19 16:33:55 PDT 2021,29,294,1
1626752428631,Mon Jul 19 20:40:28 PDT 2021,29,295,1
1626792293429,Tue Jul 20 07:44:53 PDT 2021,29,296,1
1626798461023,Tue Jul 20 09:27:41 PDT 2021,29,298,1
1626909402604,Wed Jul 21 16:16:42 PDT 2021,29,299,0
1626965264384,Thu Jul 22 07:47:44 PDT 2021,29,300,0
1626919151150,Wed Jul 21 18:59:11 PDT 2021,29,301,-1
1627001279290,Thu Jul 22 17:47:59 PDT 2021,29,302,1
1627002460469,Thu Jul 22 18:07:40 PDT 2021,29,303,-1
1627007747343,Thu Jul 22 19:35:47 PDT 2021,29,304,-1
1627008631685,Thu Jul 22 19:50:31 PDT 2021,29,305,1
1627082387228,Fri Jul 23 16:19:47 PDT 2021,29,308,1
1627084213294,Fri Jul 23 16:50:13 PDT 2021,29,309,-1
1627085159871,Fri Jul 23 17:05:59 PDT 2021,29,310,-1
1627086956868,Fri Jul 23 17:35:56 PDT 2021,29,311,-1
1627088030414,Fri Jul 23 17:53:50 PDT 2021,29,312,-1
1627100180888,Fri Jul 23 21:16:20 PDT 2021,29,313,-1
1627101096633,Fri Jul 23 21:31:36 PDT 2021,29,314,-1
1627101484588,Fri Jul 23 21:38:04 PDT 2021,29,315,-1
1627162617112,Sat Jul 24 14:36:57 PDT 2021,29,317,1
1627187137163,Sat Jul 24 21:25:37 PDT 2021,29,318,1
1627191670974,Sat Jul 24 22:41:10 PDT 2021,29,319,1
1627404950152,Tue Jul 27 09:55:50 PDT 2021,29,321,1
1627407301116,Tue Jul 27 10:35:01 PDT 2021,29,322,1
1627409335957,Tue Jul 27 11:08:55 PDT 2021,29,323,1
1627414771390,Tue Jul 27 12:39:31 PDT 2021,29,325,1
1627698778387,Fri Jul 30 19:32:58 PDT 2021,29,326,1
1627439309696,Tue Jul 27 19:28:29 PDT 2021,29,327,1
1627451159627,Tue Jul 27 22:45:59 PDT 2021,29,328,1
1627502741756,Wed Jul 28 13:05:41 PDT 2021,29,332,1
1627503193268,Wed Jul 28 13:13:13 PDT 2021,29,334,1
1627505165717,Wed Jul 28 13:46:05 PDT 2021,29,337,1
1627505972393,Wed Jul 28 13:59:32 PDT 2021,29,339,1
1627506682123,Wed Jul 28 14:11:22 PDT 2021,29,341,1
1627508440409,Wed Jul 28 14:40:40 PDT 2021,29,343,-1
1627515301390,Wed Jul 28 16:35:01 PDT 2021,29,348,-1
1627515393861,Wed Jul 28 16:36:33 PDT 2021,29,350,1
1627523012295,Wed Jul 28 18:43:32 PDT 2021,29,353,1
1627522282348,Wed Jul 28 18:31:22 PDT 2021,29,356,-1
1627529122616,Wed Jul 28 20:25:22 PDT 2021,29,357,1
1627531678409,Wed Jul 28 21:07:58 PDT 2021,29,358,-1
1627532651777,Wed Jul 28 21:24:11 PDT 2021,29,359,1
1627543182085,Thu Jul 29 00:19:42 PDT 2021,29,364,1
1627573291293,Thu Jul 29 08:41:31 PDT 2021,29,366,0
1627579202112,Thu Jul 29 10:20:02 PDT 2021,29,368,1
1627583199276,Thu Jul 29 11:26:39 PDT 2021,29,369,1
1627583728109,Thu Jul 29 11:35:28 PDT 2021,29,371,1
1627586547734,Thu Jul 29 12:22:27 PDT 2021,29,373,1
1627595328502,Thu Jul 29 14:48:48 PDT 2021,29,375,1
1627608831096,Thu Jul 29 18:33:51 PDT 2021,29,376,1
1627655668254,Fri Jul 30 07:34:28 PDT 2021,29,380,1
1627663775747,Fri Jul 30 09:49:35 PDT 2021,29,382,1
1627666798337,Fri Jul 30 10:39:58 PDT 2021,29,384,1
1627675569088,Fri Jul 30 13:06:09 PDT 2021,29,386,1
1627680570568,Fri Jul 30 14:29:30 PDT 2021,29,388,1
1627681654085,Fri Jul 30 14:47:34 PDT 2021,29,389,1
1627684016233,Fri Jul 30 15:26:56 PDT 2021,29,391,1
1627686042051,Fri Jul 30 16:00:42 PDT 2021,29,394,1
1627702505972,Fri Jul 30 20:35:05 PDT 2021,29,396,0
1627770083332,Sat Jul 31 15:21:23 PDT 2021,29,401,1
1627771741956,Sat Jul 31 15:49:01 PDT 2021,29,402,1
1627775587036,Sat Jul 31 16:53:07 PDT 2021,29,403,1
1627837852876,Sun Aug 01 10:10:52 PDT 2021,29,404,1
1624995203109,Tue Jun 29 12:33:23 PDT 2021,30,0,1
1624917551632,Mon Jun 28 14:59:11 PDT 2021,30,1,-1
1624924696698,Mon Jun 28 16:58:16 PDT 2021,30,2,-1
1624978319685,Tue Jun 29 07:51:59 PDT 2021,30,3,-1
1624980387525,Tue Jun 29 08:26:27 PDT 2021,30,5,0
1624980899501,Tue Jun 29 08:34:59 PDT 2021,30,6,-1
1624983192709,Tue Jun 29 09:13:12 PDT 2021,30,7,0
1624995099397,Tue Jun 29 12:31:39 PDT 2021,31,0,1
1624917488065,Mon Jun 28 14:58:08 PDT 2021,31,1,1
1624924501738,Mon Jun 28 16:55:01 PDT 2021,31,2,0
1624978227981,Tue Jun 29 07:50:27 PDT 2021,31,3,0
1624980365272,Tue Jun 29 08:26:05 PDT 2021,31,5,1
1624980949773,Tue Jun 29 08:35:49 PDT 2021,31,6,0
1624983188655,Tue Jun 29 09:13:08 PDT 2021,31,7,1
1624995656341,Tue Jun 29 12:40:56 PDT 2021,31,9,0
1624997057089,Tue Jun 29 13:04:17 PDT 2021,31,10,-1
1624999201218,Tue Jun 29 13:40:01 PDT 2021,31,11,0
1625000327871,Tue Jun 29 13:58:47 PDT 2021,31,12,1
1625000318215,Tue Jun 29 13:58:38 PDT 2021,31,13,-1
1625002212460,Tue Jun 29 14:30:12 PDT 2021,31,14,0
1625003402290,Tue Jun 29 14:50:02 PDT 2021,31,15,1
1625005070395,Tue Jun 29 15:17:50 PDT 2021,31,16,1
1625007211108,Tue Jun 29 15:53:31 PDT 2021,31,17,0
1625007280750,Tue Jun 29 15:54:40 PDT 2021,31,18,1
1625008409856,Tue Jun 29 16:13:29 PDT 2021,31,19,1
1625008688313,Tue Jun 29 16:18:08 PDT 2021,31,21,1
1625009218807,Tue Jun 29 16:26:58 PDT 2021,31,22,1
1625019732016,Tue Jun 29 19:22:12 PDT 2021,31,24,1
1625019895149,Tue Jun 29 19:24:55 PDT 2021,31,25,1
1625019998621,Tue Jun 29 19:26:38 PDT 2021,31,26,1
1625022032401,Tue Jun 29 20:00:32 PDT 2021,31,27,1
1625055513182,Wed Jun 30 05:18:33 PDT 2021,31,28,1
1625057980677,Wed Jun 30 05:59:40 PDT 2021,31,30,0
1625064962441,Wed Jun 30 07:56:02 PDT 2021,31,33,0
1625066417859,Wed Jun 30 08:20:17 PDT 2021,31,34,1
1625068346755,Wed Jun 30 08:52:26 PDT 2021,31,35,1
1625069328471,Wed Jun 30 09:08:48 PDT 2021,31,36,1
1625071827161,Wed Jun 30 09:50:27 PDT 2021,31,37,1
1625072058855,Wed Jun 30 09:54:18 PDT 2021,31,38,1
1625082532424,Wed Jun 30 12:48:52 PDT 2021,31,40,1
1625099483902,Wed Jun 30 17:31:23 PDT 2021,31,41,1
1625085915119,Wed Jun 30 13:45:15 PDT 2021,31,42,1
1625089440878,Wed Jun 30 14:44:00 PDT 2021,31,43,1
1625092103205,Wed Jun 30 15:28:23 PDT 2021,31,44,1
1625093160769,Wed Jun 30 15:46:00 PDT 2021,31,45,1
1625094924469,Wed Jun 30 16:15:24 PDT 2021,31,46,-1
1625095216974,Wed Jun 30 16:20:16 PDT 2021,31,47,1
1625096262292,Wed Jun 30 16:37:42 PDT 2021,31,48,-1
1625099219785,Wed Jun 30 17:26:59 PDT 2021,31,50,1
1625102759449,Wed Jun 30 18:25:59 PDT 2021,31,52,-1
1625101579163,Wed Jun 30 18:06:19 PDT 2021,31,53,-1
1625101396403,Wed Jun 30 18:03:16 PDT 2021,31,54,1
1625108225576,Wed Jun 30 19:57:05 PDT 2021,31,55,1
1625112218624,Wed Jun 30 21:03:38 PDT 2021,31,56,1
1625116275987,Wed Jun 30 22:11:15 PDT 2021,31,57,1
1625117287908,Wed Jun 30 22:28:07 PDT 2021,31,58,-1
1625118071815,Wed Jun 30 22:41:11 PDT 2021,31,59,1
1625120729784,Wed Jun 30 23:25:29 PDT 2021,31,60,0
1625150638094,Thu Jul 01 07:43:58 PDT 2021,31,61,1
1625151402284,Thu Jul 01 07:56:42 PDT 2021,31,62,0
1625152884205,Thu Jul 01 08:21:24 PDT 2021,31,63,1
1625155676033,Thu Jul 01 09:07:56 PDT 2021,31,64,1
1625157887325,Thu Jul 01 09:44:47 PDT 2021,31,65,1
1625409991679,Sun Jul 04 07:46:31 PDT 2021,31,66,1
1625159469614,Thu Jul 01 10:11:09 PDT 2021,31,68,-1
1625160073028,Thu Jul 01 10:21:13 PDT 2021,31,69,-1
1625159916813,Thu Jul 01 10:18:36 PDT 2021,31,70,-1
1625161244983,Thu Jul 01 10:40:44 PDT 2021,31,71,-1
1625163040149,Thu Jul 01 11:10:40 PDT 2021,31,72,-1
1625163579169,Thu Jul 01 11:19:39 PDT 2021,31,73,-1
1625164418177,Thu Jul 01 11:33:38 PDT 2021,31,74,0
1625163937723,Thu Jul 01 11:25:37 PDT 2021,31,81,-1
1625164027717,Thu Jul 01 11:27:07 PDT 2021,31,83,-1
1625164933853,Thu Jul 01 11:42:13 PDT 2021,31,85,-1
1625165279815,Thu Jul 01 11:47:59 PDT 2021,31,86,-1
1625166017423,Thu Jul 01 12:00:17 PDT 2021,31,90,-1
1625168479149,Thu Jul 01 12:41:19 PDT 2021,31,92,1
1625173899200,Thu Jul 01 14:11:39 PDT 2021,31,93,0
1625174508138,Thu Jul 01 14:21:48 PDT 2021,31,94,1
1625174804844,Thu Jul 01 14:26:44 PDT 2021,31,95,-1
1625182757206,Thu Jul 01 16:39:17 PDT 2021,31,96,1
1625185771561,Thu Jul 01 17:29:31 PDT 2021,31,97,1
1626133857835,Mon Jul 12 16:50:57 PDT 2021,31,98,1
1625189929874,Thu Jul 01 18:38:49 PDT 2021,31,99,1
1625190378108,Thu Jul 01 18:46:18 PDT 2021,31,100,-1
1625190801964,Thu Jul 01 18:53:21 PDT 2021,31,101,1
1625200034354,Thu Jul 01 21:27:14 PDT 2021,31,102,1
1625237977721,Fri Jul 02 07:59:37 PDT 2021,31,103,-1
1625241740786,Fri Jul 02 09:02:20 PDT 2021,31,104,1
1625241938779,Fri Jul 02 09:05:38 PDT 2021,31,106,-1
1625246472933,Fri Jul 02 10:21:12 PDT 2021,31,107,1
1625251508361,Fri Jul 02 11:45:08 PDT 2021,31,108,1
1625265209120,Fri Jul 02 15:33:29 PDT 2021,31,110,1
1625266264853,Fri Jul 02 15:51:04 PDT 2021,31,111,-1
1625274905142,Fri Jul 02 18:15:05 PDT 2021,31,112,0
1625281830767,Fri Jul 02 20:10:30 PDT 2021,31,113,0
1625329319816,Sat Jul 03 09:21:59 PDT 2021,31,118,1
1625333665134,Sat Jul 03 10:34:25 PDT 2021,31,119,-1
1625361743033,Sat Jul 03 18:22:23 PDT 2021,31,120,1
1625364376971,Sat Jul 03 19:06:16 PDT 2021,31,121,-1
1625365279230,Sat Jul 03 19:21:19 PDT 2021,31,122,1
1625366430778,Sat Jul 03 19:40:30 PDT 2021,31,123,1
1625375061242,Sat Jul 03 22:04:21 PDT 2021,31,124,1
1625383840228,Sun Jul 04 00:30:40 PDT 2021,31,125,1
1625410222011,Sun Jul 04 07:50:22 PDT 2021,31,126,1
1625413710596,Sun Jul 04 08:48:30 PDT 2021,31,127,1
1625424158663,Sun Jul 04 11:42:38 PDT 2021,31,131,1
1625428745347,Sun Jul 04 12:59:05 PDT 2021,31,132,1
1625435416495,Sun Jul 04 14:50:16 PDT 2021,31,135,1
1625436097513,Sun Jul 04 15:01:37 PDT 2021,31,136,1
1625437205644,Sun Jul 04 15:20:05 PDT 2021,31,137,1
1625451912063,Sun Jul 04 19:25:12 PDT 2021,31,141,1
1625454846657,Sun Jul 04 20:14:06 PDT 2021,31,142,0
1625462423081,Sun Jul 04 22:20:23 PDT 2021,31,145,1
1625495943308,Mon Jul 05 07:39:03 PDT 2021,31,147,0
1625528721487,Mon Jul 05 16:45:21 PDT 2021,31,148,0
1625593666398,Tue Jul 06 10:47:46 PDT 2021,31,151,1
1625602572394,Tue Jul 06 13:16:12 PDT 2021,31,152,1
1625613391196,Tue Jul 06 16:16:31 PDT 2021,31,153,-1
1625611342675,Tue Jul 06 15:42:22 PDT 2021,31,155,1
1625626958263,Tue Jul 06 20:02:38 PDT 2021,31,156,1
1625635826007,Tue Jul 06 22:30:26 PDT 2021,31,157,1
1625672506601,Wed Jul 07 08:41:46 PDT 2021,31,159,-1
1625672928538,Wed Jul 07 08:48:48 PDT 2021,31,160,1
1625674515394,Wed Jul 07 09:15:15 PDT 2021,31,161,1
1625674998813,Wed Jul 07 09:23:18 PDT 2021,31,162,0
1625676510812,Wed Jul 07 09:48:30 PDT 2021,31,163,0
1625676974609,Wed Jul 07 09:56:14 PDT 2021,31,164,1
1625678506456,Wed Jul 07 10:21:46 PDT 2021,31,166,1
1625677668833,Wed Jul 07 10:07:48 PDT 2021,31,167,0
1625686143550,Wed Jul 07 12:29:03 PDT 2021,31,170,-1
1625692835016,Wed Jul 07 14:20:35 PDT 2021,31,172,1
1625693682951,Wed Jul 07 14:34:42 PDT 2021,31,173,0
1625693880403,Wed Jul 07 14:38:00 PDT 2021,31,174,1
1625694698641,Wed Jul 07 14:51:38 PDT 2021,31,176,0
1625694514873,Wed Jul 07 14:48:34 PDT 2021,31,177,1
1625695795378,Wed Jul 07 15:09:55 PDT 2021,31,178,0
1625696290930,Wed Jul 07 15:18:10 PDT 2021,31,180,0
1625696385869,Wed Jul 07 15:19:45 PDT 2021,31,181,-1
1625697215722,Wed Jul 07 15:33:35 PDT 2021,31,182,1
1625698473228,Wed Jul 07 15:54:33 PDT 2021,31,183,1
1625699387376,Wed Jul 07 16:09:47 PDT 2021,31,184,1
1625699727292,Wed Jul 07 16:15:27 PDT 2021,31,186,1
1625700331276,Wed Jul 07 16:25:31 PDT 2021,31,187,1
1625700690036,Wed Jul 07 16:31:30 PDT 2021,31,188,1
1625702945231,Wed Jul 07 17:09:05 PDT 2021,31,189,1
1625710296666,Wed Jul 07 19:11:36 PDT 2021,31,191,0
1625709947662,Wed Jul 07 19:05:47 PDT 2021,31,193,1
1625710285625,Wed Jul 07 19:11:25 PDT 2021,31,194,-1
1625714405766,Wed Jul 07 20:20:05 PDT 2021,31,195,1
1625722835901,Wed Jul 07 22:40:35 PDT 2021,31,196,0
1625752810266,Thu Jul 08 07:00:10 PDT 2021,31,197,1
1625755518283,Thu Jul 08 07:45:18 PDT 2021,31,198,-1
1625758846308,Thu Jul 08 08:40:46 PDT 2021,31,199,1
1625760196653,Thu Jul 08 09:03:16 PDT 2021,31,200,1
1625762786123,Thu Jul 08 09:46:26 PDT 2021,31,201,1
1625763395647,Thu Jul 08 09:56:35 PDT 2021,31,203,1
1625770312962,Thu Jul 08 11:51:52 PDT 2021,31,205,1
1625782151632,Thu Jul 08 15:09:11 PDT 2021,31,207,1
1625783602066,Thu Jul 08 15:33:22 PDT 2021,31,208,1
1625786261556,Thu Jul 08 16:17:41 PDT 2021,31,209,0
1625789734701,Thu Jul 08 17:15:34 PDT 2021,31,210,1
1625796358456,Thu Jul 08 19:05:58 PDT 2021,31,212,0
1625801490460,Thu Jul 08 20:31:30 PDT 2021,31,213,1
1625805423412,Thu Jul 08 21:37:03 PDT 2021,31,214,-1
1625844425781,Fri Jul 09 08:27:05 PDT 2021,31,215,-1
1625852939139,Fri Jul 09 10:48:59 PDT 2021,31,216,1
1625855171540,Fri Jul 09 11:26:11 PDT 2021,31,217,1
1625863373655,Fri Jul 09 13:42:53 PDT 2021,31,218,1
1625868210999,Fri Jul 09 15:03:30 PDT 2021,31,219,0
1625921512263,Sat Jul 10 05:51:52 PDT 2021,31,223,1
1625921931129,Sat Jul 10 05:58:51 PDT 2021,31,224,1
1625926587992,Sat Jul 10 07:16:27 PDT 2021,31,225,-1
1625928712954,Sat Jul 10 07:51:52 PDT 2021,31,226,1
1625932986294,Sat Jul 10 09:03:06 PDT 2021,31,227,1
1625939572499,Sat Jul 10 10:52:52 PDT 2021,31,228,1
1625961528666,Sat Jul 10 16:58:48 PDT 2021,31,231,1
1625964966214,Sat Jul 10 17:56:06 PDT 2021,31,232,-1
1625971538335,Sat Jul 10 19:45:38 PDT 2021,31,233,1
1625982101280,Sat Jul 10 22:41:41 PDT 2021,31,234,-1
1626012197500,Sun Jul 11 07:03:17 PDT 2021,31,236,1
1626014898888,Sun Jul 11 07:48:18 PDT 2021,31,237,0
1626015084864,Sun Jul 11 07:51:24 PDT 2021,31,238,1
1626016490494,Sun Jul 11 08:14:50 PDT 2021,31,239,1
1626027559393,Sun Jul 11 11:19:19 PDT 2021,31,240,1
1626031302777,Sun Jul 11 12:21:42 PDT 2021,31,241,-1
1626033677305,Sun Jul 11 13:01:17 PDT 2021,31,243,1
1626062923695,Sun Jul 11 21:08:43 PDT 2021,31,248,-1
1626097157473,Mon Jul 12 06:39:17 PDT 2021,31,249,1
1626097094567,Mon Jul 12 06:38:14 PDT 2021,31,250,1
1626101149124,Mon Jul 12 07:45:49 PDT 2021,31,251,1
1626160150866,Tue Jul 13 00:09:10 PDT 2021,31,255,1
1626184070824,Tue Jul 13 06:47:50 PDT 2021,31,256,1
1626198065408,Tue Jul 13 10:41:05 PDT 2021,31,257,1
1626641108473,Sun Jul 18 13:45:08 PDT 2021,31,258,1
1626228092134,Tue Jul 13 19:01:32 PDT 2021,31,259,0
1626213927013,Tue Jul 13 15:05:27 PDT 2021,31,260,0
1626215366361,Tue Jul 13 15:29:26 PDT 2021,31,261,1
1626218853218,Tue Jul 13 16:27:33 PDT 2021,31,262,0
1626220526000,Tue Jul 13 16:55:26 PDT 2021,31,263,1
1626234621315,Tue Jul 13 20:50:21 PDT 2021,31,264,0
1626235431685,Tue Jul 13 21:03:51 PDT 2021,31,265,1
1626383196300,Thu Jul 15 14:06:36 PDT 2021,31,267,1
1626386022742,Thu Jul 15 14:53:42 PDT 2021,31,271,1
1626415278443,Thu Jul 15 23:01:18 PDT 2021,31,272,1
1626455445337,Fri Jul 16 10:10:45 PDT 2021,31,274,1
1626471097825,Fri Jul 16 14:31:37 PDT 2021,31,275,0
1626492823364,Fri Jul 16 20:33:43 PDT 2021,31,276,0
1626540576530,Sat Jul 17 09:49:36 PDT 2021,31,278,1
1626540370345,Sat Jul 17 09:46:10 PDT 2021,31,279,1
1626544920865,Sat Jul 17 11:02:00 PDT 2021,31,280,1
1626552270343,Sat Jul 17 13:04:30 PDT 2021,31,281,1
1626553310393,Sat Jul 17 13:21:50 PDT 2021,31,282,1
1626568452130,Sat Jul 17 17:34:12 PDT 2021,31,284,1
1626584603042,Sat Jul 17 22:03:23 PDT 2021,31,286,1
1626712845534,Mon Jul 19 09:40:45 PDT 2021,31,288,0
1626716401770,Mon Jul 19 10:40:01 PDT 2021,31,290,1
1626719748212,Mon Jul 19 11:35:48 PDT 2021,31,291,1
1626733960163,Mon Jul 19 15:32:40 PDT 2021,31,292,0
1626737388228,Mon Jul 19 16:29:48 PDT 2021,31,294,-1
1626751800976,Mon Jul 19 20:30:00 PDT 2021,31,295,-1
1626791830397,Tue Jul 20 07:37:10 PDT 2021,31,296,-1
1626798449463,Tue Jul 20 09:27:29 PDT 2021,31,298,-1
1626908757870,Wed Jul 21 16:05:57 PDT 2021,31,299,1
1626965044049,Thu Jul 22 07:44:04 PDT 2021,31,300,1
1626919011597,Wed Jul 21 18:56:51 PDT 2021,31,301,1
1627000994982,Thu Jul 22 17:43:14 PDT 2021,31,302,0
1627002312181,Thu Jul 22 18:05:12 PDT 2021,31,303,-1
1627007689026,Thu Jul 22 19:34:49 PDT 2021,31,304,1
1627008365282,Thu Jul 22 19:46:05 PDT 2021,31,305,1
1627084086152,Fri Jul 23 16:48:06 PDT 2021,31,309,1
1627085060228,Fri Jul 23 17:04:20 PDT 2021,31,310,-1
1627086668156,Fri Jul 23 17:31:08 PDT 2021,31,311,1
1627088143236,Fri Jul 23 17:55:43 PDT 2021,31,312,1
1627099780545,Fri Jul 23 21:09:40 PDT 2021,31,313,1
1627100840695,Fri Jul 23 21:27:20 PDT 2021,31,314,1
1627101952694,Fri Jul 23 21:45:52 PDT 2021,31,315,1
1627162415157,Sat Jul 24 14:33:35 PDT 2021,31,317,0
1627162415490,Sat Jul 24 14:33:35 PDT 2021,31,317,0
1627187151854,Sat Jul 24 21:25:51 PDT 2021,31,318,1
1627191368677,Sat Jul 24 22:36:08 PDT 2021,31,319,1
1627407691201,Tue Jul 27 10:41:31 PDT 2021,31,322,1
1627414949663,Tue Jul 27 12:42:29 PDT 2021,31,325,1
1627698315560,Fri Jul 30 19:25:15 PDT 2021,31,326,1
1627439335456,Tue Jul 27 19:28:55 PDT 2021,31,327,0
1627451157432,Tue Jul 27 22:45:57 PDT 2021,31,328,1
1627451451857,Tue Jul 27 22:50:51 PDT 2021,31,329,1
1627502507176,Wed Jul 28 13:01:47 PDT 2021,31,332,1
1627504128242,Wed Jul 28 13:28:48 PDT 2021,31,335,1
1627504599129,Wed Jul 28 13:36:39 PDT 2021,31,336,0
1627505134689,Wed Jul 28 13:45:34 PDT 2021,31,337,1
1627505835253,Wed Jul 28 13:57:15 PDT 2021,31,339,1
1627506651273,Wed Jul 28 14:10:51 PDT 2021,31,341,1
1627506799943,Wed Jul 28 14:13:19 PDT 2021,31,342,1
1627508712845,Wed Jul 28 14:45:12 PDT 2021,31,343,1
1627508616568,Wed Jul 28 14:43:36 PDT 2021,31,344,-1
1627509925271,Wed Jul 28 15:05:25 PDT 2021,31,346,1
1627515137072,Wed Jul 28 16:32:17 PDT 2021,31,348,1
1627520215592,Wed Jul 28 17:56:55 PDT 2021,31,353,1
1627522252664,Wed Jul 28 18:30:52 PDT 2021,31,356,1
1627529086731,Wed Jul 28 20:24:46 PDT 2021,31,357,1
1627531656453,Wed Jul 28 21:07:36 PDT 2021,31,358,1
1627532182205,Wed Jul 28 21:16:22 PDT 2021,31,359,1
1627536066162,Wed Jul 28 22:21:06 PDT 2021,31,361,1
1627544054996,Thu Jul 29 00:34:14 PDT 2021,31,364,0
1627573371436,Thu Jul 29 08:42:51 PDT 2021,31,366,-1
1627578783742,Thu Jul 29 10:13:03 PDT 2021,31,368,1
1627587019479,Thu Jul 29 12:30:19 PDT 2021,31,373,1
1627608105204,Thu Jul 29 18:21:45 PDT 2021,31,376,0
1627613634046,Thu Jul 29 19:53:54 PDT 2021,31,378,1
1627655033082,Fri Jul 30 07:23:53 PDT 2021,31,380,1
1627655820158,Fri Jul 30 07:37:00 PDT 2021,31,381,0
1627664124352,Fri Jul 30 09:55:24 PDT 2021,31,382,1
1627667094181,Fri Jul 30 10:44:54 PDT 2021,31,384,1
1627675285409,Fri Jul 30 13:01:25 PDT 2021,31,386,0
1627680084636,Fri Jul 30 14:21:24 PDT 2021,31,388,1
1627681524095,Fri Jul 30 14:45:24 PDT 2021,31,389,1
1627683991715,Fri Jul 30 15:26:31 PDT 2021,31,391,1
1627685353070,Fri Jul 30 15:49:13 PDT 2021,31,393,-1
1627685999793,Fri Jul 30 15:59:59 PDT 2021,31,394,1
1627690254880,Fri Jul 30 17:10:54 PDT 2021,31,395,1
1627703000264,Fri Jul 30 20:43:20 PDT 2021,31,396,1
1627757035131,Sat Jul 31 11:43:55 PDT 2021,31,399,1
1627769934601,Sat Jul 31 15:18:54 PDT 2021,31,401,1
1627771762571,Sat Jul 31 15:49:22 PDT 2021,31,402,1
1627776048436,Sat Jul 31 17:00:48 PDT 2021,31,403,0
1627837607029,Sun Aug 01 10:06:47 PDT 2021,31,404,1
1624995168562,Tue Jun 29 12:32:48 PDT 2021,32,0,-1
1624917545575,Mon Jun 28 14:59:05 PDT 2021,32,1,1
1624924590156,Mon Jun 28 16:56:30 PDT 2021,32,2,1
1624978178211,Tue Jun 29 07:49:38 PDT 2021,32,3,0
1624979954527,Tue Jun 29 08:19:14 PDT 2021,32,5,1
1624980939672,Tue Jun 29 08:35:39 PDT 2021,32,6,0
1624983174169,Tue Jun 29 09:12:54 PDT 2021,32,7,0
1624995125036,Tue Jun 29 12:32:05 PDT 2021,32,8,0
1624995821257,Tue Jun 29 12:43:41 PDT 2021,32,9,0
1624997101034,Tue Jun 29 13:05:01 PDT 2021,32,10,1
1624999623914,Tue Jun 29 13:47:03 PDT 2021,32,11,0
1625000420885,Tue Jun 29 14:00:20 PDT 2021,32,12,1
1625000432791,Tue Jun 29 14:00:32 PDT 2021,32,13,1
1625002195462,Tue Jun 29 14:29:55 PDT 2021,32,14,1
1625003376051,Tue Jun 29 14:49:36 PDT 2021,32,15,1
1625004370112,Tue Jun 29 15:06:10 PDT 2021,32,16,1
1625007414242,Tue Jun 29 15:56:54 PDT 2021,32,17,1
1625007359471,Tue Jun 29 15:55:59 PDT 2021,32,18,1
1625008310558,Tue Jun 29 16:11:50 PDT 2021,32,19,1
1625008638979,Tue Jun 29 16:17:18 PDT 2021,32,21,1
1625009211260,Tue Jun 29 16:26:51 PDT 2021,32,22,0
1625019738760,Tue Jun 29 19:22:18 PDT 2021,32,24,0
1625019868923,Tue Jun 29 19:24:28 PDT 2021,32,25,1
1625020177460,Tue Jun 29 19:29:37 PDT 2021,32,26,0
1625022145754,Tue Jun 29 20:02:25 PDT 2021,32,27,-1
1625055389635,Wed Jun 30 05:16:29 PDT 2021,32,28,0
1625058159770,Wed Jun 30 06:02:39 PDT 2021,32,30,0
1625064702851,Wed Jun 30 07:51:42 PDT 2021,32,33,1
1625066534218,Wed Jun 30 08:22:14 PDT 2021,32,34,-1
1625068390443,Wed Jun 30 08:53:10 PDT 2021,32,35,0
1625069476758,Wed Jun 30 09:11:16 PDT 2021,32,36,-1
1625071959430,Wed Jun 30 09:52:39 PDT 2021,32,37,1
1625072224014,Wed Jun 30 09:57:04 PDT 2021,32,38,0
1625082443857,Wed Jun 30 12:47:23 PDT 2021,32,40,0
1625099128151,Wed Jun 30 17:25:28 PDT 2021,32,41,1
1625086655988,Wed Jun 30 13:57:35 PDT 2021,32,42,-1
1625090134318,Wed Jun 30 14:55:34 PDT 2021,32,43,1
1625093128014,Wed Jun 30 15:45:28 PDT 2021,32,45,1
1625095293968,Wed Jun 30 16:21:33 PDT 2021,32,46,1
1625095121104,Wed Jun 30 16:18:41 PDT 2021,32,47,1
1625095868144,Wed Jun 30 16:31:08 PDT 2021,32,48,1
1625099104532,Wed Jun 30 17:25:04 PDT 2021,32,50,1
1625101210942,Wed Jun 30 18:00:10 PDT 2021,32,52,1
1625101670180,Wed Jun 30 18:07:50 PDT 2021,32,53,1
1625101736015,Wed Jun 30 18:08:56 PDT 2021,32,54,0
1625107988959,Wed Jun 30 19:53:08 PDT 2021,32,55,1
1625112184415,Wed Jun 30 21:03:04 PDT 2021,32,56,0
1625116166539,Wed Jun 30 22:09:26 PDT 2021,32,57,-1
1625118139600,Wed Jun 30 22:42:19 PDT 2021,32,59,-1
1625150320276,Thu Jul 01 07:38:40 PDT 2021,32,61,1
1625151357395,Thu Jul 01 07:55:57 PDT 2021,32,62,1
1625154309303,Thu Jul 01 08:45:09 PDT 2021,32,63,0
1625155976468,Thu Jul 01 09:12:56 PDT 2021,32,64,1
1625158032429,Thu Jul 01 09:47:12 PDT 2021,32,65,0
1625410286644,Sun Jul 04 07:51:26 PDT 2021,32,66,1
1625159810327,Thu Jul 01 10:16:50 PDT 2021,32,68,1
1625160030055,Thu Jul 01 10:20:30 PDT 2021,32,69,1
1625160089302,Thu Jul 01 10:21:29 PDT 2021,32,70,1
1625162642790,Thu Jul 01 11:04:02 PDT 2021,32,71,1
1625163223125,Thu Jul 01 11:13:43 PDT 2021,32,73,1
1625163740002,Thu Jul 01 11:22:20 PDT 2021,32,74,0
1625163963557,Thu Jul 01 11:26:03 PDT 2021,32,82,1
1625164130648,Thu Jul 01 11:28:50 PDT 2021,32,83,1
1625164982636,Thu Jul 01 11:43:02 PDT 2021,32,85,1
1625165583771,Thu Jul 01 11:53:03 PDT 2021,32,86,1
1625168619415,Thu Jul 01 12:43:39 PDT 2021,32,92,-1
1625173909185,Thu Jul 01 14:11:49 PDT 2021,32,93,1
1625174807059,Thu Jul 01 14:26:47 PDT 2021,32,94,-1
1625179668541,Thu Jul 01 15:47:48 PDT 2021,32,95,1
1625182879315,Thu Jul 01 16:41:19 PDT 2021,32,96,1
1626133746577,Mon Jul 12 16:49:06 PDT 2021,32,98,1
1625190158312,Thu Jul 01 18:42:38 PDT 2021,32,100,1
1625191139404,Thu Jul 01 18:58:59 PDT 2021,32,101,1
1625199958879,Thu Jul 01 21:25:58 PDT 2021,32,102,-1
1625238077509,Fri Jul 02 08:01:17 PDT 2021,32,103,1
1625241846549,Fri Jul 02 09:04:06 PDT 2021,32,104,1
1625241927204,Fri Jul 02 09:05:27 PDT 2021,32,106,0
1625246391359,Fri Jul 02 10:19:51 PDT 2021,32,107,1
1625251772205,Fri Jul 02 11:49:32 PDT 2021,32,108,0
1625265342395,Fri Jul 02 15:35:42 PDT 2021,32,110,1
1625266544146,Fri Jul 02 15:55:44 PDT 2021,32,111,1
1625274060972,Fri Jul 02 18:01:00 PDT 2021,32,112,1
1625281849018,Fri Jul 02 20:10:49 PDT 2021,32,113,0
1625329367772,Sat Jul 03 09:22:47 PDT 2021,32,118,0
1625333364456,Sat Jul 03 10:29:24 PDT 2021,32,119,1
1625364885724,Sat Jul 03 19:14:45 PDT 2021,32,121,-1
1625365233959,Sat Jul 03 19:20:33 PDT 2021,32,122,1
1625365668672,Sat Jul 03 19:27:48 PDT 2021,32,123,1
1625375501385,Sat Jul 03 22:11:41 PDT 2021,32,124,-1
1625384158804,Sun Jul 04 00:35:58 PDT 2021,32,125,1
1625410165492,Sun Jul 04 07:49:25 PDT 2021,32,126,1
1625414363035,Sun Jul 04 08:59:23 PDT 2021,32,127,0
1625424731530,Sun Jul 04 11:52:11 PDT 2021,32,131,1
1625429030061,Sun Jul 04 13:03:50 PDT 2021,32,132,0
1625435743504,Sun Jul 04 14:55:43 PDT 2021,32,135,0
1625436487226,Sun Jul 04 15:08:07 PDT 2021,32,136,-1
1625437006664,Sun Jul 04 15:16:46 PDT 2021,32,137,1
1625452000338,Sun Jul 04 19:26:40 PDT 2021,32,141,1
1625461837209,Sun Jul 04 22:10:37 PDT 2021,32,145,0
1625496352239,Mon Jul 05 07:45:52 PDT 2021,32,147,1
1625528641020,Mon Jul 05 16:44:01 PDT 2021,32,148,0
1625593767014,Tue Jul 06 10:49:27 PDT 2021,32,151,1
1625597527176,Tue Jul 06 11:52:07 PDT 2021,32,152,0
1625613359890,Tue Jul 06 16:15:59 PDT 2021,32,153,1
1625611363132,Tue Jul 06 15:42:43 PDT 2021,32,155,1
1625627221099,Tue Jul 06 20:07:01 PDT 2021,32,156,-1
1625635823154,Tue Jul 06 22:30:23 PDT 2021,32,157,-1
1625672301608,Wed Jul 07 08:38:21 PDT 2021,32,159,1
1625672792909,Wed Jul 07 08:46:32 PDT 2021,32,160,0
1625674569393,Wed Jul 07 09:16:09 PDT 2021,32,161,0
1625674934385,Wed Jul 07 09:22:14 PDT 2021,32,162,0
1625676382128,Wed Jul 07 09:46:22 PDT 2021,32,163,1
1625676931934,Wed Jul 07 09:55:31 PDT 2021,32,164,0
1625677395034,Wed Jul 07 10:03:15 PDT 2021,32,165,1
1625677674669,Wed Jul 07 10:07:54 PDT 2021,32,166,1
1625686283960,Wed Jul 07 12:31:23 PDT 2021,32,170,1
1625693139579,Wed Jul 07 14:25:39 PDT 2021,32,173,1
1625693937401,Wed Jul 07 14:38:57 PDT 2021,32,174,1
1625695335842,Wed Jul 07 15:02:15 PDT 2021,32,178,0
1625696365828,Wed Jul 07 15:19:25 PDT 2021,32,180,1
1625696411352,Wed Jul 07 15:20:11 PDT 2021,32,181,0
1625697259203,Wed Jul 07 15:34:19 PDT 2021,32,182,0
1625697813786,Wed Jul 07 15:43:33 PDT 2021,32,183,0
1625699905595,Wed Jul 07 16:18:25 PDT 2021,32,184,1
1625699784262,Wed Jul 07 16:16:24 PDT 2021,32,186,1
1625700226212,Wed Jul 07 16:23:46 PDT 2021,32,187,0
1625700479057,Wed Jul 07 16:27:59 PDT 2021,32,188,1
1625702829158,Wed Jul 07 17:07:09 PDT 2021,32,189,1
1625707448240,Wed Jul 07 18:24:08 PDT 2021,32,191,1
1625709951520,Wed Jul 07 19:05:51 PDT 2021,32,193,1
1625710604083,Wed Jul 07 19:16:44 PDT 2021,32,194,1
1625722789213,Wed Jul 07 22:39:49 PDT 2021,32,196,-1
1625752828981,Thu Jul 08 07:00:28 PDT 2021,32,197,0
1625755674333,Thu Jul 08 07:47:54 PDT 2021,32,198,1
1625759361413,Thu Jul 08 08:49:21 PDT 2021,32,199,1
1625762690471,Thu Jul 08 09:44:50 PDT 2021,32,201,1
1625763356771,Thu Jul 08 09:55:56 PDT 2021,32,203,1
1625770685045,Thu Jul 08 11:58:05 PDT 2021,32,205,-1
1625772376558,Thu Jul 08 12:26:16 PDT 2021,32,206,-1
1625782159903,Thu Jul 08 15:09:19 PDT 2021,32,207,1
1625784305608,Thu Jul 08 15:45:05 PDT 2021,32,208,1
1625786369350,Thu Jul 08 16:19:29 PDT 2021,32,209,1
1625788795632,Thu Jul 08 16:59:55 PDT 2021,32,210,1
1625796413919,Thu Jul 08 19:06:53 PDT 2021,32,212,1
1625845063957,Fri Jul 09 08:37:43 PDT 2021,32,215,1
1625853078535,Fri Jul 09 10:51:18 PDT 2021,32,216,0
1625855722127,Fri Jul 09 11:35:22 PDT 2021,32,217,1
1625863984610,Fri Jul 09 13:53:04 PDT 2021,32,218,1
1625868470967,Fri Jul 09 15:07:50 PDT 2021,32,219,0
1625921076964,Sat Jul 10 05:44:36 PDT 2021,32,223,1
1625921863434,Sat Jul 10 05:57:43 PDT 2021,32,224,1
1625929277791,Sat Jul 10 08:01:17 PDT 2021,32,226,1
1625932824802,Sat Jul 10 09:00:24 PDT 2021,32,227,0
1625961448469,Sat Jul 10 16:57:28 PDT 2021,32,231,1
1625964835370,Sat Jul 10 17:53:55 PDT 2021,32,232,1
1625971794967,Sat Jul 10 19:49:54 PDT 2021,32,233,0
1625982458850,Sat Jul 10 22:47:38 PDT 2021,32,234,1
1626012418342,Sun Jul 11 07:06:58 PDT 2021,32,236,1
1626014950425,Sun Jul 11 07:49:10 PDT 2021,32,237,1
1626015303190,Sun Jul 11 07:55:03 PDT 2021,32,238,1
1626016592219,Sun Jul 11 08:16:32 PDT 2021,32,239,1
1626027253065,Sun Jul 11 11:14:13 PDT 2021,32,240,-1
1626031313599,Sun Jul 11 12:21:53 PDT 2021,32,241,1
1626033681758,Sun Jul 11 13:01:21 PDT 2021,32,243,0
1626062794779,Sun Jul 11 21:06:34 PDT 2021,32,248,1
1626097143601,Mon Jul 12 06:39:03 PDT 2021,32,249,0
1626097444776,Mon Jul 12 06:44:04 PDT 2021,32,250,1
1626100697104,Mon Jul 12 07:38:17 PDT 2021,32,251,1
1626160205974,Tue Jul 13 00:10:05 PDT 2021,32,255,1
1626184659724,Tue Jul 13 06:57:39 PDT 2021,32,256,-1
1626641268342,Sun Jul 18 13:47:48 PDT 2021,32,258,1
1626214234759,Tue Jul 13 15:10:34 PDT 2021,32,260,-1
1626215441089,Tue Jul 13 15:30:41 PDT 2021,32,261,-1
1626221041259,Tue Jul 13 17:04:01 PDT 2021,32,263,1
1626235460411,Tue Jul 13 21:04:20 PDT 2021,32,265,1
1626384064271,Thu Jul 15 14:21:04 PDT 2021,32,267,1
1626360760306,Thu Jul 15 07:52:40 PDT 2021,32,269,0
1626385654092,Thu Jul 15 14:47:34 PDT 2021,32,271,1
1626455457098,Fri Jul 16 10:10:57 PDT 2021,32,274,1
1626471279580,Fri Jul 16 14:34:39 PDT 2021,32,275,1
1626493115403,Fri Jul 16 20:38:35 PDT 2021,32,276,0
1626540979528,Sat Jul 17 09:56:19 PDT 2021,32,278,1
1626540605136,Sat Jul 17 09:50:05 PDT 2021,32,279,1
1626545090272,Sat Jul 17 11:04:50 PDT 2021,32,280,-1
1626552471639,Sat Jul 17 13:07:51 PDT 2021,32,281,1
1626553467133,Sat Jul 17 13:24:27 PDT 2021,32,282,0
1626568020718,Sat Jul 17 17:27:00 PDT 2021,32,284,1
1626578185106,Sat Jul 17 20:16:25 PDT 2021,32,285,0
1626584780870,Sat Jul 17 22:06:20 PDT 2021,32,286,-1
1626713163275,Mon Jul 19 09:46:03 PDT 2021,32,288,1
1626716451149,Mon Jul 19 10:40:51 PDT 2021,32,290,-1
1626720124295,Mon Jul 19 11:42:04 PDT 2021,32,291,1
1626734018129,Mon Jul 19 15:33:38 PDT 2021,32,292,1
1626737342938,Mon Jul 19 16:29:02 PDT 2021,32,294,1
1626751792821,Mon Jul 19 20:29:52 PDT 2021,32,295,1
1626792396789,Tue Jul 20 07:46:36 PDT 2021,32,296,1
1626798801555,Tue Jul 20 09:33:21 PDT 2021,32,298,1
1626909395215,Wed Jul 21 16:16:35 PDT 2021,32,299,1
1626965204899,Thu Jul 22 07:46:44 PDT 2021,32,300,0
1626919202881,Wed Jul 21 19:00:02 PDT 2021,32,301,0
1627001035672,Thu Jul 22 17:43:55 PDT 2021,32,302,1
1627002484393,Thu Jul 22 18:08:04 PDT 2021,32,303,1
1627008927235,Thu Jul 22 19:55:27 PDT 2021,32,305,1
1627082517104,Fri Jul 23 16:21:57 PDT 2021,32,308,-1
1627084224964,Fri Jul 23 16:50:24 PDT 2021,32,309,-1
1627085164861,Fri Jul 23 17:06:04 PDT 2021,32,310,-1
1627086459729,Fri Jul 23 17:27:39 PDT 2021,32,311,-1
1627087857331,Fri Jul 23 17:50:57 PDT 2021,32,312,-1
1627099610147,Fri Jul 23 21:06:50 PDT 2021,32,313,-1
1627100867311,Fri Jul 23 21:27:47 PDT 2021,32,314,-1
1627101547270,Fri Jul 23 21:39:07 PDT 2021,32,315,-1
1627162679695,Sat Jul 24 14:37:59 PDT 2021,32,317,1
1627187074095,Sat Jul 24 21:24:34 PDT 2021,32,318,1
1627191317963,Sat Jul 24 22:35:17 PDT 2021,32,319,0
1627407346716,Tue Jul 27 10:35:46 PDT 2021,32,322,1
1627415026807,Tue Jul 27 12:43:46 PDT 2021,32,325,-1
1627425746094,Tue Jul 27 15:42:26 PDT 2021,32,326,0
1627439589928,Tue Jul 27 19:33:09 PDT 2021,32,327,-1
1627451261230,Tue Jul 27 22:47:41 PDT 2021,32,328,-1
1627451417207,Tue Jul 27 22:50:17 PDT 2021,32,329,-1
1627502497620,Wed Jul 28 13:01:37 PDT 2021,32,332,-1
1627503144149,Wed Jul 28 13:12:24 PDT 2021,32,334,-1
1627504133397,Wed Jul 28 13:28:53 PDT 2021,32,335,0
1627505144205,Wed Jul 28 13:45:44 PDT 2021,32,337,-1
1627505743411,Wed Jul 28 13:55:43 PDT 2021,32,339,-1
1627506733887,Wed Jul 28 14:12:13 PDT 2021,32,341,-1
1627506929258,Wed Jul 28 14:15:29 PDT 2021,32,342,1
1627508497947,Wed Jul 28 14:41:37 PDT 2021,32,343,-1
1627509189356,Wed Jul 28 14:53:09 PDT 2021,32,345,0
1627515252519,Wed Jul 28 16:34:12 PDT 2021,32,348,0
1627515164543,Wed Jul 28 16:32:44 PDT 2021,32,349,0
1627522327721,Wed Jul 28 18:32:07 PDT 2021,32,353,-1
1627521961369,Wed Jul 28 18:26:01 PDT 2021,32,356,1
1627529885320,Wed Jul 28 20:38:05 PDT 2021,32,357,1
1627532090169,Wed Jul 28 21:14:50 PDT 2021,32,358,-1
1627535845417,Wed Jul 28 22:17:25 PDT 2021,32,361,0
1627543596033,Thu Jul 29 00:26:36 PDT 2021,32,364,1
1627573550071,Thu Jul 29 08:45:50 PDT 2021,32,366,-1
1627579072408,Thu Jul 29 10:17:52 PDT 2021,32,368,1
1627577926607,Thu Jul 29 09:58:46 PDT 2021,32,369,-1
1627585190219,Thu Jul 29 11:59:50 PDT 2021,32,372,1
1627587331248,Thu Jul 29 12:35:31 PDT 2021,32,373,1
1627593561186,Thu Jul 29 14:19:21 PDT 2021,32,374,-1
1627607673072,Thu Jul 29 18:14:33 PDT 2021,32,376,0
1627613960235,Thu Jul 29 19:59:20 PDT 2021,32,378,0
1627617985993,Thu Jul 29 21:06:25 PDT 2021,32,379,-1
1627655407375,Fri Jul 30 07:30:07 PDT 2021,32,380,0
1627663664189,Fri Jul 30 09:47:44 PDT 2021,32,382,1
1627667533543,Fri Jul 30 10:52:13 PDT 2021,32,384,0
1627673675337,Fri Jul 30 12:34:35 PDT 2021,32,385,-1
1627675289373,Fri Jul 30 13:01:29 PDT 2021,32,386,1
1627680181176,Fri Jul 30 14:23:01 PDT 2021,32,388,1
1627681247454,Fri Jul 30 14:40:47 PDT 2021,32,389,1
1627684308804,Fri Jul 30 15:31:48 PDT 2021,32,391,-1
1627685384314,Fri Jul 30 15:49:44 PDT 2021,32,393,0
1627686020666,Fri Jul 30 16:00:20 PDT 2021,32,394,-1
1627702930991,Fri Jul 30 20:42:10 PDT 2021,32,396,1
1627752610843,Sat Jul 31 10:30:10 PDT 2021,32,398,-1
1627756931802,Sat Jul 31 11:42:11 PDT 2021,32,399,1
1627770110081,Sat Jul 31 15:21:50 PDT 2021,32,401,1
1627771753762,Sat Jul 31 15:49:13 PDT 2021,32,402,1
1627775801515,Sat Jul 31 16:56:41 PDT 2021,32,403,1
1627837559822,Sun Aug 01 10:05:59 PDT 2021,32,404,1
1624994682230,Tue Jun 29 12:24:42 PDT 2021,33,0,1
1624917577862,Mon Jun 28 14:59:37 PDT 2021,33,1,-1
1624924474789,Mon Jun 28 16:54:34 PDT 2021,33,2,0
1624978274097,Tue Jun 29 07:51:14 PDT 2021,33,3,-1
1624980297948,Tue Jun 29 08:24:57 PDT 2021,33,5,1
1624980994106,Tue Jun 29 08:36:34 PDT 2021,33,6,-1
1624983076182,Tue Jun 29 09:11:16 PDT 2021,33,7,0
1624995251534,Tue Jun 29 12:34:11 PDT 2021,33,8,1
1624995702975,Tue Jun 29 12:41:42 PDT 2021,33,9,0
1624997045806,Tue Jun 29 13:04:05 PDT 2021,33,10,1
1624999242682,Tue Jun 29 13:40:42 PDT 2021,33,11,0
1625000402724,Tue Jun 29 14:00:02 PDT 2021,33,12,0
1625000325396,Tue Jun 29 13:58:45 PDT 2021,33,13,-1
1625002262411,Tue Jun 29 14:31:02 PDT 2021,33,14,-1
1625003464279,Tue Jun 29 14:51:04 PDT 2021,33,15,-1
1625004119555,Tue Jun 29 15:01:59 PDT 2021,33,16,-1
1625007217380,Tue Jun 29 15:53:37 PDT 2021,33,17,0
1625007313267,Tue Jun 29 15:55:13 PDT 2021,33,18,-1
1625008350917,Tue Jun 29 16:12:30 PDT 2021,33,19,-1
1625008351171,Tue Jun 29 16:12:31 PDT 2021,33,19,-1
1625008814274,Tue Jun 29 16:20:14 PDT 2021,33,21,-1
1625009148608,Tue Jun 29 16:25:48 PDT 2021,33,22,0
1625019828298,Tue Jun 29 19:23:48 PDT 2021,33,24,-1
1625019945545,Tue Jun 29 19:25:45 PDT 2021,33,25,0
1625020150042,Tue Jun 29 19:29:10 PDT 2021,33,26,1
1625022095040,Tue Jun 29 20:01:35 PDT 2021,33,27,1
1625055654945,Wed Jun 30 05:20:54 PDT 2021,33,28,1
1625057802897,Wed Jun 30 05:56:42 PDT 2021,33,30,-1
1625064609847,Wed Jun 30 07:50:09 PDT 2021,33,33,0
1625066521492,Wed Jun 30 08:22:01 PDT 2021,33,34,1
1625068716829,Wed Jun 30 08:58:36 PDT 2021,33,35,-1
1625069419230,Wed Jun 30 09:10:19 PDT 2021,33,36,1
1625071898542,Wed Jun 30 09:51:38 PDT 2021,33,37,0
1625071974379,Wed Jun 30 09:52:54 PDT 2021,33,38,0
1625082473777,Wed Jun 30 12:47:53 PDT 2021,33,40,0
1625099559583,Wed Jun 30 17:32:39 PDT 2021,33,41,0
1625086245317,Wed Jun 30 13:50:45 PDT 2021,33,42,1
1625090060961,Wed Jun 30 14:54:20 PDT 2021,33,43,0
1625093001956,Wed Jun 30 15:43:21 PDT 2021,33,45,1
1625095376115,Wed Jun 30 16:22:56 PDT 2021,33,46,-1
1625095282682,Wed Jun 30 16:21:22 PDT 2021,33,47,0
1625096023391,Wed Jun 30 16:33:43 PDT 2021,33,48,-1
1625099463802,Wed Jun 30 17:31:03 PDT 2021,33,50,0
1625100923398,Wed Jun 30 17:55:23 PDT 2021,33,51,1
1625102931144,Wed Jun 30 18:28:51 PDT 2021,33,52,-1
1625101782572,Wed Jun 30 18:09:42 PDT 2021,33,53,-1
1625101647726,Wed Jun 30 18:07:27 PDT 2021,33,54,1
1625108038752,Wed Jun 30 19:53:58 PDT 2021,33,55,-1
1625116441740,Wed Jun 30 22:14:01 PDT 2021,33,57,1
1625117293475,Wed Jun 30 22:28:13 PDT 2021,33,58,-1
1625117873402,Wed Jun 30 22:37:53 PDT 2021,33,59,1
1625150566068,Thu Jul 01 07:42:46 PDT 2021,33,61,0
1625151192915,Thu Jul 01 07:53:12 PDT 2021,33,62,-1
1625153425938,Thu Jul 01 08:30:25 PDT 2021,33,63,0
1625155867343,Thu Jul 01 09:11:07 PDT 2021,33,64,1
1625158247610,Thu Jul 01 09:50:47 PDT 2021,33,65,0
1625410499441,Sun Jul 04 07:54:59 PDT 2021,33,66,-1
1625159604188,Thu Jul 01 10:13:24 PDT 2021,33,68,-1
1625159962357,Thu Jul 01 10:19:22 PDT 2021,33,69,-1
1625167989004,Thu Jul 01 12:33:09 PDT 2021,33,70,0
1625161875456,Thu Jul 01 10:51:15 PDT 2021,33,71,-1
1625163530043,Thu Jul 01 11:18:50 PDT 2021,33,73,-1
1625164895745,Thu Jul 01 11:41:35 PDT 2021,33,74,0
1625164245480,Thu Jul 01 11:30:45 PDT 2021,33,83,-1
1625165066712,Thu Jul 01 11:44:26 PDT 2021,33,85,-1
1625165326912,Thu Jul 01 11:48:46 PDT 2021,33,86,-1
1625168318551,Thu Jul 01 12:38:38 PDT 2021,33,92,1
1625173915031,Thu Jul 01 14:11:55 PDT 2021,33,93,-1
1625174697830,Thu Jul 01 14:24:57 PDT 2021,33,94,1
1625175182672,Thu Jul 01 14:33:02 PDT 2021,33,95,0
1625183201581,Thu Jul 01 16:46:41 PDT 2021,33,96,-1
1626133803066,Mon Jul 12 16:50:03 PDT 2021,33,98,0
1625190797075,Thu Jul 01 18:53:17 PDT 2021,33,100,-1
1625191222489,Thu Jul 01 19:00:22 PDT 2021,33,101,-1
1625199699659,Thu Jul 01 21:21:39 PDT 2021,33,102,1
1625238059303,Fri Jul 02 08:00:59 PDT 2021,33,103,-1
1625241184624,Fri Jul 02 08:53:04 PDT 2021,33,104,-1
1625242074058,Fri Jul 02 09:07:54 PDT 2021,33,106,-1
1625246257203,Fri Jul 02 10:17:37 PDT 2021,33,107,0
1625266482124,Fri Jul 02 15:54:42 PDT 2021,33,111,-1
1625275250712,Fri Jul 02 18:20:50 PDT 2021,33,112,-1
1625295621950,Sat Jul 03 00:00:21 PDT 2021,33,115,0
1625320370135,Sat Jul 03 06:52:50 PDT 2021,33,116,0
1625329028215,Sat Jul 03 09:17:08 PDT 2021,33,118,-1
1625334091146,Sat Jul 03 10:41:31 PDT 2021,33,119,-1
1625362015113,Sat Jul 03 18:26:55 PDT 2021,33,120,1
1625364927961,Sat Jul 03 19:15:27 PDT 2021,33,121,1
1625365557325,Sat Jul 03 19:25:57 PDT 2021,33,122,-1
1625366192605,Sat Jul 03 19:36:32 PDT 2021,33,123,1
1625375965612,Sat Jul 03 22:19:25 PDT 2021,33,124,0
1625384626489,Sun Jul 04 00:43:46 PDT 2021,33,125,0
1625410458342,Sun Jul 04 07:54:18 PDT 2021,33,126,0
1625414629833,Sun Jul 04 09:03:49 PDT 2021,33,127,1
1625424965002,Sun Jul 04 11:56:05 PDT 2021,33,131,1
1625428990807,Sun Jul 04 13:03:10 PDT 2021,33,132,0
1625435908370,Sun Jul 04 14:58:28 PDT 2021,33,135,0
1625436716928,Sun Jul 04 15:11:56 PDT 2021,33,136,-1
1625436940771,Sun Jul 04 15:15:40 PDT 2021,33,137,1
1625452024490,Sun Jul 04 19:27:04 PDT 2021,33,141,-1
1625454788056,Sun Jul 04 20:13:08 PDT 2021,33,142,0
1625462912677,Sun Jul 04 22:28:32 PDT 2021,33,145,1
1625496628709,Mon Jul 05 07:50:28 PDT 2021,33,147,0
1625593947894,Tue Jul 06 10:52:27 PDT 2021,33,151,-1
1625602531545,Tue Jul 06 13:15:31 PDT 2021,33,152,0
1625613435411,Tue Jul 06 16:17:15 PDT 2021,33,153,-1
1625611472972,Tue Jul 06 15:44:32 PDT 2021,33,155,-1
1625627577599,Tue Jul 06 20:12:57 PDT 2021,33,156,1
1625635728585,Tue Jul 06 22:28:48 PDT 2021,33,157,1
1625673035842,Wed Jul 07 08:50:35 PDT 2021,33,160,0
1625674846057,Wed Jul 07 09:20:46 PDT 2021,33,161,0
1625675262551,Wed Jul 07 09:27:42 PDT 2021,33,162,1
1625676530888,Wed Jul 07 09:48:50 PDT 2021,33,163,-1
1625678577652,Wed Jul 07 10:22:57 PDT 2021,33,166,0
1625693663223,Wed Jul 07 14:34:23 PDT 2021,33,173,0
1625693842151,Wed Jul 07 14:37:22 PDT 2021,33,174,-1
1625695483049,Wed Jul 07 15:04:43 PDT 2021,33,178,0
1625696710212,Wed Jul 07 15:25:10 PDT 2021,33,181,-1
1625697124401,Wed Jul 07 15:32:04 PDT 2021,33,182,1
1625698463654,Wed Jul 07 15:54:23 PDT 2021,33,183,0
1625699882925,Wed Jul 07 16:18:02 PDT 2021,33,186,0
1625700837239,Wed Jul 07 16:33:57 PDT 2021,33,187,0
1625700788416,Wed Jul 07 16:33:08 PDT 2021,33,188,1
1625702838391,Wed Jul 07 17:07:18 PDT 2021,33,189,-1
1625710577851,Wed Jul 07 19:16:17 PDT 2021,33,191,0
1625710449202,Wed Jul 07 19:14:09 PDT 2021,33,193,0
1625710384349,Wed Jul 07 19:13:04 PDT 2021,33,194,-1
1625722665385,Wed Jul 07 22:37:45 PDT 2021,33,196,1
1625772753579,Thu Jul 08 12:32:33 PDT 2021,33,198,-1
1625759227982,Thu Jul 08 08:47:07 PDT 2021,33,199,0
1625762911388,Thu Jul 08 09:48:31 PDT 2021,33,201,1
1625763328923,Thu Jul 08 09:55:28 PDT 2021,33,203,1
1625770591363,Thu Jul 08 11:56:31 PDT 2021,33,205,1
1625781861093,Thu Jul 08 15:04:21 PDT 2021,33,207,0
1625783782202,Thu Jul 08 15:36:22 PDT 2021,33,208,-1
1625786683409,Thu Jul 08 16:24:43 PDT 2021,33,209,-1
1625789797008,Thu Jul 08 17:16:37 PDT 2021,33,210,1
1625842279961,Fri Jul 09 07:51:19 PDT 2021,33,214,-1
1625844600522,Fri Jul 09 08:30:00 PDT 2021,33,215,-1
1625855183114,Fri Jul 09 11:26:23 PDT 2021,33,217,-1
1625863406941,Fri Jul 09 13:43:26 PDT 2021,33,218,1
1625868019163,Fri Jul 09 15:00:19 PDT 2021,33,219,0
1625921349225,Sat Jul 10 05:49:09 PDT 2021,33,223,0
1625922072822,Sat Jul 10 06:01:12 PDT 2021,33,224,-1
1625929073770,Sat Jul 10 07:57:53 PDT 2021,33,226,-1
1625939431842,Sat Jul 10 10:50:31 PDT 2021,33,228,1
1625965778756,Sat Jul 10 18:09:38 PDT 2021,33,232,-1
1625982196471,Sat Jul 10 22:43:16 PDT 2021,33,234,-1
1626011668810,Sun Jul 11 06:54:28 PDT 2021,33,236,-1
1626015540570,Sun Jul 11 07:59:00 PDT 2021,33,237,-1
1626015788493,Sun Jul 11 08:03:08 PDT 2021,33,238,-1
1626018396997,Sun Jul 11 08:46:36 PDT 2021,33,239,1
1626027465602,Sun Jul 11 11:17:45 PDT 2021,33,240,-1
1626031337141,Sun Jul 11 12:22:17 PDT 2021,33,241,0
1626033876964,Sun Jul 11 13:04:36 PDT 2021,33,243,0
1626063299845,Sun Jul 11 21:14:59 PDT 2021,33,248,-1
1626097059928,Mon Jul 12 06:37:39 PDT 2021,33,250,-1
1626100760939,Mon Jul 12 07:39:20 PDT 2021,33,251,1
1626160388652,Tue Jul 13 00:13:08 PDT 2021,33,255,0
1626184452120,Tue Jul 13 06:54:12 PDT 2021,33,256,1
1627140915921,Sat Jul 24 08:35:15 PDT 2021,33,258,0
1626214205494,Tue Jul 13 15:10:05 PDT 2021,33,260,-1
1626215355382,Tue Jul 13 15:29:15 PDT 2021,33,261,1
1626235240041,Tue Jul 13 21:00:40 PDT 2021,33,265,-1
1626276085896,Wed Jul 14 08:21:25 PDT 2021,33,266,0
1626384045571,Thu Jul 15 14:20:45 PDT 2021,33,267,0
1626328239298,Wed Jul 14 22:50:39 PDT 2021,33,268,1
1626361103784,Thu Jul 15 07:58:23 PDT 2021,33,269,0
1626385751053,Thu Jul 15 14:49:11 PDT 2021,33,271,0
1626455668129,Fri Jul 16 10:14:28 PDT 2021,33,274,-1
1626471322076,Fri Jul 16 14:35:22 PDT 2021,33,275,-1
1626492619771,Fri Jul 16 20:30:19 PDT 2021,33,276,0
1626540427135,Sat Jul 17 09:47:07 PDT 2021,33,278,-1
1626545807337,Sat Jul 17 11:16:47 PDT 2021,33,280,1
1626552379716,Sat Jul 17 13:06:19 PDT 2021,33,281,-1
1626553688358,Sat Jul 17 13:28:08 PDT 2021,33,282,0
1626568372117,Sat Jul 17 17:32:52 PDT 2021,33,284,1
1626584597017,Sat Jul 17 22:03:17 PDT 2021,33,286,1
1626712974683,Mon Jul 19 09:42:54 PDT 2021,33,288,-1
1626716589303,Mon Jul 19 10:43:09 PDT 2021,33,290,1
1626720480636,Mon Jul 19 11:48:00 PDT 2021,33,291,1
1626737371578,Mon Jul 19 16:29:31 PDT 2021,33,294,-1
1626751807938,Mon Jul 19 20:30:07 PDT 2021,33,295,-1
1626791924404,Tue Jul 20 07:38:44 PDT 2021,33,296,-1
1626799087391,Tue Jul 20 09:38:07 PDT 2021,33,298,-1
1626907956316,Wed Jul 21 15:52:36 PDT 2021,33,299,-1
1626965084557,Thu Jul 22 07:44:44 PDT 2021,33,300,-1
1627001060556,Thu Jul 22 17:44:20 PDT 2021,33,302,1
1627002521069,Thu Jul 22 18:08:41 PDT 2021,33,303,-1
1627008726626,Thu Jul 22 19:52:06 PDT 2021,33,305,-1
1627083878093,Fri Jul 23 16:44:38 PDT 2021,33,309,1
1627085176406,Fri Jul 23 17:06:16 PDT 2021,33,310,1
1627086899142,Fri Jul 23 17:34:59 PDT 2021,33,311,1
1627088275598,Fri Jul 23 17:57:55 PDT 2021,33,312,1
1627099831502,Fri Jul 23 21:10:31 PDT 2021,33,313,1
1627100684635,Fri Jul 23 21:24:44 PDT 2021,33,314,1
1627101453110,Fri Jul 23 21:37:33 PDT 2021,33,315,1
1627162636452,Sat Jul 24 14:37:16 PDT 2021,33,317,0
1627188260980,Sat Jul 24 21:44:20 PDT 2021,33,318,1
1627192090027,Sat Jul 24 22:48:10 PDT 2021,33,319,1
1627407696034,Tue Jul 27 10:41:36 PDT 2021,33,322,1
1627414792380,Tue Jul 27 12:39:52 PDT 2021,33,325,1
1627425703617,Tue Jul 27 15:41:43 PDT 2021,33,326,0
1627451473296,Tue Jul 27 22:51:13 PDT 2021,33,329,1
1627502788442,Wed Jul 28 13:06:28 PDT 2021,33,332,1
1627504250269,Wed Jul 28 13:30:50 PDT 2021,33,334,1
1627504806768,Wed Jul 28 13:40:06 PDT 2021,33,337,1
1627505511662,Wed Jul 28 13:51:51 PDT 2021,33,339,1
1627506097466,Wed Jul 28 14:01:37 PDT 2021,33,340,1
1627506634700,Wed Jul 28 14:10:34 PDT 2021,33,341,1
1627508457998,Wed Jul 28 14:40:57 PDT 2021,33,343,1
1627508804987,Wed Jul 28 14:46:44 PDT 2021,33,345,0
1627570886197,Thu Jul 29 08:01:26 PDT 2021,33,347,0
1627515109364,Wed Jul 28 16:31:49 PDT 2021,33,348,0
1627515117671,Wed Jul 28 16:31:57 PDT 2021,33,349,0
1627523848703,Wed Jul 28 18:57:28 PDT 2021,33,353,-1
1627521566369,Wed Jul 28 18:19:26 PDT 2021,33,356,-1
1627529764317,Wed Jul 28 20:36:04 PDT 2021,33,357,1
1627532168030,Wed Jul 28 21:16:08 PDT 2021,33,358,1
1627535698662,Wed Jul 28 22:14:58 PDT 2021,33,361,0
1627543342766,Thu Jul 29 00:22:22 PDT 2021,33,364,-1
1627573532873,Thu Jul 29 08:45:32 PDT 2021,33,366,1
1627578266040,Thu Jul 29 10:04:26 PDT 2021,33,368,0
1627582639704,Thu Jul 29 11:17:19 PDT 2021,33,369,1
1627585178492,Thu Jul 29 11:59:38 PDT 2021,33,372,1
1627586511250,Thu Jul 29 12:21:51 PDT 2021,33,373,-1
1627595276871,Thu Jul 29 14:47:56 PDT 2021,33,375,0
1627608874854,Thu Jul 29 18:34:34 PDT 2021,33,376,0
1627611841288,Thu Jul 29 19:24:01 PDT 2021,33,377,1
1627613640647,Thu Jul 29 19:54:00 PDT 2021,33,378,0
1627654922519,Fri Jul 30 07:22:02 PDT 2021,33,380,-1
1627663572019,Fri Jul 30 09:46:12 PDT 2021,33,382,1
1627667415658,Fri Jul 30 10:50:15 PDT 2021,33,384,1
1627673895015,Fri Jul 30 12:38:15 PDT 2021,33,385,1
1627675780327,Fri Jul 30 13:09:40 PDT 2021,33,386,-1
1627681480057,Fri Jul 30 14:44:40 PDT 2021,33,388,-1
1627682268825,Fri Jul 30 14:57:48 PDT 2021,33,389,1
1627685501531,Fri Jul 30 15:51:41 PDT 2021,33,393,0
1627689861546,Fri Jul 30 17:04:21 PDT 2021,33,395,1
1627702736300,Fri Jul 30 20:38:56 PDT 2021,33,396,0
1627770045718,Sat Jul 31 15:20:45 PDT 2021,33,401,0
1627771699650,Sat Jul 31 15:48:19 PDT 2021,33,402,1
1627775661962,Sat Jul 31 16:54:21 PDT 2021,33,403,-1
1627838172213,Sun Aug 01 10:16:12 PDT 2021,33,404,1
1624994591873,Tue Jun 29 12:23:11 PDT 2021,34,0,-1
1624917420482,Mon Jun 28 14:57:00 PDT 2021,34,1,-1
1624924375010,Mon Jun 28 16:52:55 PDT 2021,34,2,0
1624978108923,Tue Jun 29 07:48:28 PDT 2021,34,3,1
1624980315370,Tue Jun 29 08:25:15 PDT 2021,34,5,-1
1624980760719,Tue Jun 29 08:32:40 PDT 2021,34,6,1
1624982905651,Tue Jun 29 09:08:25 PDT 2021,34,7,1
1624995166667,Tue Jun 29 12:32:46 PDT 2021,34,8,-1
1624995773981,Tue Jun 29 12:42:53 PDT 2021,34,9,0
1624996963535,Tue Jun 29 13:02:43 PDT 2021,34,10,1
1624999256859,Tue Jun 29 13:40:56 PDT 2021,34,11,0
1625000274646,Tue Jun 29 13:57:54 PDT 2021,34,12,1
1625000285959,Tue Jun 29 13:58:05 PDT 2021,34,13,1
1625002080881,Tue Jun 29 14:28:00 PDT 2021,34,14,1
1625003262904,Tue Jun 29 14:47:42 PDT 2021,34,15,1
1625004078458,Tue Jun 29 15:01:18 PDT 2021,34,16,-1
1625007152779,Tue Jun 29 15:52:32 PDT 2021,34,17,-1
1625007336254,Tue Jun 29 15:55:36 PDT 2021,34,18,-1
1625008477281,Tue Jun 29 16:14:37 PDT 2021,34,19,-1
1625008691283,Tue Jun 29 16:18:11 PDT 2021,34,21,1
1625008990806,Tue Jun 29 16:23:10 PDT 2021,34,22,-1
1625019679793,Tue Jun 29 19:21:19 PDT 2021,34,24,0
1625019837728,Tue Jun 29 19:23:57 PDT 2021,34,25,-1
1625019751359,Tue Jun 29 19:22:31 PDT 2021,34,26,-1
1625021935751,Tue Jun 29 19:58:55 PDT 2021,34,27,-1
1625055362841,Wed Jun 30 05:16:02 PDT 2021,34,28,-1
1625057859680,Wed Jun 30 05:57:39 PDT 2021,34,30,0
1625064240612,Wed Jun 30 07:44:00 PDT 2021,34,33,1
1625066304779,Wed Jun 30 08:18:24 PDT 2021,34,34,0
1625068478590,Wed Jun 30 08:54:38 PDT 2021,34,35,1
1625068734327,Wed Jun 30 08:58:54 PDT 2021,34,36,1
1625071493884,Wed Jun 30 09:44:53 PDT 2021,34,37,-1
1625072071632,Wed Jun 30 09:54:31 PDT 2021,34,38,-1
1625082301081,Wed Jun 30 12:45:01 PDT 2021,34,40,-1
1625099072986,Wed Jun 30 17:24:32 PDT 2021,34,41,0
1625086454331,Wed Jun 30 13:54:14 PDT 2021,34,42,-1
1625089491373,Wed Jun 30 14:44:51 PDT 2021,34,43,-1
1625092973520,Wed Jun 30 15:42:53 PDT 2021,34,45,0
1625094956974,Wed Jun 30 16:15:56 PDT 2021,34,46,1
1625095079029,Wed Jun 30 16:17:59 PDT 2021,34,47,0
1625096079241,Wed Jun 30 16:34:39 PDT 2021,34,48,1
1625099180057,Wed Jun 30 17:26:20 PDT 2021,34,50,0
1625101213301,Wed Jun 30 18:00:13 PDT 2021,34,52,1
1625101791790,Wed Jun 30 18:09:51 PDT 2021,34,53,1
1625101434222,Wed Jun 30 18:03:54 PDT 2021,34,54,-1
1625108028897,Wed Jun 30 19:53:48 PDT 2021,34,55,-1
1625116368875,Wed Jun 30 22:12:48 PDT 2021,34,57,-1
1625117962299,Wed Jun 30 22:39:22 PDT 2021,34,59,-1
1625120751921,Wed Jun 30 23:25:51 PDT 2021,34,60,1
1625150836808,Thu Jul 01 07:47:16 PDT 2021,34,61,1
1625151254973,Thu Jul 01 07:54:14 PDT 2021,34,62,1
1625153366219,Thu Jul 01 08:29:26 PDT 2021,34,63,-1
1625155463497,Thu Jul 01 09:04:23 PDT 2021,34,64,0
1625157919476,Thu Jul 01 09:45:19 PDT 2021,34,65,1
1625158737470,Thu Jul 01 09:58:57 PDT 2021,34,66,0
1625159530915,Thu Jul 01 10:12:10 PDT 2021,34,68,1
1625159871220,Thu Jul 01 10:17:51 PDT 2021,34,69,1
1625160103200,Thu Jul 01 10:21:43 PDT 2021,34,70,1
1625162079256,Thu Jul 01 10:54:39 PDT 2021,34,71,1
1625163396120,Thu Jul 01 11:16:36 PDT 2021,34,73,1
1625164834351,Thu Jul 01 11:40:34 PDT 2021,34,74,0
1625163982668,Thu Jul 01 11:26:22 PDT 2021,34,82,1
1625164166892,Thu Jul 01 11:29:26 PDT 2021,34,83,1
1625164614529,Thu Jul 01 11:36:54 PDT 2021,34,85,1
1625165360898,Thu Jul 01 11:49:20 PDT 2021,34,86,1
1625168790801,Thu Jul 01 12:46:30 PDT 2021,34,92,-1
1625174526568,Thu Jul 01 14:22:06 PDT 2021,34,94,-1
1625175167587,Thu Jul 01 14:32:47 PDT 2021,34,95,-1
1625182961562,Thu Jul 01 16:42:41 PDT 2021,34,96,1
1625185687135,Thu Jul 01 17:28:07 PDT 2021,34,97,1
1626133750395,Mon Jul 12 16:49:10 PDT 2021,34,98,1
1625190856017,Thu Jul 01 18:54:16 PDT 2021,34,100,1
1625191067669,Thu Jul 01 18:57:47 PDT 2021,34,101,1
1625199706655,Thu Jul 01 21:21:46 PDT 2021,34,102,0
1625238335054,Fri Jul 02 08:05:35 PDT 2021,34,103,1
1625241714996,Fri Jul 02 09:01:54 PDT 2021,34,104,0
1625241772879,Fri Jul 02 09:02:52 PDT 2021,34,105,1
1625242109287,Fri Jul 02 09:08:29 PDT 2021,34,106,0
1625245335106,Fri Jul 02 10:02:15 PDT 2021,34,107,0
1625266426782,Fri Jul 02 15:53:46 PDT 2021,34,111,1
1625275873087,Fri Jul 02 18:31:13 PDT 2021,34,112,0
1625280255403,Fri Jul 02 19:44:15 PDT 2021,34,113,0
1625295542615,Fri Jul 02 23:59:02 PDT 2021,34,115,0
1625320422713,Sat Jul 03 06:53:42 PDT 2021,34,116,0
1625329063179,Sat Jul 03 09:17:43 PDT 2021,34,118,1
1625333522894,Sat Jul 03 10:32:02 PDT 2021,34,119,1
1625362263925,Sat Jul 03 18:31:03 PDT 2021,34,120,0
1625364747206,Sat Jul 03 19:12:27 PDT 2021,34,121,-1
1625365229655,Sat Jul 03 19:20:29 PDT 2021,34,122,-1
1625365683675,Sat Jul 03 19:28:03 PDT 2021,34,123,0
1625374881134,Sat Jul 03 22:01:21 PDT 2021,34,124,-1
1625384422975,Sun Jul 04 00:40:22 PDT 2021,34,125,-1
1625413242725,Sun Jul 04 08:40:42 PDT 2021,34,127,1
1625424125771,Sun Jul 04 11:42:05 PDT 2021,34,131,1
1625428750117,Sun Jul 04 12:59:10 PDT 2021,34,132,-1
1625435144656,Sun Jul 04 14:45:44 PDT 2021,34,135,-1
1625436330969,Sun Jul 04 15:05:30 PDT 2021,34,136,1
1625437026108,Sun Jul 04 15:17:06 PDT 2021,34,137,1
1625451994395,Sun Jul 04 19:26:34 PDT 2021,34,141,1
1625454777030,Sun Jul 04 20:12:57 PDT 2021,34,142,-1
1625461486706,Sun Jul 04 22:04:46 PDT 2021,34,144,-1
1625461804541,Sun Jul 04 22:10:04 PDT 2021,34,145,0
1625496491220,Mon Jul 05 07:48:11 PDT 2021,34,147,0
1625593852319,Tue Jul 06 10:50:52 PDT 2021,34,151,-1
1625602569213,Tue Jul 06 13:16:09 PDT 2021,34,152,0
1625613286282,Tue Jul 06 16:14:46 PDT 2021,34,153,-1
1625611724381,Tue Jul 06 15:48:44 PDT 2021,34,155,0
1625627440135,Tue Jul 06 20:10:40 PDT 2021,34,156,-1
1625635798353,Tue Jul 06 22:29:58 PDT 2021,34,157,-1
1625672665760,Wed Jul 07 08:44:25 PDT 2021,34,160,-1
1625674429326,Wed Jul 07 09:13:49 PDT 2021,34,161,0
1625675226516,Wed Jul 07 09:27:06 PDT 2021,34,162,0
1625676651970,Wed Jul 07 09:50:51 PDT 2021,34,163,-1
1625677551012,Wed Jul 07 10:05:51 PDT 2021,34,166,-1
1625686204693,Wed Jul 07 12:30:04 PDT 2021,34,170,1
1625693302219,Wed Jul 07 14:28:22 PDT 2021,34,173,0
1625694166184,Wed Jul 07 14:42:46 PDT 2021,34,174,-1
1625694471392,Wed Jul 07 14:47:51 PDT 2021,34,176,0
1625695517770,Wed Jul 07 15:05:17 PDT 2021,34,178,0
1625696485124,Wed Jul 07 15:21:25 PDT 2021,34,180,1
1625696526428,Wed Jul 07 15:22:06 PDT 2021,34,181,1
1625697546736,Wed Jul 07 15:39:06 PDT 2021,34,183,0
1625699439808,Wed Jul 07 16:10:39 PDT 2021,34,184,1
1625699677891,Wed Jul 07 16:14:37 PDT 2021,34,186,1
1625700309158,Wed Jul 07 16:25:09 PDT 2021,34,187,1
1625700373532,Wed Jul 07 16:26:13 PDT 2021,34,188,-1
1625702755625,Wed Jul 07 17:05:55 PDT 2021,34,189,-1
1625710547329,Wed Jul 07 19:15:47 PDT 2021,34,191,0
1625709889301,Wed Jul 07 19:04:49 PDT 2021,34,193,0
1625710301753,Wed Jul 07 19:11:41 PDT 2021,34,194,1
1625722816677,Wed Jul 07 22:40:16 PDT 2021,34,196,1
1625752960404,Thu Jul 08 07:02:40 PDT 2021,34,197,0
1625755471166,Thu Jul 08 07:44:31 PDT 2021,34,198,1
1625758990753,Thu Jul 08 08:43:10 PDT 2021,34,199,-1
1625760247918,Thu Jul 08 09:04:07 PDT 2021,34,200,0
1625762663824,Thu Jul 08 09:44:23 PDT 2021,34,201,-1
1625763598745,Thu Jul 08 09:59:58 PDT 2021,34,203,0
1625770315761,Thu Jul 08 11:51:55 PDT 2021,34,205,-1
1625782003864,Thu Jul 08 15:06:43 PDT 2021,34,207,0
1625783759970,Thu Jul 08 15:35:59 PDT 2021,34,208,1
1625786463367,Thu Jul 08 16:21:03 PDT 2021,34,209,1
1625789429804,Thu Jul 08 17:10:29 PDT 2021,34,210,1
1625796204116,Thu Jul 08 19:03:24 PDT 2021,34,212,0
1625844653498,Fri Jul 09 08:30:53 PDT 2021,34,215,1
1625852947890,Fri Jul 09 10:49:07 PDT 2021,34,216,-1
1625855939533,Fri Jul 09 11:38:59 PDT 2021,34,217,0
1625864100871,Fri Jul 09 13:55:00 PDT 2021,34,218,0
1625868297431,Fri Jul 09 15:04:57 PDT 2021,34,219,-1
1625889785852,Fri Jul 09 21:03:05 PDT 2021,34,221,0
1625921232710,Sat Jul 10 05:47:12 PDT 2021,34,223,-1
1625921993027,Sat Jul 10 05:59:53 PDT 2021,34,224,1
1625929526987,Sat Jul 10 08:05:26 PDT 2021,34,226,1
1625961467570,Sat Jul 10 16:57:47 PDT 2021,34,231,1
1625964521389,Sat Jul 10 17:48:41 PDT 2021,34,232,-1
1625971773554,Sat Jul 10 19:49:33 PDT 2021,34,233,0
1625982415957,Sat Jul 10 22:46:55 PDT 2021,34,234,1
1626012412671,Sun Jul 11 07:06:52 PDT 2021,34,236,-1
1626015149015,Sun Jul 11 07:52:29 PDT 2021,34,237,0
1626015655654,Sun Jul 11 08:00:55 PDT 2021,34,238,1
1626018096826,Sun Jul 11 08:41:36 PDT 2021,34,239,-1
1626027224310,Sun Jul 11 11:13:44 PDT 2021,34,240,1
1626029918387,Sun Jul 11 11:58:38 PDT 2021,34,241,0
1626033110351,Sun Jul 11 12:51:50 PDT 2021,34,243,0
1626055841113,Sun Jul 11 19:10:41 PDT 2021,34,247,-1
1626062878666,Sun Jul 11 21:07:58 PDT 2021,34,248,1
1626097442169,Mon Jul 12 06:44:02 PDT 2021,34,250,1
1626100654459,Mon Jul 12 07:37:34 PDT 2021,34,251,0
1626160298193,Tue Jul 13 00:11:38 PDT 2021,34,255,1
1626184372517,Tue Jul 13 06:52:52 PDT 2021,34,256,-1
1626641066937,Sun Jul 18 13:44:26 PDT 2021,34,258,1
1626214046530,Tue Jul 13 15:07:26 PDT 2021,34,260,-1
1626218763976,Tue Jul 13 16:26:03 PDT 2021,34,262,0
1626220776959,Tue Jul 13 16:59:36 PDT 2021,34,263,1
1626274751723,Wed Jul 14 07:59:11 PDT 2021,34,265,1
1626383599782,Thu Jul 15 14:13:19 PDT 2021,34,267,-1
1626328227869,Wed Jul 14 22:50:27 PDT 2021,34,268,-1
1626360582718,Thu Jul 15 07:49:42 PDT 2021,34,269,0
1626385621084,Thu Jul 15 14:47:01 PDT 2021,34,271,1
1626455056469,Fri Jul 16 10:04:16 PDT 2021,34,273,-1
1626455242769,Fri Jul 16 10:07:22 PDT 2021,34,274,1
1626471029069,Fri Jul 16 14:30:29 PDT 2021,34,275,0
1626492492313,Fri Jul 16 20:28:12 PDT 2021,34,276,1
1626540469948,Sat Jul 17 09:47:49 PDT 2021,34,278,0
1626540677733,Sat Jul 17 09:51:17 PDT 2021,34,279,-1
1626544881337,Sat Jul 17 11:01:21 PDT 2021,34,280,-1
1626552225844,Sat Jul 17 13:03:45 PDT 2021,34,281,0
1626553322974,Sat Jul 17 13:22:02 PDT 2021,34,282,0
1626567926450,Sat Jul 17 17:25:26 PDT 2021,34,284,0
1626584530592,Sat Jul 17 22:02:10 PDT 2021,34,286,-1
1626713054301,Mon Jul 19 09:44:14 PDT 2021,34,288,0
1626716422083,Mon Jul 19 10:40:22 PDT 2021,34,290,-1
1626719684833,Mon Jul 19 11:34:44 PDT 2021,34,291,1
1626733916130,Mon Jul 19 15:31:56 PDT 2021,34,292,1
1626737505770,Mon Jul 19 16:31:45 PDT 2021,34,294,1
1626751867032,Mon Jul 19 20:31:07 PDT 2021,34,295,1
1626792205755,Tue Jul 20 07:43:25 PDT 2021,34,296,1
1626798589121,Tue Jul 20 09:29:49 PDT 2021,34,298,1
1626908086888,Wed Jul 21 15:54:46 PDT 2021,34,299,-1
1626965050731,Thu Jul 22 07:44:10 PDT 2021,34,300,-1
1626919282759,Wed Jul 21 19:01:22 PDT 2021,34,301,-1
1627001054271,Thu Jul 22 17:44:14 PDT 2021,34,302,0
1627002390593,Thu Jul 22 18:06:30 PDT 2021,34,303,1
1627008402878,Thu Jul 22 19:46:42 PDT 2021,34,305,1
1627083962069,Fri Jul 23 16:46:02 PDT 2021,34,309,-1
1627085190500,Fri Jul 23 17:06:30 PDT 2021,34,310,-1
1627086865105,Fri Jul 23 17:34:25 PDT 2021,34,311,-1
1627088251872,Fri Jul 23 17:57:31 PDT 2021,34,312,-1
1627099875899,Fri Jul 23 21:11:15 PDT 2021,34,313,-1
1627100504485,Fri Jul 23 21:21:44 PDT 2021,34,314,-1
1627101729801,Fri Jul 23 21:42:09 PDT 2021,34,315,-1
1627162453276,Sat Jul 24 14:34:13 PDT 2021,34,317,-1
1627187479926,Sat Jul 24 21:31:19 PDT 2021,34,318,0
1627192101099,Sat Jul 24 22:48:21 PDT 2021,34,319,1
1627407494529,Tue Jul 27 10:38:14 PDT 2021,34,322,0
1627414773716,Tue Jul 27 12:39:33 PDT 2021,34,325,1
1627425508265,Tue Jul 27 15:38:28 PDT 2021,34,326,0
1627439314937,Tue Jul 27 19:28:34 PDT 2021,34,327,-1
1627451106081,Tue Jul 27 22:45:06 PDT 2021,34,328,-1
1627502531617,Wed Jul 28 13:02:11 PDT 2021,34,332,-1
1627503060765,Wed Jul 28 13:11:00 PDT 2021,34,333,-1
1627503137335,Wed Jul 28 13:12:17 PDT 2021,34,334,-1
1627503963061,Wed Jul 28 13:26:03 PDT 2021,34,335,0
1627504999754,Wed Jul 28 13:43:19 PDT 2021,34,337,-1
1627505859221,Wed Jul 28 13:57:39 PDT 2021,34,339,-1
1627506695512,Wed Jul 28 14:11:35 PDT 2021,34,341,-1
1627508888674,Wed Jul 28 14:48:08 PDT 2021,34,343,-1
1627509922952,Wed Jul 28 15:05:22 PDT 2021,34,346,-1
1627515047473,Wed Jul 28 16:30:47 PDT 2021,34,348,-1
1627515293545,Wed Jul 28 16:34:53 PDT 2021,34,349,0
1627522657467,Wed Jul 28 18:37:37 PDT 2021,34,353,-1
1627522018026,Wed Jul 28 18:26:58 PDT 2021,34,356,-1
1627529146937,Wed Jul 28 20:25:46 PDT 2021,34,357,-1
1627531738278,Wed Jul 28 21:08:58 PDT 2021,34,358,-1
1627532718679,Wed Jul 28 21:25:18 PDT 2021,34,359,0
1627536467856,Wed Jul 28 22:27:47 PDT 2021,34,363,-1
1627573207931,Thu Jul 29 08:40:07 PDT 2021,34,366,-1
1627579038989,Thu Jul 29 10:17:18 PDT 2021,34,368,1
1627577983299,Thu Jul 29 09:59:43 PDT 2021,34,369,-1
1627587251849,Thu Jul 29 12:34:11 PDT 2021,34,373,-1
1627595429396,Thu Jul 29 14:50:29 PDT 2021,34,375,-1
1627607788132,Thu Jul 29 18:16:28 PDT 2021,34,376,-1
1627613979713,Thu Jul 29 19:59:39 PDT 2021,34,378,0
1627656267948,Fri Jul 30 07:44:27 PDT 2021,34,380,-1
1627656514741,Fri Jul 30 07:48:34 PDT 2021,34,381,0
1627663578984,Fri Jul 30 09:46:18 PDT 2021,34,382,1
1627664841464,Fri Jul 30 10:07:21 PDT 2021,34,383,-1
1627667058518,Fri Jul 30 10:44:18 PDT 2021,34,384,-1
1627676266391,Fri Jul 30 13:17:46 PDT 2021,34,386,1
1627680071752,Fri Jul 30 14:21:11 PDT 2021,34,388,1
1627682341628,Fri Jul 30 14:59:01 PDT 2021,34,389,-1
1627684655230,Fri Jul 30 15:37:35 PDT 2021,34,392,-1
1627686231385,Fri Jul 30 16:03:51 PDT 2021,34,394,-1
1627702967900,Fri Jul 30 20:42:47 PDT 2021,34,396,0
1627752360984,Sat Jul 31 10:26:00 PDT 2021,34,397,-1
1627769627573,Sat Jul 31 15:13:47 PDT 2021,34,401,1
1627771834745,Sat Jul 31 15:50:34 PDT 2021,34,402,-1
1627775954566,Sat Jul 31 16:59:14 PDT 2021,34,403,1
1627837827765,Sun Aug 01 10:10:27 PDT 2021,34,404,1
1624995162893,Tue Jun 29 12:32:42 PDT 2021,35,0,1
1624917513587,Mon Jun 28 14:58:33 PDT 2021,35,1,1
1624924576980,Mon Jun 28 16:56:16 PDT 2021,35,2,1
1624978254162,Tue Jun 29 07:50:54 PDT 2021,35,3,1
1624980203542,Tue Jun 29 08:23:23 PDT 2021,35,5,0
1624980893744,Tue Jun 29 08:34:53 PDT 2021,35,6,1
1624983019102,Tue Jun 29 09:10:19 PDT 2021,35,7,1
1624995639056,Tue Jun 29 12:40:39 PDT 2021,35,9,1
1624996994628,Tue Jun 29 13:03:14 PDT 2021,35,10,1
1624999171037,Tue Jun 29 13:39:31 PDT 2021,35,11,1
1625000112816,Tue Jun 29 13:55:12 PDT 2021,35,12,1
1625000405937,Tue Jun 29 14:00:05 PDT 2021,35,13,1
1625002109564,Tue Jun 29 14:28:29 PDT 2021,35,14,-1
1625003278738,Tue Jun 29 14:47:58 PDT 2021,35,15,1
1625003946363,Tue Jun 29 14:59:06 PDT 2021,35,16,-1
1625007298246,Tue Jun 29 15:54:58 PDT 2021,35,17,-1
1625007368428,Tue Jun 29 15:56:08 PDT 2021,35,18,0
1625008320571,Tue Jun 29 16:12:00 PDT 2021,35,19,1
1625008846451,Tue Jun 29 16:20:46 PDT 2021,35,21,1
1625008955538,Tue Jun 29 16:22:35 PDT 2021,35,22,-1
1625019808205,Tue Jun 29 19:23:28 PDT 2021,35,24,0
1625019825178,Tue Jun 29 19:23:45 PDT 2021,35,25,0
1625019632364,Tue Jun 29 19:20:32 PDT 2021,35,26,-1
1625021789762,Tue Jun 29 19:56:29 PDT 2021,35,27,-1
1625055312428,Wed Jun 30 05:15:12 PDT 2021,35,28,-1
1625057783959,Wed Jun 30 05:56:23 PDT 2021,35,30,0
1625064721218,Wed Jun 30 07:52:01 PDT 2021,35,33,1
1625066492184,Wed Jun 30 08:21:32 PDT 2021,35,34,0
1625068213294,Wed Jun 30 08:50:13 PDT 2021,35,35,1
1625069278687,Wed Jun 30 09:07:58 PDT 2021,35,36,1
1625071863668,Wed Jun 30 09:51:03 PDT 2021,35,37,0
1625072117839,Wed Jun 30 09:55:17 PDT 2021,35,38,0
1625082411740,Wed Jun 30 12:46:51 PDT 2021,35,40,0
1625099205745,Wed Jun 30 17:26:45 PDT 2021,35,41,1
1625086074956,Wed Jun 30 13:47:54 PDT 2021,35,42,-1
1625089564673,Wed Jun 30 14:46:04 PDT 2021,35,43,1
1625093082487,Wed Jun 30 15:44:42 PDT 2021,35,45,1
1625095037901,Wed Jun 30 16:17:17 PDT 2021,35,46,1
1625094939815,Wed Jun 30 16:15:39 PDT 2021,35,47,0
1625096194164,Wed Jun 30 16:36:34 PDT 2021,35,48,1
1625099097081,Wed Jun 30 17:24:57 PDT 2021,35,50,1
1625100937228,Wed Jun 30 17:55:37 PDT 2021,35,51,-1
1625101129430,Wed Jun 30 17:58:49 PDT 2021,35,52,1
1625101678974,Wed Jun 30 18:07:58 PDT 2021,35,53,1
1625101439057,Wed Jun 30 18:03:59 PDT 2021,35,54,-1
1625108047677,Wed Jun 30 19:54:07 PDT 2021,35,55,1
1625116323637,Wed Jun 30 22:12:03 PDT 2021,35,57,1
1625118161741,Wed Jun 30 22:42:41 PDT 2021,35,59,-1
1625150392594,Thu Jul 01 07:39:52 PDT 2021,35,61,1
1625151315016,Thu Jul 01 07:55:15 PDT 2021,35,62,1
1625153918641,Thu Jul 01 08:38:38 PDT 2021,35,63,0
1625155921037,Thu Jul 01 09:12:01 PDT 2021,35,64,1
1625157969223,Thu Jul 01 09:46:09 PDT 2021,35,65,0
1625410136691,Sun Jul 04 07:48:56 PDT 2021,35,66,0
1625159348576,Thu Jul 01 10:09:08 PDT 2021,35,68,1
1625160058300,Thu Jul 01 10:20:58 PDT 2021,35,69,1
1625160234374,Thu Jul 01 10:23:54 PDT 2021,35,70,1
1625162438943,Thu Jul 01 11:00:38 PDT 2021,35,71,1
1625163611176,Thu Jul 01 11:20:11 PDT 2021,35,73,1
1625164902388,Thu Jul 01 11:41:42 PDT 2021,35,74,0
1625164231636,Thu Jul 01 11:30:31 PDT 2021,35,83,1
1625164446047,Thu Jul 01 11:34:06 PDT 2021,35,84,1
1625164989035,Thu Jul 01 11:43:09 PDT 2021,35,85,1
1625165578972,Thu Jul 01 11:52:58 PDT 2021,35,86,1
1625165857832,Thu Jul 01 11:57:37 PDT 2021,35,89,1
1625165974519,Thu Jul 01 11:59:34 PDT 2021,35,90,1
1625168082220,Thu Jul 01 12:34:42 PDT 2021,35,92,1
1625173949746,Thu Jul 01 14:12:29 PDT 2021,35,93,0
1625175161632,Thu Jul 01 14:32:41 PDT 2021,35,94,-1
1625174714394,Thu Jul 01 14:25:14 PDT 2021,35,95,1
1625182722711,Thu Jul 01 16:38:42 PDT 2021,35,96,1
1626141928910,Mon Jul 12 19:05:28 PDT 2021,35,98,1
1625189919219,Thu Jul 01 18:38:39 PDT 2021,35,99,1
1625191041091,Thu Jul 01 18:57:21 PDT 2021,35,100,1
1625190805774,Thu Jul 01 18:53:25 PDT 2021,35,101,1
1625199653586,Thu Jul 01 21:20:53 PDT 2021,35,102,1
1625237997934,Fri Jul 02 07:59:57 PDT 2021,35,103,1
1625241529127,Fri Jul 02 08:58:49 PDT 2021,35,104,1
1625241817621,Fri Jul 02 09:03:37 PDT 2021,35,106,1
1625245543885,Fri Jul 02 10:05:43 PDT 2021,35,107,-1
1625251721612,Fri Jul 02 11:48:41 PDT 2021,35,108,0
1625266434750,Fri Jul 02 15:53:54 PDT 2021,35,111,0
1625274841531,Fri Jul 02 18:14:01 PDT 2021,35,112,1
1625295434017,Fri Jul 02 23:57:14 PDT 2021,35,115,0
1625320384355,Sat Jul 03 06:53:04 PDT 2021,35,116,0
1625329132066,Sat Jul 03 09:18:52 PDT 2021,35,118,1
1625333850751,Sat Jul 03 10:37:30 PDT 2021,35,119,1
1625362313419,Sat Jul 03 18:31:53 PDT 2021,35,120,-1
1625364819139,Sat Jul 03 19:13:39 PDT 2021,35,121,-1
1625365354222,Sat Jul 03 19:22:34 PDT 2021,35,122,1
1625365676842,Sat Jul 03 19:27:56 PDT 2021,35,123,1
1625375016660,Sat Jul 03 22:03:36 PDT 2021,35,124,-1
1625384176557,Sun Jul 04 00:36:16 PDT 2021,35,125,1
1625410105627,Sun Jul 04 07:48:25 PDT 2021,35,126,0
1625413866975,Sun Jul 04 08:51:06 PDT 2021,35,127,1
1625424760960,Sun Jul 04 11:52:40 PDT 2021,35,131,1
1625428690251,Sun Jul 04 12:58:10 PDT 2021,35,132,-1
1625435635985,Sun Jul 04 14:53:55 PDT 2021,35,135,0
1625436025668,Sun Jul 04 15:00:25 PDT 2021,35,136,-1
1625436861525,Sun Jul 04 15:14:21 PDT 2021,35,137,1
1625451895967,Sun Jul 04 19:24:55 PDT 2021,35,141,1
1625454852696,Sun Jul 04 20:14:12 PDT 2021,35,142,0
1625462403968,Sun Jul 04 22:20:03 PDT 2021,35,145,1
1625495561452,Mon Jul 05 07:32:41 PDT 2021,35,147,1
1625593712662,Tue Jul 06 10:48:32 PDT 2021,35,151,1
1625597508865,Tue Jul 06 11:51:48 PDT 2021,35,152,0
1625613659770,Tue Jul 06 16:20:59 PDT 2021,35,153,1
1625611292075,Tue Jul 06 15:41:32 PDT 2021,35,155,1
1625627226878,Tue Jul 06 20:07:06 PDT 2021,35,156,-1
1625635716645,Tue Jul 06 22:28:36 PDT 2021,35,157,-1
1625672769966,Wed Jul 07 08:46:09 PDT 2021,35,160,0
1625674729998,Wed Jul 07 09:18:49 PDT 2021,35,161,1
1625675149084,Wed Jul 07 09:25:49 PDT 2021,35,162,0
1625676432661,Wed Jul 07 09:47:12 PDT 2021,35,163,1
1625677735711,Wed Jul 07 10:08:55 PDT 2021,35,166,1
1625677764872,Wed Jul 07 10:09:24 PDT 2021,35,168,1
1625693021992,Wed Jul 07 14:23:41 PDT 2021,35,173,1
1625694097458,Wed Jul 07 14:41:37 PDT 2021,35,174,1
1625694489042,Wed Jul 07 14:48:09 PDT 2021,35,177,1
1625696573699,Wed Jul 07 15:22:53 PDT 2021,35,180,1
1625696475329,Wed Jul 07 15:21:15 PDT 2021,35,181,0
1625697946465,Wed Jul 07 15:45:46 PDT 2021,35,183,0
1625699596284,Wed Jul 07 16:13:16 PDT 2021,35,184,0
1625699817953,Wed Jul 07 16:16:57 PDT 2021,35,186,-1
1625700405742,Wed Jul 07 16:26:45 PDT 2021,35,187,1
1625700385855,Wed Jul 07 16:26:25 PDT 2021,35,188,1
1625702894831,Wed Jul 07 17:08:14 PDT 2021,35,189,1
1625707053660,Wed Jul 07 18:17:33 PDT 2021,35,191,-1
1625710373732,Wed Jul 07 19:12:53 PDT 2021,35,193,0
1625710766485,Wed Jul 07 19:19:26 PDT 2021,35,194,1
1625714476758,Wed Jul 07 20:21:16 PDT 2021,35,195,1
1625722757711,Wed Jul 07 22:39:17 PDT 2021,35,196,1
1625755748307,Thu Jul 08 07:49:08 PDT 2021,35,198,1
1625758737868,Thu Jul 08 08:38:57 PDT 2021,35,199,1
1625760335460,Thu Jul 08 09:05:35 PDT 2021,35,200,1
1625762717446,Thu Jul 08 09:45:17 PDT 2021,35,201,0
1625763658384,Thu Jul 08 10:00:58 PDT 2021,35,203,-1
1625770381426,Thu Jul 08 11:53:01 PDT 2021,35,205,-1
1625782251138,Thu Jul 08 15:10:51 PDT 2021,35,207,1
1625783993489,Thu Jul 08 15:39:53 PDT 2021,35,208,1
1625786327576,Thu Jul 08 16:18:47 PDT 2021,35,209,-1
1625787391698,Thu Jul 08 16:36:31 PDT 2021,35,210,1
1625842245702,Fri Jul 09 07:50:45 PDT 2021,35,214,-1
1625844943431,Fri Jul 09 08:35:43 PDT 2021,35,215,1
1625852974094,Fri Jul 09 10:49:34 PDT 2021,35,216,1
1625855700545,Fri Jul 09 11:35:00 PDT 2021,35,217,1
1625864428696,Fri Jul 09 14:00:28 PDT 2021,35,218,1
1625868193399,Fri Jul 09 15:03:13 PDT 2021,35,219,0
1625921494480,Sat Jul 10 05:51:34 PDT 2021,35,223,0
1625921835292,Sat Jul 10 05:57:15 PDT 2021,35,224,1
1625929102405,Sat Jul 10 07:58:22 PDT 2021,35,226,1
1625932806208,Sat Jul 10 09:00:06 PDT 2021,35,227,1
1625939776428,Sat Jul 10 10:56:16 PDT 2021,35,228,1
1625957567305,Sat Jul 10 15:52:47 PDT 2021,35,230,-1
1625961579556,Sat Jul 10 16:59:39 PDT 2021,35,231,1
1625964246003,Sat Jul 10 17:44:06 PDT 2021,35,232,0
1625971515626,Sat Jul 10 19:45:15 PDT 2021,35,233,1
1625982187190,Sat Jul 10 22:43:07 PDT 2021,35,234,1
1626011375938,Sun Jul 11 06:49:35 PDT 2021,35,236,0
1626015283671,Sun Jul 11 07:54:43 PDT 2021,35,237,0
1626015237186,Sun Jul 11 07:53:57 PDT 2021,35,238,1
1626018192711,Sun Jul 11 08:43:12 PDT 2021,35,239,-1
1626027299751,Sun Jul 11 11:14:59 PDT 2021,35,240,1
1626029903647,Sun Jul 11 11:58:23 PDT 2021,35,241,1
1626033417082,Sun Jul 11 12:56:57 PDT 2021,35,243,0
1626055895506,Sun Jul 11 19:11:35 PDT 2021,35,247,1
1626063217131,Sun Jul 11 21:13:37 PDT 2021,35,248,1
1626097099651,Mon Jul 12 06:38:19 PDT 2021,35,249,0
1626097664476,Mon Jul 12 06:47:44 PDT 2021,35,250,-1
1626101075231,Mon Jul 12 07:44:35 PDT 2021,35,251,1
1626160102346,Tue Jul 13 00:08:22 PDT 2021,35,255,0
1626184127959,Tue Jul 13 06:48:47 PDT 2021,35,256,0
1626641055889,Sun Jul 18 13:44:15 PDT 2021,35,258,1
1626214117904,Tue Jul 13 15:08:37 PDT 2021,35,260,1
1626215392048,Tue Jul 13 15:29:52 PDT 2021,35,261,-1
1626220898241,Tue Jul 13 17:01:38 PDT 2021,35,263,1
1626235380867,Tue Jul 13 21:03:00 PDT 2021,35,265,1
1626383296235,Thu Jul 15 14:08:16 PDT 2021,35,267,1
1626360568768,Thu Jul 15 07:49:28 PDT 2021,35,269,-1
1626385898260,Thu Jul 15 14:51:38 PDT 2021,35,271,1
1626455282299,Fri Jul 16 10:08:02 PDT 2021,35,274,1
1626471837468,Fri Jul 16 14:43:57 PDT 2021,35,275,1
1626492641951,Fri Jul 16 20:30:41 PDT 2021,35,276,0
1626540361688,Sat Jul 17 09:46:01 PDT 2021,35,278,-1
1626545756690,Sat Jul 17 11:15:56 PDT 2021,35,280,1
1626552599908,Sat Jul 17 13:09:59 PDT 2021,35,281,0
1626553750497,Sat Jul 17 13:29:10 PDT 2021,35,282,0
1626568194062,Sat Jul 17 17:29:54 PDT 2021,35,284,1
1626584695409,Sat Jul 17 22:04:55 PDT 2021,35,286,-1
1626713166931,Mon Jul 19 09:46:06 PDT 2021,35,288,1
1626716274386,Mon Jul 19 10:37:54 PDT 2021,35,290,1
1626720394403,Mon Jul 19 11:46:34 PDT 2021,35,291,1
1626733829606,Mon Jul 19 15:30:29 PDT 2021,35,292,-1
1626737488553,Mon Jul 19 16:31:28 PDT 2021,35,294,1
1626752435826,Mon Jul 19 20:40:35 PDT 2021,35,295,1
1626792002470,Tue Jul 20 07:40:02 PDT 2021,35,296,1
1626798523927,Tue Jul 20 09:28:43 PDT 2021,35,298,1
1626908960847,Wed Jul 21 16:09:20 PDT 2021,35,299,-1
1626965199075,Thu Jul 22 07:46:39 PDT 2021,35,300,0
1627000763693,Thu Jul 22 17:39:23 PDT 2021,35,302,-1
1627002495585,Thu Jul 22 18:08:15 PDT 2021,35,303,-1
1627008764211,Thu Jul 22 19:52:44 PDT 2021,35,305,1
1627084151784,Fri Jul 23 16:49:11 PDT 2021,35,309,-1
1627085103904,Fri Jul 23 17:05:03 PDT 2021,35,310,-1
1627086834027,Fri Jul 23 17:33:54 PDT 2021,35,311,-1
1627088015998,Fri Jul 23 17:53:35 PDT 2021,35,312,-1
1627099792313,Fri Jul 23 21:09:52 PDT 2021,35,313,-1
1627100624865,Fri Jul 23 21:23:44 PDT 2021,35,314,-1
1627101787163,Fri Jul 23 21:43:07 PDT 2021,35,315,-1
1627162471002,Sat Jul 24 14:34:31 PDT 2021,35,317,1
1627187308705,Sat Jul 24 21:28:28 PDT 2021,35,318,1
1627191276230,Sat Jul 24 22:34:36 PDT 2021,35,319,1
1627407789021,Tue Jul 27 10:43:09 PDT 2021,35,322,1
1627414692123,Tue Jul 27 12:38:12 PDT 2021,35,325,1
1627698856231,Fri Jul 30 19:34:16 PDT 2021,35,326,1
1627439490032,Tue Jul 27 19:31:30 PDT 2021,35,327,0
1627502625103,Wed Jul 28 13:03:45 PDT 2021,35,332,0
1627504987146,Wed Jul 28 13:43:07 PDT 2021,35,337,1
1627505774790,Wed Jul 28 13:56:14 PDT 2021,35,339,1
1627506653017,Wed Jul 28 14:10:53 PDT 2021,35,341,1
1627508694863,Wed Jul 28 14:44:54 PDT 2021,35,343,-1
1627509876599,Wed Jul 28 15:04:36 PDT 2021,35,346,1
1627679626799,Fri Jul 30 14:13:46 PDT 2021,35,347,0
1627515022293,Wed Jul 28 16:30:22 PDT 2021,35,348,0
1627515038487,Wed Jul 28 16:30:38 PDT 2021,35,349,-1
1627523612359,Wed Jul 28 18:53:32 PDT 2021,35,353,-1
1627521794487,Wed Jul 28 18:23:14 PDT 2021,35,356,1
1627529184379,Wed Jul 28 20:26:24 PDT 2021,35,357,-1
1627531690584,Wed Jul 28 21:08:10 PDT 2021,35,358,-1
1627543698036,Thu Jul 29 00:28:18 PDT 2021,35,364,0
1627573764427,Thu Jul 29 08:49:24 PDT 2021,35,366,0
1627578693036,Thu Jul 29 10:11:33 PDT 2021,35,368,0
1627586536757,Thu Jul 29 12:22:16 PDT 2021,35,373,1
1627609203022,Thu Jul 29 18:40:03 PDT 2021,35,376,0
1627614019317,Thu Jul 29 20:00:19 PDT 2021,35,378,0
1627655045645,Fri Jul 30 07:24:05 PDT 2021,35,380,0
1627664180202,Fri Jul 30 09:56:20 PDT 2021,35,382,1
1627666885046,Fri Jul 30 10:41:25 PDT 2021,35,384,1
1627676077140,Fri Jul 30 13:14:37 PDT 2021,35,386,1
1627680765775,Fri Jul 30 14:32:45 PDT 2021,35,388,1
1627681297951,Fri Jul 30 14:41:37 PDT 2021,35,389,1
1627684682202,Fri Jul 30 15:38:02 PDT 2021,35,392,1
1627686030671,Fri Jul 30 16:00:30 PDT 2021,35,394,1
1627702169235,Fri Jul 30 20:29:29 PDT 2021,35,396,1
1627752648876,Sat Jul 31 10:30:48 PDT 2021,35,398,1
1627756968953,Sat Jul 31 11:42:48 PDT 2021,35,399,1
1627769867312,Sat Jul 31 15:17:47 PDT 2021,35,401,1
1627771737075,Sat Jul 31 15:48:57 PDT 2021,35,402,1
1627776659706,Sat Jul 31 17:10:59 PDT 2021,35,403,1
1627837564681,Sun Aug 01 10:06:04 PDT 2021,35,404,1
1624994910349,Tue Jun 29 12:28:30 PDT 2021,36,0,0
1624917473791,Mon Jun 28 14:57:53 PDT 2021,36,1,-1
1624924566114,Mon Jun 28 16:56:06 PDT 2021,36,2,-1
1624978333784,Tue Jun 29 07:52:13 PDT 2021,36,3,1
1624980238693,Tue Jun 29 08:23:58 PDT 2021,36,5,-1
1624980796515,Tue Jun 29 08:33:16 PDT 2021,36,6,1
1624982989905,Tue Jun 29 09:09:49 PDT 2021,36,7,0
1624995764842,Tue Jun 29 12:42:44 PDT 2021,36,9,0
1624997034434,Tue Jun 29 13:03:54 PDT 2021,36,10,0
1624999211346,Tue Jun 29 13:40:11 PDT 2021,36,11,0
1625000333093,Tue Jun 29 13:58:53 PDT 2021,36,12,1
1625000395205,Tue Jun 29 13:59:55 PDT 2021,36,13,1
1625002240615,Tue Jun 29 14:30:40 PDT 2021,36,14,-1
1625003475418,Tue Jun 29 14:51:15 PDT 2021,36,15,-1
1625004319505,Tue Jun 29 15:05:19 PDT 2021,36,16,-1
1625007425839,Tue Jun 29 15:57:05 PDT 2021,36,17,-1
1625007390368,Tue Jun 29 15:56:30 PDT 2021,36,18,-1
1625008512810,Tue Jun 29 16:15:12 PDT 2021,36,19,1
1625008899414,Tue Jun 29 16:21:39 PDT 2021,36,21,1
1625008940899,Tue Jun 29 16:22:20 PDT 2021,36,22,-1
1625020053359,Tue Jun 29 19:27:33 PDT 2021,36,24,0
1625019814534,Tue Jun 29 19:23:34 PDT 2021,36,25,0
1625019861020,Tue Jun 29 19:24:21 PDT 2021,36,26,0
1625021815469,Tue Jun 29 19:56:55 PDT 2021,36,27,-1
1625055461685,Wed Jun 30 05:17:41 PDT 2021,36,28,-1
1625057927883,Wed Jun 30 05:58:47 PDT 2021,36,30,0
1625064454201,Wed Jun 30 07:47:34 PDT 2021,36,33,-1
1625066553936,Wed Jun 30 08:22:33 PDT 2021,36,34,-1
1625068688660,Wed Jun 30 08:58:08 PDT 2021,36,35,0
1625069431111,Wed Jun 30 09:10:31 PDT 2021,36,36,1
1625071721381,Wed Jun 30 09:48:41 PDT 2021,36,37,-1
1625072214096,Wed Jun 30 09:56:54 PDT 2021,36,38,0
1625082559358,Wed Jun 30 12:49:19 PDT 2021,36,40,-1
1625099519619,Wed Jun 30 17:31:59 PDT 2021,36,41,0
1625086573752,Wed Jun 30 13:56:13 PDT 2021,36,42,0
1625089870641,Wed Jun 30 14:51:10 PDT 2021,36,43,1
1625092985632,Wed Jun 30 15:43:05 PDT 2021,36,45,-1
1625095109046,Wed Jun 30 16:18:29 PDT 2021,36,46,1
1625094947620,Wed Jun 30 16:15:47 PDT 2021,36,47,-1
1625096447093,Wed Jun 30 16:40:47 PDT 2021,36,48,1
1625099431070,Wed Jun 30 17:30:31 PDT 2021,36,50,1
1625102845120,Wed Jun 30 18:27:25 PDT 2021,36,52,1
1625101199811,Wed Jun 30 17:59:59 PDT 2021,36,53,1
1625101381468,Wed Jun 30 18:03:01 PDT 2021,36,54,-1
1625108334360,Wed Jun 30 19:58:54 PDT 2021,36,55,1
1625116195773,Wed Jun 30 22:09:55 PDT 2021,36,57,-1
1625117299836,Wed Jun 30 22:28:19 PDT 2021,36,58,1
1625118257840,Wed Jun 30 22:44:17 PDT 2021,36,59,0
1625150224541,Thu Jul 01 07:37:04 PDT 2021,36,61,1
1625151471225,Thu Jul 01 07:57:51 PDT 2021,36,62,1
1625154508331,Thu Jul 01 08:48:28 PDT 2021,36,63,0
1625156007494,Thu Jul 01 09:13:27 PDT 2021,36,64,1
1625158048806,Thu Jul 01 09:47:28 PDT 2021,36,65,-1
1625409974780,Sun Jul 04 07:46:14 PDT 2021,36,66,0
1625159864202,Thu Jul 01 10:17:44 PDT 2021,36,68,-1
1625160289480,Thu Jul 01 10:24:49 PDT 2021,36,69,1
1625167958576,Thu Jul 01 12:32:38 PDT 2021,36,70,1
1625162445789,Thu Jul 01 11:00:45 PDT 2021,36,71,1
1625163551043,Thu Jul 01 11:19:11 PDT 2021,36,73,1
1625164911496,Thu Jul 01 11:41:51 PDT 2021,36,74,0
1625164086092,Thu Jul 01 11:28:06 PDT 2021,36,83,1
1625165086849,Thu Jul 01 11:44:46 PDT 2021,36,85,1
1625165445131,Thu Jul 01 11:50:45 PDT 2021,36,86,1
1625165998356,Thu Jul 01 11:59:58 PDT 2021,36,90,1
1625168253213,Thu Jul 01 12:37:33 PDT 2021,36,92,-1
1625173596114,Thu Jul 01 14:06:36 PDT 2021,36,93,0
1625175407259,Thu Jul 01 14:36:47 PDT 2021,36,94,1
1625174784058,Thu Jul 01 14:26:24 PDT 2021,36,95,1
1625183064222,Thu Jul 01 16:44:24 PDT 2021,36,96,1
1625185661718,Thu Jul 01 17:27:41 PDT 2021,36,97,0
1626140613080,Mon Jul 12 18:43:33 PDT 2021,36,98,-1
1625191421425,Thu Jul 01 19:03:41 PDT 2021,36,100,1
1625190968435,Thu Jul 01 18:56:08 PDT 2021,36,101,1
1625199572191,Thu Jul 01 21:19:32 PDT 2021,36,102,1
1625238199074,Fri Jul 02 08:03:19 PDT 2021,36,103,1
1625241597304,Fri Jul 02 08:59:57 PDT 2021,36,104,1
1625241803984,Fri Jul 02 09:03:23 PDT 2021,36,106,1
1625246381265,Fri Jul 02 10:19:41 PDT 2021,36,107,-1
1625251685260,Fri Jul 02 11:48:05 PDT 2021,36,108,0
1625266372333,Fri Jul 02 15:52:52 PDT 2021,36,111,1
1625274233962,Fri Jul 02 18:03:53 PDT 2021,36,112,1
1625329525308,Sat Jul 03 09:25:25 PDT 2021,36,118,0
1625333570657,Sat Jul 03 10:32:50 PDT 2021,36,119,1
1625364577359,Sat Jul 03 19:09:37 PDT 2021,36,121,-1
1625365484473,Sat Jul 03 19:24:44 PDT 2021,36,122,1
1625365697673,Sat Jul 03 19:28:17 PDT 2021,36,123,-1
1625375661032,Sat Jul 03 22:14:21 PDT 2021,36,124,-1
1625384604192,Sun Jul 04 00:43:24 PDT 2021,36,125,1
1625410250910,Sun Jul 04 07:50:50 PDT 2021,36,126,1
1625413979934,Sun Jul 04 08:52:59 PDT 2021,36,127,1
1625416099159,Sun Jul 04 09:28:19 PDT 2021,36,130,-1
1625424323033,Sun Jul 04 11:45:23 PDT 2021,36,131,1
1625429045872,Sun Jul 04 13:04:05 PDT 2021,36,132,-1
1625435704768,Sun Jul 04 14:55:04 PDT 2021,36,135,-1
1625436421068,Sun Jul 04 15:07:01 PDT 2021,36,136,1
1625436829768,Sun Jul 04 15:13:49 PDT 2021,36,137,1
1625452073858,Sun Jul 04 19:27:53 PDT 2021,36,141,1
1625454800453,Sun Jul 04 20:13:20 PDT 2021,36,142,0
1625461382652,Sun Jul 04 22:03:02 PDT 2021,36,144,0
1625462043255,Sun Jul 04 22:14:03 PDT 2021,36,145,1
1625495921870,Mon Jul 05 07:38:41 PDT 2021,36,147,-1
1625528734352,Mon Jul 05 16:45:34 PDT 2021,36,148,0
1625594035468,Tue Jul 06 10:53:55 PDT 2021,36,151,0
1625602739396,Tue Jul 06 13:18:59 PDT 2021,36,152,-1
1625598171947,Tue Jul 06 12:02:51 PDT 2021,36,153,1
1625601383916,Tue Jul 06 12:56:23 PDT 2021,36,154,0
1625611444227,Tue Jul 06 15:44:04 PDT 2021,36,155,1
1625627635435,Tue Jul 06 20:13:55 PDT 2021,36,156,-1
1625635780689,Tue Jul 06 22:29:40 PDT 2021,36,157,1
1625673058632,Wed Jul 07 08:50:58 PDT 2021,36,160,-1
1625674586176,Wed Jul 07 09:16:26 PDT 2021,36,161,1
1625674968916,Wed Jul 07 09:22:48 PDT 2021,36,162,0
1625676518470,Wed Jul 07 09:48:38 PDT 2021,36,163,1
1625677424789,Wed Jul 07 10:03:44 PDT 2021,36,165,1
1625677633693,Wed Jul 07 10:07:13 PDT 2021,36,166,1
1625677805471,Wed Jul 07 10:10:05 PDT 2021,36,168,1
1625686213064,Wed Jul 07 12:30:13 PDT 2021,36,170,1
1625693374057,Wed Jul 07 14:29:34 PDT 2021,36,173,0
1625693944059,Wed Jul 07 14:39:04 PDT 2021,36,174,-1
1625694566367,Wed Jul 07 14:49:26 PDT 2021,36,176,0
1625694630259,Wed Jul 07 14:50:30 PDT 2021,36,177,1
1625695692440,Wed Jul 07 15:08:12 PDT 2021,36,178,1
1625696351561,Wed Jul 07 15:19:11 PDT 2021,36,180,1
1625696494967,Wed Jul 07 15:21:34 PDT 2021,36,181,0
1625697896501,Wed Jul 07 15:44:56 PDT 2021,36,183,0
1625699286730,Wed Jul 07 16:08:06 PDT 2021,36,184,1
1625699674329,Wed Jul 07 16:14:34 PDT 2021,36,186,1
1625700784987,Wed Jul 07 16:33:04 PDT 2021,36,187,1
1625700345980,Wed Jul 07 16:25:45 PDT 2021,36,188,-1
1625702884651,Wed Jul 07 17:08:04 PDT 2021,36,189,1
1625706947242,Wed Jul 07 18:15:47 PDT 2021,36,191,1
1625709867188,Wed Jul 07 19:04:27 PDT 2021,36,193,-1
1625710872039,Wed Jul 07 19:21:12 PDT 2021,36,194,1
1625714396990,Wed Jul 07 20:19:56 PDT 2021,36,195,1
1625723069069,Wed Jul 07 22:44:29 PDT 2021,36,196,0
1625752582422,Thu Jul 08 06:56:22 PDT 2021,36,197,0
1625755527478,Thu Jul 08 07:45:27 PDT 2021,36,198,1
1625758982408,Thu Jul 08 08:43:02 PDT 2021,36,199,1
1625762736076,Thu Jul 08 09:45:36 PDT 2021,36,201,0
1625763465152,Thu Jul 08 09:57:45 PDT 2021,36,203,0
1625770259205,Thu Jul 08 11:50:59 PDT 2021,36,205,0
1625781596074,Thu Jul 08 14:59:56 PDT 2021,36,207,-1
1625783562496,Thu Jul 08 15:32:42 PDT 2021,36,208,1
1625786343347,Thu Jul 08 16:19:03 PDT 2021,36,209,-1
1625801414457,Thu Jul 08 20:30:14 PDT 2021,36,213,0
1625845040132,Fri Jul 09 08:37:20 PDT 2021,36,215,1
1625855604582,Fri Jul 09 11:33:24 PDT 2021,36,217,1
1625863995912,Fri Jul 09 13:53:15 PDT 2021,36,218,0
1625867987953,Fri Jul 09 14:59:47 PDT 2021,36,219,0
1625921140067,Sat Jul 10 05:45:40 PDT 2021,36,223,0
1625922250059,Sat Jul 10 06:04:10 PDT 2021,36,224,1
1625928685873,Sat Jul 10 07:51:25 PDT 2021,36,226,1
1625937317900,Sat Jul 10 10:15:17 PDT 2021,36,227,-1
1625964723631,Sat Jul 10 17:52:03 PDT 2021,36,232,0
1625971260536,Sat Jul 10 19:41:00 PDT 2021,36,233,0
1625982361364,Sat Jul 10 22:46:01 PDT 2021,36,234,1
1626012093680,Sun Jul 11 07:01:33 PDT 2021,36,236,-1
1626014927047,Sun Jul 11 07:48:47 PDT 2021,36,237,1
1626015820442,Sun Jul 11 08:03:40 PDT 2021,36,238,-1
1626016409212,Sun Jul 11 08:13:29 PDT 2021,36,239,-1
1626027642395,Sun Jul 11 11:20:42 PDT 2021,36,240,1
1626031658413,Sun Jul 11 12:27:38 PDT 2021,36,241,1
1626033625064,Sun Jul 11 13:00:25 PDT 2021,36,243,0
1626062824345,Sun Jul 11 21:07:04 PDT 2021,36,248,-1
1626096978079,Mon Jul 12 06:36:18 PDT 2021,36,249,0
1626097456252,Mon Jul 12 06:44:16 PDT 2021,36,250,1
1626160144838,Tue Jul 13 00:09:04 PDT 2021,36,255,-1
1626184398938,Tue Jul 13 06:53:18 PDT 2021,36,256,-1
1626198037163,Tue Jul 13 10:40:37 PDT 2021,36,257,0
1626213963535,Tue Jul 13 15:06:03 PDT 2021,36,260,-1
1627697041223,Fri Jul 30 19:04:01 PDT 2021,36,261,1
1626220679096,Tue Jul 13 16:57:59 PDT 2021,36,263,1
1626298161729,Wed Jul 14 14:29:21 PDT 2021,36,265,1
1626276063663,Wed Jul 14 08:21:03 PDT 2021,36,266,0
1626383704345,Thu Jul 15 14:15:04 PDT 2021,36,267,1
1626360854253,Thu Jul 15 07:54:14 PDT 2021,36,269,0
1626385788574,Thu Jul 15 14:49:48 PDT 2021,36,271,0
1626455523485,Fri Jul 16 10:12:03 PDT 2021,36,274,0
1626470959281,Fri Jul 16 14:29:19 PDT 2021,36,275,0
1626492611847,Fri Jul 16 20:30:11 PDT 2021,36,276,0
1626541042707,Sat Jul 17 09:57:22 PDT 2021,36,278,0
1626544901877,Sat Jul 17 11:01:41 PDT 2021,36,280,-1
1626552612577,Sat Jul 17 13:10:12 PDT 2021,36,281,1
1626553356427,Sat Jul 17 13:22:36 PDT 2021,36,282,-1
1626568015208,Sat Jul 17 17:26:55 PDT 2021,36,284,1
1626584483745,Sat Jul 17 22:01:23 PDT 2021,36,286,1
1626712882866,Mon Jul 19 09:41:22 PDT 2021,36,288,-1
1626716398920,Mon Jul 19 10:39:58 PDT 2021,36,290,-1
1626719709544,Mon Jul 19 11:35:09 PDT 2021,36,291,1
1626733875147,Mon Jul 19 15:31:15 PDT 2021,36,292,0
1626737778320,Mon Jul 19 16:36:18 PDT 2021,36,294,-1
1626751938379,Mon Jul 19 20:32:18 PDT 2021,36,295,0
1626791726951,Tue Jul 20 07:35:26 PDT 2021,36,296,1
1626798566770,Tue Jul 20 09:29:26 PDT 2021,36,298,0
1626908666728,Wed Jul 21 16:04:26 PDT 2021,36,299,-1
1626965030393,Thu Jul 22 07:43:50 PDT 2021,36,300,-1
1626919352345,Wed Jul 21 19:02:32 PDT 2021,36,301,-1
1627001368561,Thu Jul 22 17:49:28 PDT 2021,36,302,0
1627002384685,Thu Jul 22 18:06:24 PDT 2021,36,303,1
1627008895135,Thu Jul 22 19:54:55 PDT 2021,36,305,0
1627082514023,Fri Jul 23 16:21:54 PDT 2021,36,308,-1
1627083743038,Fri Jul 23 16:42:23 PDT 2021,36,309,-1
1627085455166,Fri Jul 23 17:10:55 PDT 2021,36,310,-1
1627086804892,Fri Jul 23 17:33:24 PDT 2021,36,311,-1
1627087783033,Fri Jul 23 17:49:43 PDT 2021,36,312,-1
1627099678161,Fri Jul 23 21:07:58 PDT 2021,36,313,-1
1627100497106,Fri Jul 23 21:21:37 PDT 2021,36,314,-1
1627101434305,Fri Jul 23 21:37:14 PDT 2021,36,315,-1
1627162718602,Sat Jul 24 14:38:38 PDT 2021,36,317,1
1627187266360,Sat Jul 24 21:27:46 PDT 2021,36,318,1
1627191898188,Sat Jul 24 22:44:58 PDT 2021,36,319,1
1627404982915,Tue Jul 27 09:56:22 PDT 2021,36,321,0
1627407376694,Tue Jul 27 10:36:16 PDT 2021,36,322,1
1627414909344,Tue Jul 27 12:41:49 PDT 2021,36,325,1
1627425856123,Tue Jul 27 15:44:16 PDT 2021,36,326,0
1627439393583,Tue Jul 27 19:29:53 PDT 2021,36,327,0
1627439393911,Tue Jul 27 19:29:53 PDT 2021,36,327,0
1627451213635,Tue Jul 27 22:46:53 PDT 2021,36,328,0
1627451440559,Tue Jul 27 22:50:40 PDT 2021,36,329,0
1627501602417,Wed Jul 28 12:46:42 PDT 2021,36,332,1
1627503164040,Wed Jul 28 13:12:44 PDT 2021,36,334,0
1627505124021,Wed Jul 28 13:45:24 PDT 2021,36,337,1
1627505678477,Wed Jul 28 13:54:38 PDT 2021,36,339,1
1627506704022,Wed Jul 28 14:11:44 PDT 2021,36,341,1
1627508550233,Wed Jul 28 14:42:30 PDT 2021,36,343,-1
1627509183787,Wed Jul 28 14:53:03 PDT 2021,36,345,0
1627515131776,Wed Jul 28 16:32:11 PDT 2021,36,348,-1
1627522944649,Wed Jul 28 18:42:24 PDT 2021,36,353,-1
1627521952861,Wed Jul 28 18:25:52 PDT 2021,36,356,0
1627529239416,Wed Jul 28 20:27:19 PDT 2021,36,357,-1
1627532405328,Wed Jul 28 21:20:05 PDT 2021,36,359,-1
1627535831950,Wed Jul 28 22:17:11 PDT 2021,36,361,0
1627535398150,Wed Jul 28 22:09:58 PDT 2021,36,362,1
1627544307446,Thu Jul 29 00:38:27 PDT 2021,36,364,-1
1627573510914,Thu Jul 29 08:45:10 PDT 2021,36,366,-1
1627582741459,Thu Jul 29 11:19:01 PDT 2021,36,369,0
1627586711042,Thu Jul 29 12:25:11 PDT 2021,36,373,-1
1627608744519,Thu Jul 29 18:32:24 PDT 2021,36,376,0
1627656288308,Fri Jul 30 07:44:48 PDT 2021,36,380,-1
1627663694607,Fri Jul 30 09:48:14 PDT 2021,36,382,1
1627667316461,Fri Jul 30 10:48:36 PDT 2021,36,384,0
1627675450040,Fri Jul 30 13:04:10 PDT 2021,36,386,1
1627680478974,Fri Jul 30 14:27:58 PDT 2021,36,388,1
1627681773384,Fri Jul 30 14:49:33 PDT 2021,36,389,0
1627684282232,Fri Jul 30 15:31:22 PDT 2021,36,391,0
1627685122796,Fri Jul 30 15:45:22 PDT 2021,36,393,1
1627686084735,Fri Jul 30 16:01:24 PDT 2021,36,394,1
1627702213254,Fri Jul 30 20:30:13 PDT 2021,36,396,-1
1627752668579,Sat Jul 31 10:31:08 PDT 2021,36,398,1
1627756982002,Sat Jul 31 11:43:02 PDT 2021,36,399,1
1627770098985,Sat Jul 31 15:21:38 PDT 2021,36,401,-1
1627772180714,Sat Jul 31 15:56:20 PDT 2021,36,402,1
1627776631566,Sat Jul 31 17:10:31 PDT 2021,36,403,1
1627837825046,Sun Aug 01 10:10:25 PDT 2021,36,404,1
1624994936425,Tue Jun 29 12:28:56 PDT 2021,37,0,0
1624917449886,Mon Jun 28 14:57:29 PDT 2021,37,1,1
1624924339771,Mon Jun 28 16:52:19 PDT 2021,37,2,-1
1624978093794,Tue Jun 29 07:48:13 PDT 2021,37,3,1
1624980169421,Tue Jun 29 08:22:49 PDT 2021,37,5,-1
1624980716661,Tue Jun 29 08:31:56 PDT 2021,37,6,0
1624983134790,Tue Jun 29 09:12:14 PDT 2021,37,7,0
1624995850816,Tue Jun 29 12:44:10 PDT 2021,37,9,0
1624997146605,Tue Jun 29 13:05:46 PDT 2021,37,10,1
1624999603046,Tue Jun 29 13:46:43 PDT 2021,37,11,-1
1625000317714,Tue Jun 29 13:58:37 PDT 2021,37,12,1
1625000282388,Tue Jun 29 13:58:02 PDT 2021,37,13,-1
1625002203606,Tue Jun 29 14:30:03 PDT 2021,37,14,-1
1625003481633,Tue Jun 29 14:51:21 PDT 2021,37,15,-1
1625004352727,Tue Jun 29 15:05:52 PDT 2021,37,16,0
1625007401227,Tue Jun 29 15:56:41 PDT 2021,37,17,0
1625007586024,Tue Jun 29 15:59:46 PDT 2021,37,18,-1
1625008454069,Tue Jun 29 16:14:14 PDT 2021,37,19,1
1625009013095,Tue Jun 29 16:23:33 PDT 2021,37,21,1
1625009226326,Tue Jun 29 16:27:06 PDT 2021,37,22,-1
1625019608054,Tue Jun 29 19:20:08 PDT 2021,37,24,0
1625019853067,Tue Jun 29 19:24:13 PDT 2021,37,25,-1
1625020122406,Tue Jun 29 19:28:42 PDT 2021,37,26,1
1625022064529,Tue Jun 29 20:01:04 PDT 2021,37,27,-1
1625055671316,Wed Jun 30 05:21:11 PDT 2021,37,28,-1
1625057918272,Wed Jun 30 05:58:38 PDT 2021,37,30,0
1625065184589,Wed Jun 30 07:59:44 PDT 2021,37,33,-1
1625066637054,Wed Jun 30 08:23:57 PDT 2021,37,34,0
1625068538132,Wed Jun 30 08:55:38 PDT 2021,37,35,0
1625069492996,Wed Jun 30 09:11:32 PDT 2021,37,36,-1
1625071976867,Wed Jun 30 09:52:56 PDT 2021,37,37,0
1625072021034,Wed Jun 30 09:53:41 PDT 2021,37,38,1
1625082606394,Wed Jun 30 12:50:06 PDT 2021,37,40,-1
1625099602637,Wed Jun 30 17:33:22 PDT 2021,37,41,1
1625086726643,Wed Jun 30 13:58:46 PDT 2021,37,42,-1
1625090228124,Wed Jun 30 14:57:08 PDT 2021,37,43,0
1625093144336,Wed Jun 30 15:45:44 PDT 2021,37,45,0
1625095443939,Wed Jun 30 16:24:03 PDT 2021,37,46,1
1625095276510,Wed Jun 30 16:21:16 PDT 2021,37,47,1
1625096440790,Wed Jun 30 16:40:40 PDT 2021,37,48,1
1625099595410,Wed Jun 30 17:33:15 PDT 2021,37,50,0
1625102948513,Wed Jun 30 18:29:08 PDT 2021,37,52,1
1625101859234,Wed Jun 30 18:10:59 PDT 2021,37,53,1
1625101730845,Wed Jun 30 18:08:50 PDT 2021,37,54,0
1625108377966,Wed Jun 30 19:59:37 PDT 2021,37,55,-1
1625116343315,Wed Jun 30 22:12:23 PDT 2021,37,57,-1
1625118330846,Wed Jun 30 22:45:30 PDT 2021,37,59,0
1625151008131,Thu Jul 01 07:50:08 PDT 2021,37,61,-1
1625151089072,Thu Jul 01 07:51:29 PDT 2021,37,62,1
1625154249338,Thu Jul 01 08:44:09 PDT 2021,37,63,0
1625155635788,Thu Jul 01 09:07:15 PDT 2021,37,64,1
1625158279028,Thu Jul 01 09:51:19 PDT 2021,37,65,-1
1625410427024,Sun Jul 04 07:53:47 PDT 2021,37,66,0
1625159717396,Thu Jul 01 10:15:17 PDT 2021,37,68,-1
1625160128173,Thu Jul 01 10:22:08 PDT 2021,37,69,1
1625168065805,Thu Jul 01 12:34:25 PDT 2021,37,70,1
1625162769738,Thu Jul 01 11:06:09 PDT 2021,37,71,1
1625163652358,Thu Jul 01 11:20:52 PDT 2021,37,73,1
1625164934835,Thu Jul 01 11:42:14 PDT 2021,37,74,0
1625164903174,Thu Jul 01 11:41:43 PDT 2021,37,85,-1
1625165433536,Thu Jul 01 11:50:33 PDT 2021,37,86,1
1625168297659,Thu Jul 01 12:38:17 PDT 2021,37,92,0
1625175133406,Thu Jul 01 14:32:13 PDT 2021,37,94,-1
1625179623321,Thu Jul 01 15:47:03 PDT 2021,37,95,1
1625183231739,Thu Jul 01 16:47:11 PDT 2021,37,96,1
1626133752828,Mon Jul 12 16:49:12 PDT 2021,37,98,1
1625190456832,Thu Jul 01 18:47:36 PDT 2021,37,100,1
1625191239205,Thu Jul 01 19:00:39 PDT 2021,37,101,1
1625200163087,Thu Jul 01 21:29:23 PDT 2021,37,102,1
1625238403475,Fri Jul 02 08:06:43 PDT 2021,37,103,1
1625241770064,Fri Jul 02 09:02:50 PDT 2021,37,104,0
1625241839388,Fri Jul 02 09:03:59 PDT 2021,37,105,0
1625242197509,Fri Jul 02 09:09:57 PDT 2021,37,106,1
1625246275393,Fri Jul 02 10:17:55 PDT 2021,37,107,-1
1625251608302,Fri Jul 02 11:46:48 PDT 2021,37,108,1
1625266727082,Fri Jul 02 15:58:47 PDT 2021,37,111,1
1625274165272,Fri Jul 02 18:02:45 PDT 2021,37,112,-1
1625329683375,Sat Jul 03 09:28:03 PDT 2021,37,118,1
1625334243948,Sat Jul 03 10:44:03 PDT 2021,37,119,1
1625362216732,Sat Jul 03 18:30:16 PDT 2021,37,120,1
1625364653840,Sat Jul 03 19:10:53 PDT 2021,37,121,-1
1625365595002,Sat Jul 03 19:26:35 PDT 2021,37,122,1
1625365600525,Sat Jul 03 19:26:40 PDT 2021,37,123,-1
1625374809740,Sat Jul 03 22:00:09 PDT 2021,37,124,0
1625410306508,Sun Jul 04 07:51:46 PDT 2021,37,126,0
1625414008069,Sun Jul 04 08:53:28 PDT 2021,37,127,0
1625424745373,Sun Jul 04 11:52:25 PDT 2021,37,131,1
1625428902758,Sun Jul 04 13:01:42 PDT 2021,37,132,0
1625428792723,Sun Jul 04 12:59:52 PDT 2021,37,133,-1
1625435826309,Sun Jul 04 14:57:06 PDT 2021,37,135,0
1625435957562,Sun Jul 04 14:59:17 PDT 2021,37,136,0
1625437173659,Sun Jul 04 15:19:33 PDT 2021,37,137,1
1625452005523,Sun Jul 04 19:26:45 PDT 2021,37,141,1
1625454892762,Sun Jul 04 20:14:52 PDT 2021,37,142,-1
1625463010505,Sun Jul 04 22:30:10 PDT 2021,37,145,0
1625465157228,Sun Jul 04 23:05:57 PDT 2021,37,146,1
1625496531955,Mon Jul 05 07:48:51 PDT 2021,37,147,-1
1625528628855,Mon Jul 05 16:43:48 PDT 2021,37,148,0
1625594025122,Tue Jul 06 10:53:45 PDT 2021,37,151,-1
1625602639304,Tue Jul 06 13:17:19 PDT 2021,37,152,-1
1625614088519,Tue Jul 06 16:28:08 PDT 2021,37,153,0
1625611858857,Tue Jul 06 15:50:58 PDT 2021,37,155,0
1625627033709,Tue Jul 06 20:03:53 PDT 2021,37,156,-1
1625636002033,Tue Jul 06 22:33:22 PDT 2021,37,157,0
1625672773417,Wed Jul 07 08:46:13 PDT 2021,37,160,1
1625674439764,Wed Jul 07 09:13:59 PDT 2021,37,161,0
1625675558519,Wed Jul 07 09:32:38 PDT 2021,37,162,1
1625676677252,Wed Jul 07 09:51:17 PDT 2021,37,163,1
1625678720670,Wed Jul 07 10:25:20 PDT 2021,37,166,0
1625686337270,Wed Jul 07 12:32:17 PDT 2021,37,170,1
1625694341005,Wed Jul 07 14:45:41 PDT 2021,37,173,1
1625694367721,Wed Jul 07 14:46:07 PDT 2021,37,174,0
1625695474486,Wed Jul 07 15:04:34 PDT 2021,37,178,1
1625696230589,Wed Jul 07 15:17:10 PDT 2021,37,180,1
1625696430253,Wed Jul 07 15:20:30 PDT 2021,37,181,1
1625697222091,Wed Jul 07 15:33:42 PDT 2021,37,182,0
1625698783665,Wed Jul 07 15:59:43 PDT 2021,37,183,-1
1625699951634,Wed Jul 07 16:19:11 PDT 2021,37,186,1
1625700800086,Wed Jul 07 16:33:20 PDT 2021,37,187,1
1625700312711,Wed Jul 07 16:25:12 PDT 2021,37,188,-1
1625702951460,Wed Jul 07 17:09:11 PDT 2021,37,189,1
1625710382995,Wed Jul 07 19:13:02 PDT 2021,37,191,-1
1625710045446,Wed Jul 07 19:07:25 PDT 2021,37,193,1
1625711167160,Wed Jul 07 19:26:07 PDT 2021,37,194,1
1625722763888,Wed Jul 07 22:39:23 PDT 2021,37,196,1
1625756003086,Thu Jul 08 07:53:23 PDT 2021,37,198,1
1625759213983,Thu Jul 08 08:46:53 PDT 2021,37,199,1
1625763001179,Thu Jul 08 09:50:01 PDT 2021,37,201,1
1625763731465,Thu Jul 08 10:02:11 PDT 2021,37,203,1
1625770345240,Thu Jul 08 11:52:25 PDT 2021,37,205,0
1625782553733,Thu Jul 08 15:15:53 PDT 2021,37,207,0
1625784464272,Thu Jul 08 15:47:44 PDT 2021,37,208,1
1625786592830,Thu Jul 08 16:23:12 PDT 2021,37,209,0
1625796294505,Thu Jul 08 19:04:54 PDT 2021,37,212,-1
1625801541435,Thu Jul 08 20:32:21 PDT 2021,37,213,1
1625842224389,Fri Jul 09 07:50:24 PDT 2021,37,214,-1
1625844788276,Fri Jul 09 08:33:08 PDT 2021,37,215,0
1625853022823,Fri Jul 09 10:50:22 PDT 2021,37,216,0
1625855983355,Fri Jul 09 11:39:43 PDT 2021,37,217,0
1625863520635,Fri Jul 09 13:45:20 PDT 2021,37,218,1
1625868447514,Fri Jul 09 15:07:27 PDT 2021,37,219,0
1625921693556,Sat Jul 10 05:54:53 PDT 2021,37,223,1
1625922305043,Sat Jul 10 06:05:05 PDT 2021,37,224,0
1625929177415,Sat Jul 10 07:59:37 PDT 2021,37,226,-1
1625939720399,Sat Jul 10 10:55:20 PDT 2021,37,228,0
1625961612011,Sat Jul 10 17:00:12 PDT 2021,37,231,1
1625965614880,Sat Jul 10 18:06:54 PDT 2021,37,232,1
1625971827970,Sat Jul 10 19:50:27 PDT 2021,37,233,0
1625982469553,Sat Jul 10 22:47:49 PDT 2021,37,234,1
1626012396304,Sun Jul 11 07:06:36 PDT 2021,37,236,-1
1626015644999,Sun Jul 11 08:00:44 PDT 2021,37,237,0
1626015718724,Sun Jul 11 08:01:58 PDT 2021,37,238,-1
1626016327646,Sun Jul 11 08:12:07 PDT 2021,37,239,1
1626027683168,Sun Jul 11 11:21:23 PDT 2021,37,240,1
1626031790840,Sun Jul 11 12:29:50 PDT 2021,37,241,1
1626033554391,Sun Jul 11 12:59:14 PDT 2021,37,243,0
1626050947641,Sun Jul 11 17:49:07 PDT 2021,37,246,-1
1626063198553,Sun Jul 11 21:13:18 PDT 2021,37,248,1
1626097118397,Mon Jul 12 06:38:38 PDT 2021,37,249,1
1626097471543,Mon Jul 12 06:44:31 PDT 2021,37,250,1
1626160213641,Tue Jul 13 00:10:13 PDT 2021,37,255,-1
1626184468620,Tue Jul 13 06:54:28 PDT 2021,37,256,-1
1626641171895,Sun Jul 18 13:46:11 PDT 2021,37,258,1
1626214339092,Tue Jul 13 15:12:19 PDT 2021,37,260,0
1626215476263,Tue Jul 13 15:31:16 PDT 2021,37,261,1
1626218960671,Tue Jul 13 16:29:20 PDT 2021,37,262,0
1626234588207,Tue Jul 13 20:49:48 PDT 2021,37,264,-1
1626298260558,Wed Jul 14 14:31:00 PDT 2021,37,265,1
1626384353745,Thu Jul 15 14:25:53 PDT 2021,37,267,0
1626328234931,Wed Jul 14 22:50:34 PDT 2021,37,268,0
1626385914180,Thu Jul 15 14:51:54 PDT 2021,37,271,0
1626455540167,Fri Jul 16 10:12:20 PDT 2021,37,274,-1
1626470820578,Fri Jul 16 14:27:00 PDT 2021,37,275,0
1626492727500,Fri Jul 16 20:32:07 PDT 2021,37,276,0
1626541376612,Sat Jul 17 10:02:56 PDT 2021,37,278,1
1626545416703,Sat Jul 17 11:10:16 PDT 2021,37,280,0
1626552680021,Sat Jul 17 13:11:20 PDT 2021,37,281,-1
1626553386166,Sat Jul 17 13:23:06 PDT 2021,37,282,0
1626570958992,Sat Jul 17 18:15:58 PDT 2021,37,284,1
1626584659711,Sat Jul 17 22:04:19 PDT 2021,37,286,1
1626713301126,Mon Jul 19 09:48:21 PDT 2021,37,288,-1
1626720270799,Mon Jul 19 11:44:30 PDT 2021,37,291,1
1626724356893,Mon Jul 19 12:52:36 PDT 2021,37,292,0
1626737794844,Mon Jul 19 16:36:34 PDT 2021,37,294,0
1626752552568,Mon Jul 19 20:42:32 PDT 2021,37,295,-1
1626792499334,Tue Jul 20 07:48:19 PDT 2021,37,296,-1
1626798968059,Tue Jul 20 09:36:08 PDT 2021,37,298,1
1626910267025,Wed Jul 21 16:31:07 PDT 2021,37,299,-1
1626965161986,Thu Jul 22 07:46:01 PDT 2021,37,300,-1
1626919160040,Wed Jul 21 18:59:20 PDT 2021,37,301,1
1627001197262,Thu Jul 22 17:46:37 PDT 2021,37,302,0
1627002657062,Thu Jul 22 18:10:57 PDT 2021,37,303,-1
1627009077279,Thu Jul 22 19:57:57 PDT 2021,37,305,1
1627084221682,Fri Jul 23 16:50:21 PDT 2021,37,309,-1
1627085826402,Fri Jul 23 17:17:06 PDT 2021,37,310,-1
1627087205079,Fri Jul 23 17:40:05 PDT 2021,37,311,-1
1627088290773,Fri Jul 23 17:58:10 PDT 2021,37,312,-1
1627100304306,Fri Jul 23 21:18:24 PDT 2021,37,313,-1
1627100973986,Fri Jul 23 21:29:33 PDT 2021,37,314,-1
1627101535642,Fri Jul 23 21:38:55 PDT 2021,37,315,-1
1627162778033,Sat Jul 24 14:39:38 PDT 2021,37,317,-1
1627187419118,Sat Jul 24 21:30:19 PDT 2021,37,318,1
1627191725549,Sat Jul 24 22:42:05 PDT 2021,37,319,1
1627407805496,Tue Jul 27 10:43:25 PDT 2021,37,322,1
1627414993137,Tue Jul 27 12:43:13 PDT 2021,37,325,1
1627698767606,Fri Jul 30 19:32:47 PDT 2021,37,326,1
1627439387772,Tue Jul 27 19:29:47 PDT 2021,37,327,-1
1627505224558,Wed Jul 28 13:47:04 PDT 2021,37,337,1
1627505753306,Wed Jul 28 13:55:53 PDT 2021,37,339,1
1627506066984,Wed Jul 28 14:01:06 PDT 2021,37,340,1
1627506626580,Wed Jul 28 14:10:26 PDT 2021,37,341,1
1627509100553,Wed Jul 28 14:51:40 PDT 2021,37,343,-1
1627515125634,Wed Jul 28 16:32:05 PDT 2021,37,348,-1
1627523859116,Wed Jul 28 18:57:39 PDT 2021,37,353,-1
1627522164279,Wed Jul 28 18:29:24 PDT 2021,37,356,1
1627529430678,Wed Jul 28 20:30:30 PDT 2021,37,357,1
1627531787844,Wed Jul 28 21:09:47 PDT 2021,37,358,-1
1627532263691,Wed Jul 28 21:17:43 PDT 2021,37,359,-1
1627536078715,Wed Jul 28 22:21:18 PDT 2021,37,361,0
1627544729912,Thu Jul 29 00:45:29 PDT 2021,37,364,-1
1627573783568,Thu Jul 29 08:49:43 PDT 2021,37,366,1
1627577739708,Thu Jul 29 09:55:39 PDT 2021,37,368,-1
1627586834588,Thu Jul 29 12:27:14 PDT 2021,37,373,0
1627608857384,Thu Jul 29 18:34:17 PDT 2021,37,376,0
1627613570670,Thu Jul 29 19:52:50 PDT 2021,37,378,0
1627655602892,Fri Jul 30 07:33:22 PDT 2021,37,380,0
1627656006542,Fri Jul 30 07:40:06 PDT 2021,37,381,0
1627664270249,Fri Jul 30 09:57:50 PDT 2021,37,382,1
1627664864266,Fri Jul 30 10:07:44 PDT 2021,37,383,1
1627666785287,Fri Jul 30 10:39:45 PDT 2021,37,384,0
1627676329439,Fri Jul 30 13:18:49 PDT 2021,37,386,1
1627681513865,Fri Jul 30 14:45:13 PDT 2021,37,388,0
1627681715252,Fri Jul 30 14:48:35 PDT 2021,37,389,1
1627703314564,Fri Jul 30 20:48:34 PDT 2021,37,396,1
1627769723282,Sat Jul 31 15:15:23 PDT 2021,37,401,1
1627771946974,Sat Jul 31 15:52:26 PDT 2021,37,402,1
1627776500606,Sat Jul 31 17:08:20 PDT 2021,37,403,1
1627837685913,Sun Aug 01 10:08:05 PDT 2021,37,404,1
1624995117524,Tue Jun 29 12:31:57 PDT 2021,38,0,1
1624917476982,Mon Jun 28 14:57:56 PDT 2021,38,1,1
1624924617664,Mon Jun 28 16:56:57 PDT 2021,38,2,1
1624978193623,Tue Jun 29 07:49:53 PDT 2021,38,3,0
1624980343405,Tue Jun 29 08:25:43 PDT 2021,38,5,1
1624980927077,Tue Jun 29 08:35:27 PDT 2021,38,6,1
1624983131601,Tue Jun 29 09:12:11 PDT 2021,38,7,0
1624995770583,Tue Jun 29 12:42:50 PDT 2021,38,9,1
1624997115603,Tue Jun 29 13:05:15 PDT 2021,38,10,1
1624999280961,Tue Jun 29 13:41:20 PDT 2021,38,11,1
1625000115322,Tue Jun 29 13:55:15 PDT 2021,38,12,1
1625000328413,Tue Jun 29 13:58:48 PDT 2021,38,13,1
1625002102419,Tue Jun 29 14:28:22 PDT 2021,38,14,1
1625003369420,Tue Jun 29 14:49:29 PDT 2021,38,15,1
1625004253491,Tue Jun 29 15:04:13 PDT 2021,38,16,-1
1625007385283,Tue Jun 29 15:56:25 PDT 2021,38,17,-1
1625007487027,Tue Jun 29 15:58:07 PDT 2021,38,18,1
1625008373695,Tue Jun 29 16:12:53 PDT 2021,38,19,-1
1625008794600,Tue Jun 29 16:19:54 PDT 2021,38,21,-1
1625009080663,Tue Jun 29 16:24:40 PDT 2021,38,22,-1
1625019926852,Tue Jun 29 19:25:26 PDT 2021,38,24,-1
1625019746478,Tue Jun 29 19:22:26 PDT 2021,38,25,1
1625019778668,Tue Jun 29 19:22:58 PDT 2021,38,26,1
1625021734631,Tue Jun 29 19:55:34 PDT 2021,38,27,1
1625055560408,Wed Jun 30 05:19:20 PDT 2021,38,28,0
1625058064204,Wed Jun 30 06:01:04 PDT 2021,38,30,-1
1625064789071,Wed Jun 30 07:53:09 PDT 2021,38,33,0
1625066506366,Wed Jun 30 08:21:46 PDT 2021,38,34,0
1625068570404,Wed Jun 30 08:56:10 PDT 2021,38,35,0
1625069334589,Wed Jun 30 09:08:54 PDT 2021,38,36,-1
1625071674470,Wed Jun 30 09:47:54 PDT 2021,38,37,0
1625071900134,Wed Jun 30 09:51:40 PDT 2021,38,38,-1
1625082391702,Wed Jun 30 12:46:31 PDT 2021,38,40,1
1625099093014,Wed Jun 30 17:24:53 PDT 2021,38,41,-1
1625086446626,Wed Jun 30 13:54:06 PDT 2021,38,42,0
1625089989274,Wed Jun 30 14:53:09 PDT 2021,38,43,-1
1625092944652,Wed Jun 30 15:42:24 PDT 2021,38,45,1
1625095261311,Wed Jun 30 16:21:01 PDT 2021,38,46,-1
1625095114101,Wed Jun 30 16:18:34 PDT 2021,38,47,-1
1625096000009,Wed Jun 30 16:33:20 PDT 2021,38,48,-1
1625099224984,Wed Jun 30 17:27:04 PDT 2021,38,50,1
1625101333706,Wed Jun 30 18:02:13 PDT 2021,38,52,-1
1625101564320,Wed Jun 30 18:06:04 PDT 2021,38,53,-1
1625101714681,Wed Jun 30 18:08:34 PDT 2021,38,54,-1
1625108160109,Wed Jun 30 19:56:00 PDT 2021,38,55,0
1625116522678,Wed Jun 30 22:15:22 PDT 2021,38,57,1
1625117360682,Wed Jun 30 22:29:20 PDT 2021,38,58,-1
1625117728561,Wed Jun 30 22:35:28 PDT 2021,38,59,0
1625150750591,Thu Jul 01 07:45:50 PDT 2021,38,61,1
1625152477303,Thu Jul 01 08:14:37 PDT 2021,38,62,-1
1625152940566,Thu Jul 01 08:22:20 PDT 2021,38,63,1
1625155628922,Thu Jul 01 09:07:08 PDT 2021,38,64,0
1625158273708,Thu Jul 01 09:51:13 PDT 2021,38,65,1
1625410587400,Sun Jul 04 07:56:27 PDT 2021,38,66,0
1625159623642,Thu Jul 01 10:13:43 PDT 2021,38,68,-1
1625159997580,Thu Jul 01 10:19:57 PDT 2021,38,69,-1
1625167896330,Thu Jul 01 12:31:36 PDT 2021,38,70,-1
1625162474772,Thu Jul 01 11:01:14 PDT 2021,38,71,-1
1625163212638,Thu Jul 01 11:13:32 PDT 2021,38,73,-1
1625164859338,Thu Jul 01 11:40:59 PDT 2021,38,74,0
1625165089270,Thu Jul 01 11:44:49 PDT 2021,38,85,-1
1625168724526,Thu Jul 01 12:45:24 PDT 2021,38,92,1
1625173669234,Thu Jul 01 14:07:49 PDT 2021,38,93,0
1625174752294,Thu Jul 01 14:25:52 PDT 2021,38,94,1
1625179609036,Thu Jul 01 15:46:49 PDT 2021,38,95,1
1625183245995,Thu Jul 01 16:47:25 PDT 2021,38,96,-1
1626144824950,Mon Jul 12 19:53:44 PDT 2021,38,98,-1
1625190533876,Thu Jul 01 18:48:53 PDT 2021,38,100,1
1625190977279,Thu Jul 01 18:56:17 PDT 2021,38,101,1
1625200010604,Thu Jul 01 21:26:50 PDT 2021,38,102,-1
1625238032106,Fri Jul 02 08:00:32 PDT 2021,38,103,-1
1625241429863,Fri Jul 02 08:57:09 PDT 2021,38,104,1
1625241732715,Fri Jul 02 09:02:12 PDT 2021,38,105,1
1625242380214,Fri Jul 02 09:13:00 PDT 2021,38,106,-1
1625245555499,Fri Jul 02 10:05:55 PDT 2021,38,107,1
1625266829192,Fri Jul 02 16:00:29 PDT 2021,38,111,1
1625274312885,Fri Jul 02 18:05:12 PDT 2021,38,112,0
1625329322514,Sat Jul 03 09:22:02 PDT 2021,38,118,-1
1625333845480,Sat Jul 03 10:37:25 PDT 2021,38,119,-1
1625362174524,Sat Jul 03 18:29:34 PDT 2021,38,120,0
1625364799106,Sat Jul 03 19:13:19 PDT 2021,38,121,1
1625365263453,Sat Jul 03 19:21:03 PDT 2021,38,122,-1
1625366102048,Sat Jul 03 19:35:02 PDT 2021,38,123,1
1625375541860,Sat Jul 03 22:12:21 PDT 2021,38,124,-1
1625410383702,Sun Jul 04 07:53:03 PDT 2021,38,126,1
1625414776831,Sun Jul 04 09:06:16 PDT 2021,38,127,1
1625424618713,Sun Jul 04 11:50:18 PDT 2021,38,131,1
1625428996726,Sun Jul 04 13:03:16 PDT 2021,38,132,1
1625435328610,Sun Jul 04 14:48:48 PDT 2021,38,135,0
1625436825961,Sun Jul 04 15:13:45 PDT 2021,38,136,1
1625437312028,Sun Jul 04 15:21:52 PDT 2021,38,137,1
1625452028296,Sun Jul 04 19:27:08 PDT 2021,38,141,-1
1625462062160,Sun Jul 04 22:14:22 PDT 2021,38,145,1
1625496000792,Mon Jul 05 07:40:00 PDT 2021,38,147,1
1625528642957,Mon Jul 05 16:44:02 PDT 2021,38,148,0
1625593732723,Tue Jul 06 10:48:52 PDT 2021,38,151,1
1625602542921,Tue Jul 06 13:15:42 PDT 2021,38,152,0
1625613978082,Tue Jul 06 16:26:18 PDT 2021,38,153,1
1625611692776,Tue Jul 06 15:48:12 PDT 2021,38,155,-1
1625627637989,Tue Jul 06 20:13:57 PDT 2021,38,156,-1
1625635859472,Tue Jul 06 22:30:59 PDT 2021,38,157,1
1625672903067,Wed Jul 07 08:48:23 PDT 2021,38,160,-1
1625674892398,Wed Jul 07 09:21:32 PDT 2021,38,161,1
1625675210337,Wed Jul 07 09:26:50 PDT 2021,38,162,-1
1625676554301,Wed Jul 07 09:49:14 PDT 2021,38,163,-1
1625678341250,Wed Jul 07 10:19:01 PDT 2021,38,166,1
1625693277194,Wed Jul 07 14:27:57 PDT 2021,38,173,1
1625693989516,Wed Jul 07 14:39:49 PDT 2021,38,174,-1
1625694718948,Wed Jul 07 14:51:58 PDT 2021,38,176,0
1625695507630,Wed Jul 07 15:05:07 PDT 2021,38,178,-1
1625696704475,Wed Jul 07 15:25:04 PDT 2021,38,181,-1
1625698011523,Wed Jul 07 15:46:51 PDT 2021,38,183,1
1625699406935,Wed Jul 07 16:10:06 PDT 2021,38,184,-1
1625700103608,Wed Jul 07 16:21:43 PDT 2021,38,186,-1
1625700723316,Wed Jul 07 16:32:03 PDT 2021,38,187,0
1625700481345,Wed Jul 07 16:28:01 PDT 2021,38,188,1
1625702770293,Wed Jul 07 17:06:10 PDT 2021,38,189,1
1625710542311,Wed Jul 07 19:15:42 PDT 2021,38,191,1
1625710195724,Wed Jul 07 19:09:55 PDT 2021,38,193,1
1625710558030,Wed Jul 07 19:15:58 PDT 2021,38,194,1
1625722682805,Wed Jul 07 22:38:02 PDT 2021,38,196,1
1625755567745,Thu Jul 08 07:46:07 PDT 2021,38,198,0
1625759411905,Thu Jul 08 08:50:11 PDT 2021,38,199,-1
1625762914514,Thu Jul 08 09:48:34 PDT 2021,38,201,-1
1625763844435,Thu Jul 08 10:04:04 PDT 2021,38,203,1
1625770337400,Thu Jul 08 11:52:17 PDT 2021,38,205,1
1625782459519,Thu Jul 08 15:14:19 PDT 2021,38,207,1
1625783656777,Thu Jul 08 15:34:16 PDT 2021,38,208,1
1625786315103,Thu Jul 08 16:18:35 PDT 2021,38,209,0
1625788536259,Thu Jul 08 16:55:36 PDT 2021,38,210,-1
1625805463031,Thu Jul 08 21:37:43 PDT 2021,38,214,1
1625844482132,Fri Jul 09 08:28:02 PDT 2021,38,215,1
1625855996429,Fri Jul 09 11:39:56 PDT 2021,38,217,1
1625863835122,Fri Jul 09 13:50:35 PDT 2021,38,218,0
1625868262694,Fri Jul 09 15:04:22 PDT 2021,38,219,-1
1625921639609,Sat Jul 10 05:53:59 PDT 2021,38,223,0
1625922284551,Sat Jul 10 06:04:44 PDT 2021,38,224,1
1625929483561,Sat Jul 10 08:04:43 PDT 2021,38,226,1
1625938080766,Sat Jul 10 10:28:00 PDT 2021,38,227,0
1625964356744,Sat Jul 10 17:45:56 PDT 2021,38,232,1
1625971342880,Sat Jul 10 19:42:22 PDT 2021,38,233,0
1625982529413,Sat Jul 10 22:48:49 PDT 2021,38,234,-1
1626012264191,Sun Jul 11 07:04:24 PDT 2021,38,236,1
1626015573030,Sun Jul 11 07:59:33 PDT 2021,38,237,1
1626015776081,Sun Jul 11 08:02:56 PDT 2021,38,238,1
1626018636593,Sun Jul 11 08:50:36 PDT 2021,38,239,-1
1626027403319,Sun Jul 11 11:16:43 PDT 2021,38,240,-1
1626031899527,Sun Jul 11 12:31:39 PDT 2021,38,241,1
1626033435937,Sun Jul 11 12:57:15 PDT 2021,38,243,-1
1626055756683,Sun Jul 11 19:09:16 PDT 2021,38,247,1
1626063349836,Sun Jul 11 21:15:49 PDT 2021,38,248,1
1626097383920,Mon Jul 12 06:43:03 PDT 2021,38,249,0
1626097493192,Mon Jul 12 06:44:53 PDT 2021,38,250,1
1626160189498,Tue Jul 13 00:09:49 PDT 2021,38,255,1
1626184571779,Tue Jul 13 06:56:11 PDT 2021,38,256,1
1626641059036,Sun Jul 18 13:44:19 PDT 2021,38,258,-1
1626214080246,Tue Jul 13 15:08:00 PDT 2021,38,260,1
1626298253567,Wed Jul 14 14:30:53 PDT 2021,38,265,1
1626384182110,Thu Jul 15 14:23:02 PDT 2021,38,267,-1
1626360511444,Thu Jul 15 07:48:31 PDT 2021,38,269,0
1626386397584,Thu Jul 15 14:59:57 PDT 2021,38,271,0
1626455652707,Fri Jul 16 10:14:12 PDT 2021,38,274,1
1626471117935,Fri Jul 16 14:31:57 PDT 2021,38,275,1
1626492906975,Fri Jul 16 20:35:06 PDT 2021,38,276,-1
1626541054841,Sat Jul 17 09:57:34 PDT 2021,38,278,0
1626540496462,Sat Jul 17 09:48:16 PDT 2021,38,279,0
1626545567361,Sat Jul 17 11:12:47 PDT 2021,38,280,1
1626552250017,Sat Jul 17 13:04:10 PDT 2021,38,281,0
1626554071372,Sat Jul 17 13:34:31 PDT 2021,38,282,-1
1626568383406,Sat Jul 17 17:33:03 PDT 2021,38,284,0
1626584873427,Sat Jul 17 22:07:53 PDT 2021,38,286,1
1626713195533,Mon Jul 19 09:46:35 PDT 2021,38,288,1
1626716513218,Mon Jul 19 10:41:53 PDT 2021,38,290,1
1626720397710,Mon Jul 19 11:46:37 PDT 2021,38,291,1
1626737827567,Mon Jul 19 16:37:07 PDT 2021,38,294,1
1626751986147,Mon Jul 19 20:33:06 PDT 2021,38,295,1
1626791714885,Tue Jul 20 07:35:14 PDT 2021,38,296,1
1626798742249,Tue Jul 20 09:32:22 PDT 2021,38,298,1
1626909410371,Wed Jul 21 16:16:50 PDT 2021,38,299,1
1626910752576,Wed Jul 21 16:39:12 PDT 2021,38,300,1
1626919279570,Wed Jul 21 19:01:19 PDT 2021,38,301,-1
1627001497004,Thu Jul 22 17:51:37 PDT 2021,38,302,1
1627002502645,Thu Jul 22 18:08:22 PDT 2021,38,303,-1
1627008930336,Thu Jul 22 19:55:30 PDT 2021,38,305,-1
1627084312840,Fri Jul 23 16:51:52 PDT 2021,38,309,1
1627085335696,Fri Jul 23 17:08:55 PDT 2021,38,310,1
1627087112335,Fri Jul 23 17:38:32 PDT 2021,38,311,1
1627088395762,Fri Jul 23 17:59:55 PDT 2021,38,312,1
1627099531451,Fri Jul 23 21:05:31 PDT 2021,38,313,1
1627100593280,Fri Jul 23 21:23:13 PDT 2021,38,314,1
1627101440149,Fri Jul 23 21:37:20 PDT 2021,38,315,1
1627162449179,Sat Jul 24 14:34:09 PDT 2021,38,317,1
1627187248947,Sat Jul 24 21:27:28 PDT 2021,38,318,0
1627187249190,Sat Jul 24 21:27:29 PDT 2021,38,318,0
1627192158283,Sat Jul 24 22:49:18 PDT 2021,38,319,1
1627407538754,Tue Jul 27 10:38:58 PDT 2021,38,322,-1
1627415057685,Tue Jul 27 12:44:17 PDT 2021,38,325,1
1627424754183,Tue Jul 27 15:25:54 PDT 2021,38,326,0
1627439332271,Tue Jul 27 19:28:52 PDT 2021,38,327,1
1627451136446,Tue Jul 27 22:45:36 PDT 2021,38,328,1
1627502669957,Wed Jul 28 13:04:29 PDT 2021,38,332,1
1627503175864,Wed Jul 28 13:12:55 PDT 2021,38,334,1
1627504608996,Wed Jul 28 13:36:48 PDT 2021,38,336,1
1627504955247,Wed Jul 28 13:42:35 PDT 2021,38,337,1
1627505855103,Wed Jul 28 13:57:35 PDT 2021,38,339,1
1627506617992,Wed Jul 28 14:10:17 PDT 2021,38,341,1
1627506782301,Wed Jul 28 14:13:02 PDT 2021,38,342,1
1627508573773,Wed Jul 28 14:42:53 PDT 2021,38,343,1
1627508947186,Wed Jul 28 14:49:07 PDT 2021,38,345,-1
1627515082567,Wed Jul 28 16:31:22 PDT 2021,38,348,-1
1627522755592,Wed Jul 28 18:39:15 PDT 2021,38,353,-1
1627522412145,Wed Jul 28 18:33:32 PDT 2021,38,356,-1
1627529305610,Wed Jul 28 20:28:25 PDT 2021,38,357,1
1627532097334,Wed Jul 28 21:14:57 PDT 2021,38,358,1
1627532617351,Wed Jul 28 21:23:37 PDT 2021,38,359,1
1627536026199,Wed Jul 28 22:20:26 PDT 2021,38,361,0
1627543915190,Thu Jul 29 00:31:55 PDT 2021,38,364,-1
1627573601299,Thu Jul 29 08:46:41 PDT 2021,38,366,1
1627586681589,Thu Jul 29 12:24:41 PDT 2021,38,373,-1
1627609405768,Thu Jul 29 18:43:25 PDT 2021,38,376,0
1627611861660,Thu Jul 29 19:24:21 PDT 2021,38,377,-1
1627613993115,Thu Jul 29 19:59:53 PDT 2021,38,378,-1
1627656173667,Fri Jul 30 07:42:53 PDT 2021,38,380,0
1627656189340,Fri Jul 30 07:43:09 PDT 2021,38,381,1
1627664174665,Fri Jul 30 09:56:14 PDT 2021,38,382,1
1627666633374,Fri Jul 30 10:37:13 PDT 2021,38,384,-1
1627676087326,Fri Jul 30 13:14:47 PDT 2021,38,386,0
1627676019823,Fri Jul 30 13:13:39 PDT 2021,38,387,1
1627680048505,Fri Jul 30 14:20:48 PDT 2021,38,388,1
1627682027878,Fri Jul 30 14:53:47 PDT 2021,38,389,0
1627686336585,Fri Jul 30 16:05:36 PDT 2021,38,394,1
1627690165309,Fri Jul 30 17:09:25 PDT 2021,38,395,0
1627701952574,Fri Jul 30 20:25:52 PDT 2021,38,396,-1
1627752560670,Sat Jul 31 10:29:20 PDT 2021,38,398,1
1627770435545,Sat Jul 31 15:27:15 PDT 2021,38,401,-1
1627771949729,Sat Jul 31 15:52:29 PDT 2021,38,402,-1
1627775593894,Sat Jul 31 16:53:13 PDT 2021,38,403,-1
1627838068240,Sun Aug 01 10:14:28 PDT 2021,38,404,1
1624994576300,Tue Jun 29 12:22:56 PDT 2021,39,0,0
1624917528564,Mon Jun 28 14:58:48 PDT 2021,39,1,-1
1624924678868,Mon Jun 28 16:57:58 PDT 2021,39,2,-1
1624978341600,Tue Jun 29 07:52:21 PDT 2021,39,3,-1
1624980218453,Tue Jun 29 08:23:38 PDT 2021,39,5,1
1624980845540,Tue Jun 29 08:34:05 PDT 2021,39,6,-1
1624983013692,Tue Jun 29 09:10:13 PDT 2021,39,7,1
1624995147907,Tue Jun 29 12:32:27 PDT 2021,39,8,1
1624995711837,Tue Jun 29 12:41:51 PDT 2021,39,9,0
1624997095713,Tue Jun 29 13:04:55 PDT 2021,39,10,-1
1624999155678,Tue Jun 29 13:39:15 PDT 2021,39,11,-1
1625000177200,Tue Jun 29 13:56:17 PDT 2021,39,12,1
1625000379513,Tue Jun 29 13:59:39 PDT 2021,39,13,-1
1625002071452,Tue Jun 29 14:27:51 PDT 2021,39,14,1
1625003239800,Tue Jun 29 14:47:19 PDT 2021,39,15,0
1625004433549,Tue Jun 29 15:07:13 PDT 2021,39,16,1
1625007304623,Tue Jun 29 15:55:04 PDT 2021,39,17,1
1625007421265,Tue Jun 29 15:57:01 PDT 2021,39,18,0
1625008414810,Tue Jun 29 16:13:34 PDT 2021,39,19,1
1625008888750,Tue Jun 29 16:21:28 PDT 2021,39,21,1
1625009052167,Tue Jun 29 16:24:12 PDT 2021,39,22,1
1625019799380,Tue Jun 29 19:23:19 PDT 2021,39,24,1
1625019864337,Tue Jun 29 19:24:24 PDT 2021,39,25,1
1625019965542,Tue Jun 29 19:26:05 PDT 2021,39,26,-1
1625021824992,Tue Jun 29 19:57:04 PDT 2021,39,27,-1
1625055538300,Wed Jun 30 05:18:58 PDT 2021,39,28,1
1625057611930,Wed Jun 30 05:53:31 PDT 2021,39,30,1
1625064279845,Wed Jun 30 07:44:39 PDT 2021,39,33,0
1625066359555,Wed Jun 30 08:19:19 PDT 2021,39,34,1
1625068440428,Wed Jun 30 08:54:00 PDT 2021,39,35,0
1625068824365,Wed Jun 30 09:00:24 PDT 2021,39,36,1
1625071637226,Wed Jun 30 09:47:17 PDT 2021,39,37,0
1625071806060,Wed Jun 30 09:50:06 PDT 2021,39,38,1
1625082376827,Wed Jun 30 12:46:16 PDT 2021,39,40,-1
1625099270992,Wed Jun 30 17:27:50 PDT 2021,39,41,1
1625086372400,Wed Jun 30 13:52:52 PDT 2021,39,42,1
1625089984281,Wed Jun 30 14:53:04 PDT 2021,39,43,-1
1625092151181,Wed Jun 30 15:29:11 PDT 2021,39,44,1
1625092872356,Wed Jun 30 15:41:12 PDT 2021,39,45,1
1625094910297,Wed Jun 30 16:15:10 PDT 2021,39,46,-1
1625095091815,Wed Jun 30 16:18:11 PDT 2021,39,47,1
1625095969708,Wed Jun 30 16:32:49 PDT 2021,39,48,1
1625099370526,Wed Jun 30 17:29:30 PDT 2021,39,50,0
1625101270155,Wed Jun 30 18:01:10 PDT 2021,39,52,0
1625101731646,Wed Jun 30 18:08:51 PDT 2021,39,53,1
1625101547660,Wed Jun 30 18:05:47 PDT 2021,39,54,0
1625107958332,Wed Jun 30 19:52:38 PDT 2021,39,55,1
1625116097413,Wed Jun 30 22:08:17 PDT 2021,39,57,1
1625117457300,Wed Jun 30 22:30:57 PDT 2021,39,58,0
1625118132730,Wed Jun 30 22:42:12 PDT 2021,39,59,-1
1625120599441,Wed Jun 30 23:23:19 PDT 2021,39,60,1
1625150070448,Thu Jul 01 07:34:30 PDT 2021,39,61,1
1625151943449,Thu Jul 01 08:05:43 PDT 2021,39,62,1
1625153025046,Thu Jul 01 08:23:45 PDT 2021,39,63,1
1625155848962,Thu Jul 01 09:10:48 PDT 2021,39,64,1
1625158165902,Thu Jul 01 09:49:25 PDT 2021,39,65,-1
1625410562099,Sun Jul 04 07:56:02 PDT 2021,39,66,1
1625159408811,Thu Jul 01 10:10:08 PDT 2021,39,68,-1
1625160098811,Thu Jul 01 10:21:38 PDT 2021,39,69,-1
1625160076934,Thu Jul 01 10:21:16 PDT 2021,39,70,1
1625162466605,Thu Jul 01 11:01:06 PDT 2021,39,71,-1
1625163642848,Thu Jul 01 11:20:42 PDT 2021,39,73,1
1625164875006,Thu Jul 01 11:41:15 PDT 2021,39,74,0
1625164205019,Thu Jul 01 11:30:05 PDT 2021,39,83,-1
1625165091956,Thu Jul 01 11:44:51 PDT 2021,39,85,-1
1625168613651,Thu Jul 01 12:43:33 PDT 2021,39,92,1
1625175099827,Thu Jul 01 14:31:39 PDT 2021,39,94,-1
1625179581794,Thu Jul 01 15:46:21 PDT 2021,39,95,1
1625183076539,Thu Jul 01 16:44:36 PDT 2021,39,96,1
1625186891095,Thu Jul 01 17:48:11 PDT 2021,39,98,1
1625189737797,Thu Jul 01 18:35:37 PDT 2021,39,99,1
1625190977160,Thu Jul 01 18:56:17 PDT 2021,39,100,0
1625191214628,Thu Jul 01 19:00:14 PDT 2021,39,101,1
1625200073229,Thu Jul 01 21:27:53 PDT 2021,39,102,1
1625238158174,Fri Jul 02 08:02:38 PDT 2021,39,103,1
1625241523531,Fri Jul 02 08:58:43 PDT 2021,39,104,-1
1625241863527,Fri Jul 02 09:04:23 PDT 2021,39,105,1
1625242156651,Fri Jul 02 09:09:16 PDT 2021,39,106,0
1625246305500,Fri Jul 02 10:18:25 PDT 2021,39,107,-1
1625251648187,Fri Jul 02 11:47:28 PDT 2021,39,108,1
1625265482514,Fri Jul 02 15:38:02 PDT 2021,39,110,1
1625266461755,Fri Jul 02 15:54:21 PDT 2021,39,111,1
1625275674073,Fri Jul 02 18:27:54 PDT 2021,39,112,-1
1625295559270,Fri Jul 02 23:59:19 PDT 2021,39,115,1
1625320435566,Sat Jul 03 06:53:55 PDT 2021,39,116,1
1625329627679,Sat Jul 03 09:27:07 PDT 2021,39,118,1
1625333331717,Sat Jul 03 10:28:51 PDT 2021,39,119,-1
1625364728218,Sat Jul 03 19:12:08 PDT 2021,39,121,-1
1625365704068,Sat Jul 03 19:28:24 PDT 2021,39,122,1
1625366560038,Sat Jul 03 19:42:40 PDT 2021,39,123,-1
1625374634286,Sat Jul 03 21:57:14 PDT 2021,39,124,1
1625414517410,Sun Jul 04 09:01:57 PDT 2021,39,127,0
1625424902595,Sun Jul 04 11:55:02 PDT 2021,39,131,-1
1625429036035,Sun Jul 04 13:03:56 PDT 2021,39,132,1
1625436035832,Sun Jul 04 15:00:35 PDT 2021,39,135,1
1625436944553,Sun Jul 04 15:15:44 PDT 2021,39,136,1
1625437241337,Sun Jul 04 15:20:41 PDT 2021,39,137,1
1625452158306,Sun Jul 04 19:29:18 PDT 2021,39,141,1
1625461469731,Sun Jul 04 22:04:29 PDT 2021,39,144,-1
1625463150302,Sun Jul 04 22:32:30 PDT 2021,39,145,-1
1625496778675,Mon Jul 05 07:52:58 PDT 2021,39,147,-1
1625594080237,Tue Jul 06 10:54:40 PDT 2021,39,151,1
1625602910319,Tue Jul 06 13:21:50 PDT 2021,39,152,0
1625597920261,Tue Jul 06 11:58:40 PDT 2021,39,153,1
1625611595983,Tue Jul 06 15:46:35 PDT 2021,39,155,1
1625627557857,Tue Jul 06 20:12:37 PDT 2021,39,156,1
1625635927836,Tue Jul 06 22:32:07 PDT 2021,39,157,0
1625673092170,Wed Jul 07 08:51:32 PDT 2021,39,160,1
1625674856608,Wed Jul 07 09:20:56 PDT 2021,39,161,1
1625675401624,Wed Jul 07 09:30:01 PDT 2021,39,162,1
1625676379359,Wed Jul 07 09:46:19 PDT 2021,39,163,0
1625678697386,Wed Jul 07 10:24:57 PDT 2021,39,166,-1
1625690076982,Wed Jul 07 13:34:36 PDT 2021,39,172,1
1625694033032,Wed Jul 07 14:40:33 PDT 2021,39,173,-1
1625694181907,Wed Jul 07 14:43:01 PDT 2021,39,174,1
1625694639332,Wed Jul 07 14:50:39 PDT 2021,39,176,0
1625694585272,Wed Jul 07 14:49:45 PDT 2021,39,177,1
1625695754955,Wed Jul 07 15:09:14 PDT 2021,39,178,1
1625696812274,Wed Jul 07 15:26:52 PDT 2021,39,181,1
1625698426715,Wed Jul 07 15:53:46 PDT 2021,39,183,0
1625699854460,Wed Jul 07 16:17:34 PDT 2021,39,184,1
1625700180121,Wed Jul 07 16:23:00 PDT 2021,39,186,1
1625700759572,Wed Jul 07 16:32:39 PDT 2021,39,187,1
1625700421808,Wed Jul 07 16:27:01 PDT 2021,39,188,1
1625702872544,Wed Jul 07 17:07:52 PDT 2021,39,189,-1
1625710417827,Wed Jul 07 19:13:37 PDT 2021,39,191,0
1625710519760,Wed Jul 07 19:15:19 PDT 2021,39,193,1
1625710829475,Wed Jul 07 19:20:29 PDT 2021,39,194,1
1625722841411,Wed Jul 07 22:40:41 PDT 2021,39,196,1
1625753088089,Thu Jul 08 07:04:48 PDT 2021,39,197,1
1625772823258,Thu Jul 08 12:33:43 PDT 2021,39,198,1
1625759561816,Thu Jul 08 08:52:41 PDT 2021,39,199,1
1625762513305,Thu Jul 08 09:41:53 PDT 2021,39,201,-1
1625763561137,Thu Jul 08 09:59:21 PDT 2021,39,203,0
1625770603541,Thu Jul 08 11:56:43 PDT 2021,39,205,-1
1625781961807,Thu Jul 08 15:06:01 PDT 2021,39,207,1
1625783807508,Thu Jul 08 15:36:47 PDT 2021,39,208,1
1625786801043,Thu Jul 08 16:26:41 PDT 2021,39,209,1
1625789924283,Thu Jul 08 17:18:44 PDT 2021,39,210,1
1625796389606,Thu Jul 08 19:06:29 PDT 2021,39,212,0
1625801376013,Thu Jul 08 20:29:36 PDT 2021,39,213,1
1625844973015,Fri Jul 09 08:36:13 PDT 2021,39,215,-1
1625853110483,Fri Jul 09 10:51:50 PDT 2021,39,216,1
1625855711279,Fri Jul 09 11:35:11 PDT 2021,39,217,-1
1625864190636,Fri Jul 09 13:56:30 PDT 2021,39,218,1
1625868566054,Fri Jul 09 15:09:26 PDT 2021,39,219,1
1625921595598,Sat Jul 10 05:53:15 PDT 2021,39,223,-1
1625921965881,Sat Jul 10 05:59:25 PDT 2021,39,224,-1
1625929664147,Sat Jul 10 08:07:44 PDT 2021,39,226,1
1625961717476,Sat Jul 10 17:01:57 PDT 2021,39,231,1
1625965565771,Sat Jul 10 18:06:05 PDT 2021,39,232,0
1625971693118,Sat Jul 10 19:48:13 PDT 2021,39,233,1
1625982551842,Sat Jul 10 22:49:11 PDT 2021,39,234,-1
1626011397081,Sun Jul 11 06:49:57 PDT 2021,39,236,-1
1626015348105,Sun Jul 11 07:55:48 PDT 2021,39,237,-1
1626015547689,Sun Jul 11 07:59:07 PDT 2021,39,238,1
1626018328512,Sun Jul 11 08:45:28 PDT 2021,39,239,-1
1626027412615,Sun Jul 11 11:16:52 PDT 2021,39,240,1
1626031799947,Sun Jul 11 12:29:59 PDT 2021,39,241,1
1626033309774,Sun Jul 11 12:55:09 PDT 2021,39,243,0
1626055943534,Sun Jul 11 19:12:23 PDT 2021,39,247,1
1626062872121,Sun Jul 11 21:07:52 PDT 2021,39,248,-1
1626097239588,Mon Jul 12 06:40:39 PDT 2021,39,249,-1
1626097194880,Mon Jul 12 06:39:54 PDT 2021,39,250,1
1626160502969,Tue Jul 13 00:15:02 PDT 2021,39,255,-1
1626184588447,Tue Jul 13 06:56:28 PDT 2021,39,256,1
1626214072466,Tue Jul 13 15:07:52 PDT 2021,39,260,0
1626215483727,Tue Jul 13 15:31:23 PDT 2021,39,261,-1
1626298414230,Wed Jul 14 14:33:34 PDT 2021,39,265,1
1626383817072,Thu Jul 15 14:16:57 PDT 2021,39,267,1
1626386169287,Thu Jul 15 14:56:09 PDT 2021,39,271,0
1626455265088,Fri Jul 16 10:07:45 PDT 2021,39,274,-1
1626471308330,Fri Jul 16 14:35:08 PDT 2021,39,275,0
1626492840941,Fri Jul 16 20:34:00 PDT 2021,39,276,1
1626540920544,Sat Jul 17 09:55:20 PDT 2021,39,278,1
1626540253625,Sat Jul 17 09:44:13 PDT 2021,39,279,1
1626545514452,Sat Jul 17 11:11:54 PDT 2021,39,280,1
1626552751165,Sat Jul 17 13:12:31 PDT 2021,39,281,1
1626553486531,Sat Jul 17 13:24:46 PDT 2021,39,282,1
1626570991258,Sat Jul 17 18:16:31 PDT 2021,39,284,1
1626584866285,Sat Jul 17 22:07:46 PDT 2021,39,286,1
1626584866364,Sat Jul 17 22:07:46 PDT 2021,39,286,1
1626713210724,Mon Jul 19 09:46:50 PDT 2021,39,288,-1
1626716290566,Mon Jul 19 10:38:10 PDT 2021,39,290,1
1626716290688,Mon Jul 19 10:38:10 PDT 2021,39,290,1
1626720110634,Mon Jul 19 11:41:50 PDT 2021,39,291,0
1626737655498,Mon Jul 19 16:34:15 PDT 2021,39,294,-1
1626752280029,Mon Jul 19 20:38:00 PDT 2021,39,295,-1
1626792465628,Tue Jul 20 07:47:45 PDT 2021,39,296,-1
1626798964198,Tue Jul 20 09:36:04 PDT 2021,39,298,0
1626909430692,Wed Jul 21 16:17:10 PDT 2021,39,299,-1
1626965209715,Thu Jul 22 07:46:49 PDT 2021,39,300,0
1626918989169,Wed Jul 21 18:56:29 PDT 2021,39,301,1
1627001240393,Thu Jul 22 17:47:20 PDT 2021,39,302,0
1627002637327,Thu Jul 22 18:10:37 PDT 2021,39,303,-1
1627007831328,Thu Jul 22 19:37:11 PDT 2021,39,304,0
1627008583864,Thu Jul 22 19:49:43 PDT 2021,39,305,1
1627083703898,Fri Jul 23 16:41:43 PDT 2021,39,309,-1
1627085468857,Fri Jul 23 17:11:08 PDT 2021,39,310,-1
1627086778871,Fri Jul 23 17:32:58 PDT 2021,39,311,-1
1627087935374,Fri Jul 23 17:52:15 PDT 2021,39,312,-1
1627099917492,Fri Jul 23 21:11:57 PDT 2021,39,313,1
1627100764158,Fri Jul 23 21:26:04 PDT 2021,39,314,-1
1627102030137,Fri Jul 23 21:47:10 PDT 2021,39,315,1
1627162963387,Sat Jul 24 14:42:43 PDT 2021,39,317,-1
1627187814674,Sat Jul 24 21:36:54 PDT 2021,39,318,1
1627191549287,Sat Jul 24 22:39:09 PDT 2021,39,319,1
1627191549634,Sat Jul 24 22:39:09 PDT 2021,39,319,1
1627407919981,Tue Jul 27 10:45:19 PDT 2021,39,322,1
1627414988377,Tue Jul 27 12:43:08 PDT 2021,39,325,1
1627699506944,Fri Jul 30 19:45:06 PDT 2021,39,326,1
1627451222761,Tue Jul 27 22:47:02 PDT 2021,39,328,1
1627451479484,Tue Jul 27 22:51:19 PDT 2021,39,329,1
1627503180653,Wed Jul 28 13:13:00 PDT 2021,39,334,1
1627505309457,Wed Jul 28 13:48:29 PDT 2021,39,337,1
1627505918105,Wed Jul 28 13:58:38 PDT 2021,39,339,1
1627506642447,Wed Jul 28 14:10:42 PDT 2021,39,341,1
1627508790838,Wed Jul 28 14:46:30 PDT 2021,39,343,-1
1627515207362,Wed Jul 28 16:33:27 PDT 2021,39,348,1
1627515279136,Wed Jul 28 16:34:39 PDT 2021,39,349,1
1627522630696,Wed Jul 28 18:37:10 PDT 2021,39,353,1
1627522007610,Wed Jul 28 18:26:47 PDT 2021,39,356,1
1627530550950,Wed Jul 28 20:49:10 PDT 2021,39,357,-1
1627532118114,Wed Jul 28 21:15:18 PDT 2021,39,358,-1
1627536018339,Wed Jul 28 22:20:18 PDT 2021,39,361,0
1627544490841,Thu Jul 29 00:41:30 PDT 2021,39,364,-1
1627573959177,Thu Jul 29 08:52:39 PDT 2021,39,366,-1
1627587190061,Thu Jul 29 12:33:10 PDT 2021,39,373,1
1627609090819,Thu Jul 29 18:38:10 PDT 2021,39,376,-1
1627613784236,Thu Jul 29 19:56:24 PDT 2021,39,378,1
1627655301653,Fri Jul 30 07:28:21 PDT 2021,39,380,1
1627663859146,Fri Jul 30 09:50:59 PDT 2021,39,382,1
1627664901620,Fri Jul 30 10:08:21 PDT 2021,39,383,1
1627666498855,Fri Jul 30 10:34:58 PDT 2021,39,384,1
1627676339886,Fri Jul 30 13:18:59 PDT 2021,39,386,1
1627681191712,Fri Jul 30 14:39:51 PDT 2021,39,388,1
1627682461076,Fri Jul 30 15:01:01 PDT 2021,39,389,1
1627684610148,Fri Jul 30 15:36:50 PDT 2021,39,392,-1
1627686250684,Fri Jul 30 16:04:10 PDT 2021,39,394,-1
1627702522661,Fri Jul 30 20:35:22 PDT 2021,39,396,1
1627752372376,Sat Jul 31 10:26:12 PDT 2021,39,397,-1
1627769774539,Sat Jul 31 15:16:14 PDT 2021,39,401,1
1627772227036,Sat Jul 31 15:57:07 PDT 2021,39,402,1
1627776066726,Sat Jul 31 17:01:06 PDT 2021,39,403,1
1627837744825,Sun Aug 01 10:09:04 PDT 2021,39,404,1
1624995148473,Tue Jun 29 12:32:28 PDT 2021,40,0,-1
1624917371312,Mon Jun 28 14:56:11 PDT 2021,40,1,-1
1624924349045,Mon Jun 28 16:52:29 PDT 2021,40,2,-1
1624978268469,Tue Jun 29 07:51:08 PDT 2021,40,3,0
1624980281355,Tue Jun 29 08:24:41 PDT 2021,40,5,0
1624981030211,Tue Jun 29 08:37:10 PDT 2021,40,6,-1
1624983206067,Tue Jun 29 09:13:26 PDT 2021,40,7,0
1624995579290,Tue Jun 29 12:39:39 PDT 2021,40,9,0
1624997195522,Tue Jun 29 13:06:35 PDT 2021,40,10,-1
1624999337282,Tue Jun 29 13:42:17 PDT 2021,40,11,-1
1625000458163,Tue Jun 29 14:00:58 PDT 2021,40,12,0
1625000513236,Tue Jun 29 14:01:53 PDT 2021,40,13,-1
1625002296509,Tue Jun 29 14:31:36 PDT 2021,40,14,0
1625003511248,Tue Jun 29 14:51:51 PDT 2021,40,15,-1
1625005049617,Tue Jun 29 15:17:29 PDT 2021,40,16,1
1625007490789,Tue Jun 29 15:58:10 PDT 2021,40,17,0
1625007532172,Tue Jun 29 15:58:52 PDT 2021,40,18,0
1625008573776,Tue Jun 29 16:16:13 PDT 2021,40,19,-1
1625009035701,Tue Jun 29 16:23:55 PDT 2021,40,21,-1
1625009007990,Tue Jun 29 16:23:27 PDT 2021,40,22,1
1625020088281,Tue Jun 29 19:28:08 PDT 2021,40,24,0
1625019950333,Tue Jun 29 19:25:50 PDT 2021,40,25,-1
1625020227234,Tue Jun 29 19:30:27 PDT 2021,40,26,0
1625022165529,Tue Jun 29 20:02:45 PDT 2021,40,27,1
1625055600380,Wed Jun 30 05:20:00 PDT 2021,40,28,-1
1625058115663,Wed Jun 30 06:01:55 PDT 2021,40,30,-1
1625065237566,Wed Jun 30 08:00:37 PDT 2021,40,33,-1
1625066335646,Wed Jun 30 08:18:55 PDT 2021,40,34,-1
1625068580653,Wed Jun 30 08:56:20 PDT 2021,40,35,-1
1625069469764,Wed Jun 30 09:11:09 PDT 2021,40,36,-1
1625071980528,Wed Jun 30 09:53:00 PDT 2021,40,37,0
1625072110200,Wed Jun 30 09:55:10 PDT 2021,40,38,-1
1625082582342,Wed Jun 30 12:49:42 PDT 2021,40,40,-1
1625099574668,Wed Jun 30 17:32:54 PDT 2021,40,41,-1
1625086735744,Wed Jun 30 13:58:55 PDT 2021,40,42,-1
1625090232314,Wed Jun 30 14:57:12 PDT 2021,40,43,-1
1625093198178,Wed Jun 30 15:46:38 PDT 2021,40,45,-1
1625095508797,Wed Jun 30 16:25:08 PDT 2021,40,46,-1
1625095286107,Wed Jun 30 16:21:26 PDT 2021,40,47,-1
1625096277697,Wed Jun 30 16:37:57 PDT 2021,40,48,-1
1625099585580,Wed Jun 30 17:33:05 PDT 2021,40,50,-1
1625102871647,Wed Jun 30 18:27:51 PDT 2021,40,52,-1
1625101809150,Wed Jun 30 18:10:09 PDT 2021,40,53,1
1625101766706,Wed Jun 30 18:09:26 PDT 2021,40,54,0
1625108393233,Wed Jun 30 19:59:53 PDT 2021,40,55,-1
1625116563657,Wed Jun 30 22:16:03 PDT 2021,40,57,-1
1625117989396,Wed Jun 30 22:39:49 PDT 2021,40,59,0
1625151045955,Thu Jul 01 07:50:45 PDT 2021,40,61,-1
1625152766270,Thu Jul 01 08:19:26 PDT 2021,40,62,-1
1625154631862,Thu Jul 01 08:50:31 PDT 2021,40,63,0
1625156016198,Thu Jul 01 09:13:36 PDT 2021,40,64,-1
1625158310872,Thu Jul 01 09:51:50 PDT 2021,40,65,0
1625410835580,Sun Jul 04 08:00:35 PDT 2021,40,66,-1
1625159988401,Thu Jul 01 10:19:48 PDT 2021,40,68,-1
1625160374784,Thu Jul 01 10:26:14 PDT 2021,40,69,-1
1625167981929,Thu Jul 01 12:33:01 PDT 2021,40,70,0
1625162857343,Thu Jul 01 11:07:37 PDT 2021,40,71,1
1625163696200,Thu Jul 01 11:21:36 PDT 2021,40,73,-1
1625167045192,Thu Jul 01 12:17:25 PDT 2021,40,74,0
1625165115665,Thu Jul 01 11:45:15 PDT 2021,40,85,-1
1625168928992,Thu Jul 01 12:48:48 PDT 2021,40,92,0
1625175435600,Thu Jul 01 14:37:15 PDT 2021,40,94,0
1625179818119,Thu Jul 01 15:50:18 PDT 2021,40,95,0
1625183316219,Thu Jul 01 16:48:36 PDT 2021,40,96,-1
1626145093049,Mon Jul 12 19:58:13 PDT 2021,40,98,0
1625191667426,Thu Jul 01 19:07:47 PDT 2021,40,100,-1
1625191303824,Thu Jul 01 19:01:43 PDT 2021,40,101,-1
1625200289435,Thu Jul 01 21:31:29 PDT 2021,40,102,-1
1625238453552,Fri Jul 02 08:07:33 PDT 2021,40,103,-1
1625242028928,Fri Jul 02 09:07:08 PDT 2021,40,104,-1
1625242418563,Fri Jul 02 09:13:38 PDT 2021,40,106,0
1625246554425,Fri Jul 02 10:22:34 PDT 2021,40,107,-1
1625267030613,Fri Jul 02 16:03:50 PDT 2021,40,111,-1
1625276647374,Fri Jul 02 18:44:07 PDT 2021,40,112,-1
1625329725981,Sat Jul 03 09:28:45 PDT 2021,40,118,0
1625334273483,Sat Jul 03 10:44:33 PDT 2021,40,119,-1
1625365171277,Sat Jul 03 19:19:31 PDT 2021,40,121,1
1625365800548,Sat Jul 03 19:30:00 PDT 2021,40,122,0
1625366617550,Sat Jul 03 19:43:37 PDT 2021,40,123,-1
1625376265711,Sat Jul 03 22:24:25 PDT 2021,40,124,0
1625415091909,Sun Jul 04 09:11:31 PDT 2021,40,127,-1
1625425200347,Sun Jul 04 12:00:00 PDT 2021,40,131,-1
1625429256087,Sun Jul 04 13:07:36 PDT 2021,40,132,1
1625436282559,Sun Jul 04 15:04:42 PDT 2021,40,135,0
1625436720059,Sun Jul 04 15:12:00 PDT 2021,40,136,0
1625437379646,Sun Jul 04 15:22:59 PDT 2021,40,137,-1
1625452500340,Sun Jul 04 19:35:00 PDT 2021,40,141,-1
1625463456739,Sun Jul 04 22:37:36 PDT 2021,40,145,0
1625497029193,Mon Jul 05 07:57:09 PDT 2021,40,147,-1
1625594126766,Tue Jul 06 10:55:26 PDT 2021,40,151,-1
1625603050138,Tue Jul 06 13:24:10 PDT 2021,40,152,0
1625613891267,Tue Jul 06 16:24:51 PDT 2021,40,153,0
1625611928232,Tue Jul 06 15:52:08 PDT 2021,40,155,-1
1625627568475,Tue Jul 06 20:12:48 PDT 2021,40,156,1
1625635997555,Tue Jul 06 22:33:17 PDT 2021,40,157,-1
1625673533627,Wed Jul 07 08:58:53 PDT 2021,40,160,0
1625674981486,Wed Jul 07 09:23:01 PDT 2021,40,161,-1
1625675686387,Wed Jul 07 09:34:46 PDT 2021,40,162,0
1625676851925,Wed Jul 07 09:54:11 PDT 2021,40,163,-1
1625678878063,Wed Jul 07 10:27:58 PDT 2021,40,166,-1
1625694389004,Wed Jul 07 14:46:29 PDT 2021,40,173,-1
1625694184961,Wed Jul 07 14:43:04 PDT 2021,40,174,-1
1625696905438,Wed Jul 07 15:28:25 PDT 2021,40,181,-1
1625698948336,Wed Jul 07 16:02:28 PDT 2021,40,183,-1
1625700276205,Wed Jul 07 16:24:36 PDT 2021,40,186,-1
1625700699705,Wed Jul 07 16:31:39 PDT 2021,40,187,-1
1625700914779,Wed Jul 07 16:35:14 PDT 2021,40,188,1
1625703274675,Wed Jul 07 17:14:34 PDT 2021,40,189,1
1625709656446,Wed Jul 07 19:00:56 PDT 2021,40,191,-1
1625711291709,Wed Jul 07 19:28:11 PDT 2021,40,194,-1
1625723249163,Wed Jul 07 22:47:29 PDT 2021,40,196,-1
1625772947031,Thu Jul 08 12:35:47 PDT 2021,40,198,-1
1625759672813,Thu Jul 08 08:54:32 PDT 2021,40,199,-1
1625763064767,Thu Jul 08 09:51:04 PDT 2021,40,201,0
1625763942683,Thu Jul 08 10:05:42 PDT 2021,40,203,0
1625770781471,Thu Jul 08 11:59:41 PDT 2021,40,205,-1
1625781550151,Thu Jul 08 14:59:10 PDT 2021,40,207,-1
1625784520506,Thu Jul 08 15:48:40 PDT 2021,40,208,-1
1625787079030,Thu Jul 08 16:31:19 PDT 2021,40,209,-1
1625845501246,Fri Jul 09 08:45:01 PDT 2021,40,215,-1
1625856245822,Fri Jul 09 11:44:05 PDT 2021,40,217,-1
1625864423234,Fri Jul 09 14:00:23 PDT 2021,40,218,-1
1625868722175,Fri Jul 09 15:12:02 PDT 2021,40,219,-1
1625921570953,Sat Jul 10 05:52:50 PDT 2021,40,223,-1
1625922678307,Sat Jul 10 06:11:18 PDT 2021,40,224,-1
1625930016602,Sat Jul 10 08:13:36 PDT 2021,40,226,-1
1625965763337,Sat Jul 10 18:09:23 PDT 2021,40,232,-1
1625982676533,Sat Jul 10 22:51:16 PDT 2021,40,234,-1
1626012075751,Sun Jul 11 07:01:15 PDT 2021,40,236,-1
1626015741044,Sun Jul 11 08:02:21 PDT 2021,40,237,-1
1626016041558,Sun Jul 11 08:07:21 PDT 2021,40,238,0
1626019032589,Sun Jul 11 08:57:12 PDT 2021,40,239,1
1626027698117,Sun Jul 11 11:21:38 PDT 2021,40,240,-1
1626032070962,Sun Jul 11 12:34:30 PDT 2021,40,241,-1
1626033983620,Sun Jul 11 13:06:23 PDT 2021,40,243,-1
1626063721002,Sun Jul 11 21:22:01 PDT 2021,40,248,-1
1626097790930,Mon Jul 12 06:49:50 PDT 2021,40,250,-1
1626160594761,Tue Jul 13 00:16:34 PDT 2021,40,255,0
1626185373449,Tue Jul 13 07:09:33 PDT 2021,40,256,-1
1626214343626,Tue Jul 13 15:12:23 PDT 2021,40,260,1
1626298444769,Wed Jul 14 14:34:04 PDT 2021,40,265,0
1626384390806,Thu Jul 15 14:26:30 PDT 2021,40,267,-1
1626386481137,Thu Jul 15 15:01:21 PDT 2021,40,271,-1
1626456317250,Fri Jul 16 10:25:17 PDT 2021,40,274,0
1626471038050,Fri Jul 16 14:30:38 PDT 2021,40,275,0
1626493203626,Fri Jul 16 20:40:03 PDT 2021,40,276,0
1626541506243,Sat Jul 17 10:05:06 PDT 2021,40,278,0
1626546340478,Sat Jul 17 11:25:40 PDT 2021,40,280,0
1626552906072,Sat Jul 17 13:15:06 PDT 2021,40,281,-1
1626553693777,Sat Jul 17 13:28:13 PDT 2021,40,282,0
1626571013682,Sat Jul 17 18:16:53 PDT 2021,40,284,-1
1626584937006,Sat Jul 17 22:08:57 PDT 2021,40,286,-1
1626713366290,Mon Jul 19 09:49:26 PDT 2021,40,288,0
1626721010759,Mon Jul 19 11:56:50 PDT 2021,40,291,0
1626737564783,Mon Jul 19 16:32:44 PDT 2021,40,294,-1
1626752650949,Mon Jul 19 20:44:10 PDT 2021,40,295,-1
1626792710912,Tue Jul 20 07:51:50 PDT 2021,40,296,-1
1626799320379,Tue Jul 20 09:42:00 PDT 2021,40,298,-1
1626910373919,Wed Jul 21 16:32:53 PDT 2021,40,299,1
1626965429811,Thu Jul 22 07:50:29 PDT 2021,40,300,0
1627001606053,Thu Jul 22 17:53:26 PDT 2021,40,302,0
1627002762127,Thu Jul 22 18:12:42 PDT 2021,40,303,-1
1627009194088,Thu Jul 22 19:59:54 PDT 2021,40,305,0
1627084466023,Fri Jul 23 16:54:26 PDT 2021,40,309,1
1627085409921,Fri Jul 23 17:10:09 PDT 2021,40,310,1
1627087304685,Fri Jul 23 17:41:44 PDT 2021,40,311,1
1627088638726,Fri Jul 23 18:03:58 PDT 2021,40,312,1
1627100335714,Fri Jul 23 21:18:55 PDT 2021,40,313,1
1627101270829,Fri Jul 23 21:34:30 PDT 2021,40,314,1
1627102139207,Fri Jul 23 21:48:59 PDT 2021,40,315,1
1627163068686,Sat Jul 24 14:44:28 PDT 2021,40,317,-1
1627187598405,Sat Jul 24 21:33:18 PDT 2021,40,318,-1
1627191639088,Sat Jul 24 22:40:39 PDT 2021,40,319,-1
1627408028683,Tue Jul 27 10:47:08 PDT 2021,40,322,-1
1627698759076,Fri Jul 30 19:32:39 PDT 2021,40,326,-1
1627505378904,Wed Jul 28 13:49:38 PDT 2021,40,337,1
1627505792677,Wed Jul 28 13:56:32 PDT 2021,40,339,-1
1627509256208,Wed Jul 28 14:54:16 PDT 2021,40,343,1
1627515405954,Wed Jul 28 16:36:45 PDT 2021,40,348,-1
1627515194563,Wed Jul 28 16:33:14 PDT 2021,40,349,0
1627523902247,Wed Jul 28 18:58:22 PDT 2021,40,353,1
1627522432669,Wed Jul 28 18:33:52 PDT 2021,40,356,-1
1627530651574,Wed Jul 28 20:50:51 PDT 2021,40,357,1
1627531933415,Wed Jul 28 21:12:13 PDT 2021,40,358,1
1627544518563,Thu Jul 29 00:41:58 PDT 2021,40,364,0
1627574032498,Thu Jul 29 08:53:52 PDT 2021,40,366,1
1627578912040,Thu Jul 29 10:15:12 PDT 2021,40,368,-1
1627587445687,Thu Jul 29 12:37:25 PDT 2021,40,373,0
1627609188546,Thu Jul 29 18:39:48 PDT 2021,40,376,0
1627611918750,Thu Jul 29 19:25:18 PDT 2021,40,377,-1
1627656393452,Fri Jul 30 07:46:33 PDT 2021,40,380,0
1627664264552,Fri Jul 30 09:57:44 PDT 2021,40,382,-1
1627667904876,Fri Jul 30 10:58:24 PDT 2021,40,384,0
1627675889045,Fri Jul 30 13:11:29 PDT 2021,40,386,-1
1627681627470,Fri Jul 30 14:47:07 PDT 2021,40,388,-1
1627682683802,Fri Jul 30 15:04:43 PDT 2021,40,389,-1
1627703830928,Fri Jul 30 20:57:10 PDT 2021,40,396,-1
1627770476247,Sat Jul 31 15:27:56 PDT 2021,40,401,-1
1627771640289,Sat Jul 31 15:47:20 PDT 2021,40,402,0
1627777066474,Sat Jul 31 17:17:46 PDT 2021,40,403,-1
1627838141240,Sun Aug 01 10:15:41 PDT 2021,40,404,-1
1624994746200,Tue Jun 29 12:25:46 PDT 2021,41,0,1
1624917557151,Mon Jun 28 14:59:17 PDT 2021,41,1,1
1624924378669,Mon Jun 28 16:52:58 PDT 2021,41,2,1
1624978136537,Tue Jun 29 07:48:56 PDT 2021,41,3,0
1624979996654,Tue Jun 29 08:19:56 PDT 2021,41,5,1
1624980785429,Tue Jun 29 08:33:05 PDT 2021,41,6,1
1624983165441,Tue Jun 29 09:12:45 PDT 2021,41,7,1
1624995767398,Tue Jun 29 12:42:47 PDT 2021,41,9,0
1624996966372,Tue Jun 29 13:02:46 PDT 2021,41,10,1
1624999245833,Tue Jun 29 13:40:45 PDT 2021,41,11,1
1625000197236,Tue Jun 29 13:56:37 PDT 2021,41,12,1
1625000333697,Tue Jun 29 13:58:53 PDT 2021,41,13,-1
1625002112214,Tue Jun 29 14:28:32 PDT 2021,41,14,1
1625003404099,Tue Jun 29 14:50:04 PDT 2021,41,15,1
1625003953229,Tue Jun 29 14:59:13 PDT 2021,41,16,1
1625007267366,Tue Jun 29 15:54:27 PDT 2021,41,17,1
1625007423300,Tue Jun 29 15:57:03 PDT 2021,41,18,1
1625008396734,Tue Jun 29 16:13:16 PDT 2021,41,19,1
1625008851314,Tue Jun 29 16:20:51 PDT 2021,41,21,1
1625009042983,Tue Jun 29 16:24:02 PDT 2021,41,22,1
1625019376673,Tue Jun 29 19:16:16 PDT 2021,41,24,1
1625019795447,Tue Jun 29 19:23:15 PDT 2021,41,25,1
1625020010545,Tue Jun 29 19:26:50 PDT 2021,41,26,1
1625021958286,Tue Jun 29 19:59:18 PDT 2021,41,27,1
1625055647479,Wed Jun 30 05:20:47 PDT 2021,41,28,1
1625057773471,Wed Jun 30 05:56:13 PDT 2021,41,30,1
1625064565043,Wed Jun 30 07:49:25 PDT 2021,41,33,1
1625066296992,Wed Jun 30 08:18:16 PDT 2021,41,34,1
1625068323087,Wed Jun 30 08:52:03 PDT 2021,41,35,1
1625069356448,Wed Jun 30 09:09:16 PDT 2021,41,36,1
1625071557377,Wed Jun 30 09:45:57 PDT 2021,41,37,1
1625072060196,Wed Jun 30 09:54:20 PDT 2021,41,38,1
1625082491359,Wed Jun 30 12:48:11 PDT 2021,41,40,1
1625099486475,Wed Jun 30 17:31:26 PDT 2021,41,41,-1
1625085850570,Wed Jun 30 13:44:10 PDT 2021,41,42,1
1625089876768,Wed Jun 30 14:51:16 PDT 2021,41,43,1
1625092876339,Wed Jun 30 15:41:16 PDT 2021,41,45,1
1625095207311,Wed Jun 30 16:20:07 PDT 2021,41,46,0
1625095081048,Wed Jun 30 16:18:01 PDT 2021,41,47,1
1625096196203,Wed Jun 30 16:36:36 PDT 2021,41,48,1
1625099541210,Wed Jun 30 17:32:21 PDT 2021,41,50,1
1625101180564,Wed Jun 30 17:59:40 PDT 2021,41,52,1
1625101714607,Wed Jun 30 18:08:34 PDT 2021,41,53,-1
1625101519399,Wed Jun 30 18:05:19 PDT 2021,41,54,1
1625108285952,Wed Jun 30 19:58:05 PDT 2021,41,55,1
1625112352724,Wed Jun 30 21:05:52 PDT 2021,41,56,1
1625116132633,Wed Jun 30 22:08:52 PDT 2021,41,57,1
1625117266437,Wed Jun 30 22:27:46 PDT 2021,41,58,1
1625117980610,Wed Jun 30 22:39:40 PDT 2021,41,59,1
1625120785824,Wed Jun 30 23:26:25 PDT 2021,41,60,1
1625150241254,Thu Jul 01 07:37:21 PDT 2021,41,61,1
1625151041464,Thu Jul 01 07:50:41 PDT 2021,41,62,1
1625152851064,Thu Jul 01 08:20:51 PDT 2021,41,63,1
1625155896422,Thu Jul 01 09:11:36 PDT 2021,41,64,0
1625158050939,Thu Jul 01 09:47:30 PDT 2021,41,65,1
1625410015209,Sun Jul 04 07:46:55 PDT 2021,41,66,1
1625159894241,Thu Jul 01 10:18:14 PDT 2021,41,68,1
1625160049309,Thu Jul 01 10:20:49 PDT 2021,41,69,1
1625160217866,Thu Jul 01 10:23:37 PDT 2021,41,70,1
1625161852113,Thu Jul 01 10:50:52 PDT 2021,41,71,0
1625163535473,Thu Jul 01 11:18:55 PDT 2021,41,73,-1
1625163710348,Thu Jul 01 11:21:50 PDT 2021,41,74,0
1625164079041,Thu Jul 01 11:27:59 PDT 2021,41,83,-1
1625165048641,Thu Jul 01 11:44:08 PDT 2021,41,85,-1
1625165373460,Thu Jul 01 11:49:33 PDT 2021,41,86,-1
1625165859719,Thu Jul 01 11:57:39 PDT 2021,41,89,-1
1625168622307,Thu Jul 01 12:43:42 PDT 2021,41,92,1
1625173969019,Thu Jul 01 14:12:49 PDT 2021,41,93,1
1625174523196,Thu Jul 01 14:22:03 PDT 2021,41,94,1
1625174902776,Thu Jul 01 14:28:22 PDT 2021,41,95,1
1625182647773,Thu Jul 01 16:37:27 PDT 2021,41,96,1
1626139473375,Mon Jul 12 18:24:33 PDT 2021,41,98,-1
1625189762942,Thu Jul 01 18:36:02 PDT 2021,41,99,0
1625190622138,Thu Jul 01 18:50:22 PDT 2021,41,100,1
1625191057268,Thu Jul 01 18:57:37 PDT 2021,41,101,1
1625200129859,Thu Jul 01 21:28:49 PDT 2021,41,102,0
1625238093344,Fri Jul 02 08:01:33 PDT 2021,41,103,0
1625241638008,Fri Jul 02 09:00:38 PDT 2021,41,104,1
1625241689815,Fri Jul 02 09:01:29 PDT 2021,41,105,1
1625242065226,Fri Jul 02 09:07:45 PDT 2021,41,106,0
1625246235080,Fri Jul 02 10:17:15 PDT 2021,41,107,1
1625251740268,Fri Jul 02 11:49:00 PDT 2021,41,108,1
1625265512279,Fri Jul 02 15:38:32 PDT 2021,41,110,1
1625266217884,Fri Jul 02 15:50:17 PDT 2021,41,111,1
1625275134401,Fri Jul 02 18:18:54 PDT 2021,41,112,1
1625320404691,Sat Jul 03 06:53:24 PDT 2021,41,116,0
1625329053743,Sat Jul 03 09:17:33 PDT 2021,41,118,-1
1625333254431,Sat Jul 03 10:27:34 PDT 2021,41,119,1
1625361919740,Sat Jul 03 18:25:19 PDT 2021,41,120,1
1625364750252,Sat Jul 03 19:12:30 PDT 2021,41,121,-1
1625365576530,Sat Jul 03 19:26:16 PDT 2021,41,122,-1
1625365950494,Sat Jul 03 19:32:30 PDT 2021,41,123,1
1625374489310,Sat Jul 03 21:54:49 PDT 2021,41,124,1
1625383665855,Sun Jul 04 00:27:45 PDT 2021,41,125,1
1625410489150,Sun Jul 04 07:54:49 PDT 2021,41,126,1
1625414166291,Sun Jul 04 08:56:06 PDT 2021,41,127,1
1625424615971,Sun Jul 04 11:50:15 PDT 2021,41,131,1
1625428904931,Sun Jul 04 13:01:44 PDT 2021,41,132,1
1625435081819,Sun Jul 04 14:44:41 PDT 2021,41,135,1
1625435971048,Sun Jul 04 14:59:31 PDT 2021,41,136,1
1625436978358,Sun Jul 04 15:16:18 PDT 2021,41,137,1
1625451957585,Sun Jul 04 19:25:57 PDT 2021,41,141,1
1625454611279,Sun Jul 04 20:10:11 PDT 2021,41,142,1
1625461015192,Sun Jul 04 21:56:55 PDT 2021,41,144,1
1625462634988,Sun Jul 04 22:23:54 PDT 2021,41,145,1
1625496178995,Mon Jul 05 07:42:58 PDT 2021,41,147,1
1625528741161,Mon Jul 05 16:45:41 PDT 2021,41,148,1
1625593903016,Tue Jul 06 10:51:43 PDT 2021,41,151,1
1625602612736,Tue Jul 06 13:16:52 PDT 2021,41,152,1
1625598128874,Tue Jul 06 12:02:08 PDT 2021,41,153,1
1625611598013,Tue Jul 06 15:46:38 PDT 2021,41,155,1
1625627435525,Tue Jul 06 20:10:35 PDT 2021,41,156,1
1625635776568,Tue Jul 06 22:29:36 PDT 2021,41,157,1
1625672541948,Wed Jul 07 08:42:21 PDT 2021,41,159,1
1625672763497,Wed Jul 07 08:46:03 PDT 2021,41,160,0
1625674787766,Wed Jul 07 09:19:47 PDT 2021,41,161,1
1625675057941,Wed Jul 07 09:24:17 PDT 2021,41,162,1
1625676497109,Wed Jul 07 09:48:17 PDT 2021,41,163,1
1625677582259,Wed Jul 07 10:06:22 PDT 2021,41,166,1
1625677822665,Wed Jul 07 10:10:22 PDT 2021,41,168,1
1625686333617,Wed Jul 07 12:32:13 PDT 2021,41,170,1
1625689288860,Wed Jul 07 13:21:28 PDT 2021,41,171,1
1625694035272,Wed Jul 07 14:40:35 PDT 2021,41,173,1
1625694026024,Wed Jul 07 14:40:26 PDT 2021,41,174,1
1625694519751,Wed Jul 07 14:48:39 PDT 2021,41,176,1
1625696224856,Wed Jul 07 15:17:04 PDT 2021,41,180,1
1625696629288,Wed Jul 07 15:23:49 PDT 2021,41,181,1
1625697664902,Wed Jul 07 15:41:04 PDT 2021,41,183,0
1625699926753,Wed Jul 07 16:18:46 PDT 2021,41,186,1
1625700301894,Wed Jul 07 16:25:01 PDT 2021,41,187,1
1625700366861,Wed Jul 07 16:26:06 PDT 2021,41,188,1
1625702471017,Wed Jul 07 17:01:11 PDT 2021,41,189,-1
1625709620889,Wed Jul 07 19:00:20 PDT 2021,41,191,1
1625710319907,Wed Jul 07 19:11:59 PDT 2021,41,193,1
1625710305077,Wed Jul 07 19:11:45 PDT 2021,41,194,1
1625722724982,Wed Jul 07 22:38:44 PDT 2021,41,196,1
1625755739860,Thu Jul 08 07:48:59 PDT 2021,41,198,1
1625759150021,Thu Jul 08 08:45:50 PDT 2021,41,199,1
1625760212240,Thu Jul 08 09:03:32 PDT 2021,41,200,1
1625762506709,Thu Jul 08 09:41:46 PDT 2021,41,201,-1
1625763623773,Thu Jul 08 10:00:23 PDT 2021,41,203,1
1625770244256,Thu Jul 08 11:50:44 PDT 2021,41,205,1
1625781881597,Thu Jul 08 15:04:41 PDT 2021,41,207,1
1625783584955,Thu Jul 08 15:33:04 PDT 2021,41,208,1
1625786491337,Thu Jul 08 16:21:31 PDT 2021,41,209,1
1625787326715,Thu Jul 08 16:35:26 PDT 2021,41,210,1
1625796493744,Thu Jul 08 19:08:13 PDT 2021,41,212,1
1625844603451,Fri Jul 09 08:30:03 PDT 2021,41,215,1
1625856005573,Fri Jul 09 11:40:05 PDT 2021,41,217,1
1625863375818,Fri Jul 09 13:42:55 PDT 2021,41,218,1
1625867952464,Fri Jul 09 14:59:12 PDT 2021,41,219,1
1625921052110,Sat Jul 10 05:44:12 PDT 2021,41,223,1
1625921825428,Sat Jul 10 05:57:05 PDT 2021,41,224,1
1625926604513,Sat Jul 10 07:16:44 PDT 2021,41,225,-1
1625929513890,Sat Jul 10 08:05:13 PDT 2021,41,226,1
1625932381619,Sat Jul 10 08:53:01 PDT 2021,41,227,0
1625939319968,Sat Jul 10 10:48:39 PDT 2021,41,228,1
1625961523325,Sat Jul 10 16:58:43 PDT 2021,41,231,1
1625964396771,Sat Jul 10 17:46:36 PDT 2021,41,232,1
1625971699052,Sat Jul 10 19:48:19 PDT 2021,41,233,1
1625982093969,Sat Jul 10 22:41:33 PDT 2021,41,234,1
1626012228203,Sun Jul 11 07:03:48 PDT 2021,41,236,1
1626015261406,Sun Jul 11 07:54:21 PDT 2021,41,237,1
1626015338659,Sun Jul 11 07:55:38 PDT 2021,41,238,1
1626016240834,Sun Jul 11 08:10:40 PDT 2021,41,239,-1
1626027508349,Sun Jul 11 11:18:28 PDT 2021,41,240,1
1626031407002,Sun Jul 11 12:23:27 PDT 2021,41,241,0
1626033627904,Sun Jul 11 13:00:27 PDT 2021,41,243,1
1626055915737,Sun Jul 11 19:11:55 PDT 2021,41,247,1
1626063286917,Sun Jul 11 21:14:46 PDT 2021,41,248,1
1626097007397,Mon Jul 12 06:36:47 PDT 2021,41,249,1
1626097322965,Mon Jul 12 06:42:02 PDT 2021,41,250,1
1626160091024,Tue Jul 13 00:08:11 PDT 2021,41,255,1
1626184304770,Tue Jul 13 06:51:44 PDT 2021,41,256,1
1626214017864,Tue Jul 13 15:06:57 PDT 2021,41,260,1
1626215385180,Tue Jul 13 15:29:45 PDT 2021,41,261,1
1626220729302,Tue Jul 13 16:58:49 PDT 2021,41,263,0
1626235364761,Tue Jul 13 21:02:44 PDT 2021,41,265,1
1626383222236,Thu Jul 15 14:07:02 PDT 2021,41,267,1
1626385692817,Thu Jul 15 14:48:12 PDT 2021,41,271,1
1626455534795,Fri Jul 16 10:12:14 PDT 2021,41,274,1
1626471270143,Fri Jul 16 14:34:30 PDT 2021,41,275,1
1626492896408,Fri Jul 16 20:34:56 PDT 2021,41,276,0
1626540772011,Sat Jul 17 09:52:52 PDT 2021,41,278,1
1626540687272,Sat Jul 17 09:51:27 PDT 2021,41,279,1
1626545007675,Sat Jul 17 11:03:27 PDT 2021,41,280,1
1626552387883,Sat Jul 17 13:06:27 PDT 2021,41,281,1
1626553496263,Sat Jul 17 13:24:56 PDT 2021,41,282,1
1626568440820,Sat Jul 17 17:34:00 PDT 2021,41,284,0
1626578036640,Sat Jul 17 20:13:56 PDT 2021,41,285,1
1626584692420,Sat Jul 17 22:04:52 PDT 2021,41,286,-1
1626706949783,Mon Jul 19 08:02:29 PDT 2021,41,287,0
1626713127498,Mon Jul 19 09:45:27 PDT 2021,41,288,1
1626716452597,Mon Jul 19 10:40:52 PDT 2021,41,290,1
1626720220139,Mon Jul 19 11:43:40 PDT 2021,41,291,1
1626733980552,Mon Jul 19 15:33:00 PDT 2021,41,292,0
1626737709588,Mon Jul 19 16:35:09 PDT 2021,41,294,1
1626752313312,Mon Jul 19 20:38:33 PDT 2021,41,295,1
1626791798589,Tue Jul 20 07:36:38 PDT 2021,41,296,1
1626798600598,Tue Jul 20 09:30:00 PDT 2021,41,298,1
1626908841743,Wed Jul 21 16:07:21 PDT 2021,41,299,1
1626965056098,Thu Jul 22 07:44:16 PDT 2021,41,300,1
1627001032884,Thu Jul 22 17:43:52 PDT 2021,41,302,1
1627002655479,Thu Jul 22 18:10:55 PDT 2021,41,303,-1
1627007703133,Thu Jul 22 19:35:03 PDT 2021,41,304,1
1627008473245,Thu Jul 22 19:47:53 PDT 2021,41,305,1
1627083908884,Fri Jul 23 16:45:08 PDT 2021,41,309,1
1627085333544,Fri Jul 23 17:08:53 PDT 2021,41,310,1
1627086786103,Fri Jul 23 17:33:06 PDT 2021,41,311,1
1627087749976,Fri Jul 23 17:49:09 PDT 2021,41,312,1
1627099746229,Fri Jul 23 21:09:06 PDT 2021,41,313,1
1627100658076,Fri Jul 23 21:24:18 PDT 2021,41,314,1
1627102020547,Fri Jul 23 21:47:00 PDT 2021,41,315,1
1627162872730,Sat Jul 24 14:41:12 PDT 2021,41,317,1
1627187560797,Sat Jul 24 21:32:40 PDT 2021,41,318,0
1627192009070,Sat Jul 24 22:46:49 PDT 2021,41,319,0
1627404847641,Tue Jul 27 09:54:07 PDT 2021,41,321,1
1627407628852,Tue Jul 27 10:40:28 PDT 2021,41,322,0
1627414894635,Tue Jul 27 12:41:34 PDT 2021,41,325,1
1627424764470,Tue Jul 27 15:26:04 PDT 2021,41,326,1
1627439300403,Tue Jul 27 19:28:20 PDT 2021,41,327,1
1627502665016,Wed Jul 28 13:04:25 PDT 2021,41,332,1
1627505156126,Wed Jul 28 13:45:56 PDT 2021,41,337,1
1627505694195,Wed Jul 28 13:54:54 PDT 2021,41,339,0
1627506111467,Wed Jul 28 14:01:51 PDT 2021,41,340,1
1627506702120,Wed Jul 28 14:11:42 PDT 2021,41,341,1
1627506964623,Wed Jul 28 14:16:04 PDT 2021,41,342,1
1627508454379,Wed Jul 28 14:40:54 PDT 2021,41,343,1
1627508994322,Wed Jul 28 14:49:54 PDT 2021,41,345,1
1627509874387,Wed Jul 28 15:04:34 PDT 2021,41,346,1
1627515213351,Wed Jul 28 16:33:33 PDT 2021,41,348,1
1627522866708,Wed Jul 28 18:41:06 PDT 2021,41,353,1
1627521600992,Wed Jul 28 18:20:00 PDT 2021,41,356,1
1627529555724,Wed Jul 28 20:32:35 PDT 2021,41,357,-1
1627531709515,Wed Jul 28 21:08:29 PDT 2021,41,358,-1
1627532677344,Wed Jul 28 21:24:37 PDT 2021,41,359,1
1627535864165,Wed Jul 28 22:17:44 PDT 2021,41,361,1
1627535705995,Wed Jul 28 22:15:05 PDT 2021,41,362,1
1627544005154,Thu Jul 29 00:33:25 PDT 2021,41,364,1
1627573433627,Thu Jul 29 08:43:53 PDT 2021,41,366,-1
1627578087864,Thu Jul 29 10:01:27 PDT 2021,41,368,1
1627582877399,Thu Jul 29 11:21:17 PDT 2021,41,369,1
1627586897236,Thu Jul 29 12:28:17 PDT 2021,41,373,1
1627607676756,Thu Jul 29 18:14:36 PDT 2021,41,376,1
1627613878425,Thu Jul 29 19:57:58 PDT 2021,41,378,1
1627617974096,Thu Jul 29 21:06:14 PDT 2021,41,379,1
1627655061724,Fri Jul 30 07:24:21 PDT 2021,41,380,1
1627656402818,Fri Jul 30 07:46:42 PDT 2021,41,381,1
1627663808572,Fri Jul 30 09:50:08 PDT 2021,41,382,0
1627666947738,Fri Jul 30 10:42:27 PDT 2021,41,384,1
1627673906661,Fri Jul 30 12:38:26 PDT 2021,41,385,1
1627676470592,Fri Jul 30 13:21:10 PDT 2021,41,386,1
1627680964306,Fri Jul 30 14:36:04 PDT 2021,41,388,1
1627681584398,Fri Jul 30 14:46:24 PDT 2021,41,389,1
1627683997393,Fri Jul 30 15:26:37 PDT 2021,41,391,1
1627685250107,Fri Jul 30 15:47:30 PDT 2021,41,393,1
1627686196368,Fri Jul 30 16:03:16 PDT 2021,41,394,1
1627702382205,Fri Jul 30 20:33:02 PDT 2021,41,396,1
1627752579515,Sat Jul 31 10:29:39 PDT 2021,41,398,1
1627757024512,Sat Jul 31 11:43:44 PDT 2021,41,399,1
1627769763367,Sat Jul 31 15:16:03 PDT 2021,41,401,1
1627771674225,Sat Jul 31 15:47:54 PDT 2021,41,402,0
1627776021714,Sat Jul 31 17:00:21 PDT 2021,41,403,1
1627837934055,Sun Aug 01 10:12:14 PDT 2021,41,404,0
1624994685353,Tue Jun 29 12:24:45 PDT 2021,42,0,1
1624917398772,Mon Jun 28 14:56:38 PDT 2021,42,1,1
1624924666297,Mon Jun 28 16:57:46 PDT 2021,42,2,-1
1624978202476,Tue Jun 29 07:50:02 PDT 2021,42,3,1
1624980191261,Tue Jun 29 08:23:11 PDT 2021,42,5,1
1624980723080,Tue Jun 29 08:32:03 PDT 2021,42,6,0
1624983123596,Tue Jun 29 09:12:03 PDT 2021,42,7,1
1624995114346,Tue Jun 29 12:31:54 PDT 2021,42,8,1
1624995672455,Tue Jun 29 12:41:12 PDT 2021,42,9,1
1624997078074,Tue Jun 29 13:04:38 PDT 2021,42,10,1
1624999115748,Tue Jun 29 13:38:35 PDT 2021,42,11,0
1625000306776,Tue Jun 29 13:58:26 PDT 2021,42,12,1
1625000331218,Tue Jun 29 13:58:51 PDT 2021,42,13,-1
1625002084304,Tue Jun 29 14:28:04 PDT 2021,42,14,1
1625003282048,Tue Jun 29 14:48:02 PDT 2021,42,15,1
1625004138476,Tue Jun 29 15:02:18 PDT 2021,42,16,1
1625007259112,Tue Jun 29 15:54:19 PDT 2021,42,17,1
1625007456607,Tue Jun 29 15:57:36 PDT 2021,42,18,1
1625008323131,Tue Jun 29 16:12:03 PDT 2021,42,19,1
1625008733157,Tue Jun 29 16:18:53 PDT 2021,42,21,-1
1625008926887,Tue Jun 29 16:22:06 PDT 2021,42,22,1
1625019967629,Tue Jun 29 19:26:07 PDT 2021,42,24,1
1625019846264,Tue Jun 29 19:24:06 PDT 2021,42,25,1
1625019770442,Tue Jun 29 19:22:50 PDT 2021,42,26,1
1625022020318,Tue Jun 29 20:00:20 PDT 2021,42,27,1
1625055558028,Wed Jun 30 05:19:18 PDT 2021,42,28,1
1625058125064,Wed Jun 30 06:02:05 PDT 2021,42,30,1
1625064629636,Wed Jun 30 07:50:29 PDT 2021,42,33,0
1625066141487,Wed Jun 30 08:15:41 PDT 2021,42,34,1
1625068381437,Wed Jun 30 08:53:01 PDT 2021,42,35,1
1625069374044,Wed Jun 30 09:09:34 PDT 2021,42,36,1
1625071514290,Wed Jun 30 09:45:14 PDT 2021,42,37,1
1625071847718,Wed Jun 30 09:50:47 PDT 2021,42,38,1
1625082380472,Wed Jun 30 12:46:20 PDT 2021,42,40,1
1625098913482,Wed Jun 30 17:21:53 PDT 2021,42,41,1
1625085907030,Wed Jun 30 13:45:07 PDT 2021,42,42,1
1625089992282,Wed Jun 30 14:53:12 PDT 2021,42,43,1
1625093003894,Wed Jun 30 15:43:23 PDT 2021,42,45,1
1625095068495,Wed Jun 30 16:17:48 PDT 2021,42,46,-1
1625095141690,Wed Jun 30 16:19:01 PDT 2021,42,47,1
1625096333833,Wed Jun 30 16:38:53 PDT 2021,42,48,0
1625099107603,Wed Jun 30 17:25:07 PDT 2021,42,50,1
1625102791523,Wed Jun 30 18:26:31 PDT 2021,42,52,0
1625101712759,Wed Jun 30 18:08:32 PDT 2021,42,53,-1
1625101603610,Wed Jun 30 18:06:43 PDT 2021,42,54,1
1625108227951,Wed Jun 30 19:57:07 PDT 2021,42,55,1
1625112233370,Wed Jun 30 21:03:53 PDT 2021,42,56,1
1625115960549,Wed Jun 30 22:06:00 PDT 2021,42,57,1
1625117381317,Wed Jun 30 22:29:41 PDT 2021,42,58,-1
1625117781234,Wed Jun 30 22:36:21 PDT 2021,42,59,1
1625150665323,Thu Jul 01 07:44:25 PDT 2021,42,61,-1
1625151120569,Thu Jul 01 07:52:00 PDT 2021,42,62,1
1625154001828,Thu Jul 01 08:40:01 PDT 2021,42,63,1
1625155744765,Thu Jul 01 09:09:04 PDT 2021,42,64,1
1625158180779,Thu Jul 01 09:49:40 PDT 2021,42,65,1
1625410529840,Sun Jul 04 07:55:29 PDT 2021,42,66,1
1625159007474,Thu Jul 01 10:03:27 PDT 2021,42,67,1
1625159535503,Thu Jul 01 10:12:15 PDT 2021,42,68,1
1625159834116,Thu Jul 01 10:17:14 PDT 2021,42,69,-1
1625160034934,Thu Jul 01 10:20:34 PDT 2021,42,70,1
1625162294552,Thu Jul 01 10:58:14 PDT 2021,42,71,-1
1625163493041,Thu Jul 01 11:18:13 PDT 2021,42,73,-1
1625163874753,Thu Jul 01 11:24:34 PDT 2021,42,74,0
1625164163781,Thu Jul 01 11:29:23 PDT 2021,42,83,-1
1625164604177,Thu Jul 01 11:36:44 PDT 2021,42,85,-1
1625165417803,Thu Jul 01 11:50:17 PDT 2021,42,86,-1
1625165639280,Thu Jul 01 11:53:59 PDT 2021,42,87,-1
1625168419782,Thu Jul 01 12:40:19 PDT 2021,42,92,1
1625173694830,Thu Jul 01 14:08:14 PDT 2021,42,93,1
1625174537104,Thu Jul 01 14:22:17 PDT 2021,42,94,-1
1625174887969,Thu Jul 01 14:28:07 PDT 2021,42,95,1
1625182842083,Thu Jul 01 16:40:42 PDT 2021,42,96,0
1625185736113,Thu Jul 01 17:28:56 PDT 2021,42,97,0
1626133740854,Mon Jul 12 16:49:00 PDT 2021,42,98,1
1625190672019,Thu Jul 01 18:51:12 PDT 2021,42,100,1
1625190939207,Thu Jul 01 18:55:39 PDT 2021,42,101,1
1625199645233,Thu Jul 01 21:20:45 PDT 2021,42,102,1
1625238021473,Fri Jul 02 08:00:21 PDT 2021,42,103,-1
1625241635948,Fri Jul 02 09:00:35 PDT 2021,42,104,1
1625241832797,Fri Jul 02 09:03:52 PDT 2021,42,106,-1
1625245461490,Fri Jul 02 10:04:21 PDT 2021,42,107,1
1625251419975,Fri Jul 02 11:43:39 PDT 2021,42,108,1
1625266448486,Fri Jul 02 15:54:08 PDT 2021,42,111,1
1625275012201,Fri Jul 02 18:16:52 PDT 2021,42,112,1
1625281772680,Fri Jul 02 20:09:32 PDT 2021,42,113,0
1625329105086,Sat Jul 03 09:18:25 PDT 2021,42,118,-1
1625333547420,Sat Jul 03 10:32:27 PDT 2021,42,119,1
1625362009097,Sat Jul 03 18:26:49 PDT 2021,42,120,1
1625364639456,Sat Jul 03 19:10:39 PDT 2021,42,121,-1
1625365417163,Sat Jul 03 19:23:37 PDT 2021,42,122,1
1625366147581,Sat Jul 03 19:35:47 PDT 2021,42,123,1
1625374583600,Sat Jul 03 21:56:23 PDT 2021,42,124,1
1625384498850,Sun Jul 04 00:41:38 PDT 2021,42,125,1
1625410135425,Sun Jul 04 07:48:55 PDT 2021,42,126,0
1625413266463,Sun Jul 04 08:41:06 PDT 2021,42,127,0
1625424395385,Sun Jul 04 11:46:35 PDT 2021,42,131,1
1625429110503,Sun Jul 04 13:05:10 PDT 2021,42,132,1
1625435726841,Sun Jul 04 14:55:26 PDT 2021,42,135,1
1625436259073,Sun Jul 04 15:04:19 PDT 2021,42,136,0
1625436912524,Sun Jul 04 15:15:12 PDT 2021,42,137,1
1625451997492,Sun Jul 04 19:26:37 PDT 2021,42,141,1
1625454651825,Sun Jul 04 20:10:51 PDT 2021,42,142,0
1625460913325,Sun Jul 04 21:55:13 PDT 2021,42,144,0
1625461813645,Sun Jul 04 22:10:13 PDT 2021,42,145,1
1625495427285,Mon Jul 05 07:30:27 PDT 2021,42,147,1
1625528617903,Mon Jul 05 16:43:37 PDT 2021,42,148,1
1625593551063,Tue Jul 06 10:45:51 PDT 2021,42,151,1
1625597476487,Tue Jul 06 11:51:16 PDT 2021,42,152,1
1625613365048,Tue Jul 06 16:16:05 PDT 2021,42,153,1
1625611774449,Tue Jul 06 15:49:34 PDT 2021,42,155,1
1625627382523,Tue Jul 06 20:09:42 PDT 2021,42,156,1
1625635714044,Tue Jul 06 22:28:34 PDT 2021,42,157,1
1625671522258,Wed Jul 07 08:25:22 PDT 2021,42,158,-1
1625672697499,Wed Jul 07 08:44:57 PDT 2021,42,160,1
1625674364673,Wed Jul 07 09:12:44 PDT 2021,42,161,1
1625674906532,Wed Jul 07 09:21:46 PDT 2021,42,162,1
1625676688749,Wed Jul 07 09:51:28 PDT 2021,42,163,1
1625677570321,Wed Jul 07 10:06:10 PDT 2021,42,166,1
1625686275387,Wed Jul 07 12:31:15 PDT 2021,42,170,0
1625693046224,Wed Jul 07 14:24:06 PDT 2021,42,173,1
1625693919744,Wed Jul 07 14:38:39 PDT 2021,42,174,1
1625694711902,Wed Jul 07 14:51:51 PDT 2021,42,177,1
1625695350354,Wed Jul 07 15:02:30 PDT 2021,42,178,1
1625696428990,Wed Jul 07 15:20:28 PDT 2021,42,180,1
1625696649685,Wed Jul 07 15:24:09 PDT 2021,42,181,0
1625697171800,Wed Jul 07 15:32:51 PDT 2021,42,182,1
1625697695888,Wed Jul 07 15:41:35 PDT 2021,42,183,1
1625699311406,Wed Jul 07 16:08:31 PDT 2021,42,184,1
1625699801494,Wed Jul 07 16:16:41 PDT 2021,42,186,0
1625700090574,Wed Jul 07 16:21:30 PDT 2021,42,187,1
1625700474916,Wed Jul 07 16:27:54 PDT 2021,42,188,1
1625702652302,Wed Jul 07 17:04:12 PDT 2021,42,189,-1
1625707125959,Wed Jul 07 18:18:45 PDT 2021,42,191,1
1625710081571,Wed Jul 07 19:08:01 PDT 2021,42,193,1
1625710259806,Wed Jul 07 19:10:59 PDT 2021,42,194,0
1625714514256,Wed Jul 07 20:21:54 PDT 2021,42,195,1
1625722807514,Wed Jul 07 22:40:07 PDT 2021,42,196,1
1625752934806,Thu Jul 08 07:02:14 PDT 2021,42,197,1
1625755737676,Thu Jul 08 07:48:57 PDT 2021,42,198,1
1625759338915,Thu Jul 08 08:48:58 PDT 2021,42,199,1
1625760045405,Thu Jul 08 09:00:45 PDT 2021,42,200,1
1625762544231,Thu Jul 08 09:42:24 PDT 2021,42,201,-1
1625763687940,Thu Jul 08 10:01:27 PDT 2021,42,203,1
1625770588932,Thu Jul 08 11:56:28 PDT 2021,42,205,1
1625781579955,Thu Jul 08 14:59:39 PDT 2021,42,207,1
1625783588160,Thu Jul 08 15:33:08 PDT 2021,42,208,1
1625786601489,Thu Jul 08 16:23:21 PDT 2021,42,209,1
1625788380700,Thu Jul 08 16:53:00 PDT 2021,42,210,1
1625801644357,Thu Jul 08 20:34:04 PDT 2021,42,213,1
1625842237686,Fri Jul 09 07:50:37 PDT 2021,42,214,-1
1625844674166,Fri Jul 09 08:31:14 PDT 2021,42,215,1
1625852994081,Fri Jul 09 10:49:54 PDT 2021,42,216,1
1625855576036,Fri Jul 09 11:32:56 PDT 2021,42,217,1
1625863417865,Fri Jul 09 13:43:37 PDT 2021,42,218,1
1625868333419,Fri Jul 09 15:05:33 PDT 2021,42,219,1
1625921418327,Sat Jul 10 05:50:18 PDT 2021,42,223,1
1625922229705,Sat Jul 10 06:03:49 PDT 2021,42,224,1
1625928999972,Sat Jul 10 07:56:39 PDT 2021,42,226,1
1625932500967,Sat Jul 10 08:55:00 PDT 2021,42,227,0
1625939367530,Sat Jul 10 10:49:27 PDT 2021,42,228,1
1625961435792,Sat Jul 10 16:57:15 PDT 2021,42,231,1
1625964812565,Sat Jul 10 17:53:32 PDT 2021,42,232,1
1625982111048,Sat Jul 10 22:41:51 PDT 2021,42,234,-1
1626011635135,Sun Jul 11 06:53:55 PDT 2021,42,236,-1
1626015035127,Sun Jul 11 07:50:35 PDT 2021,42,237,1
1626015408860,Sun Jul 11 07:56:48 PDT 2021,42,238,1
1626016547383,Sun Jul 11 08:15:47 PDT 2021,42,239,-1
1626027572931,Sun Jul 11 11:19:32 PDT 2021,42,240,1
1626029688890,Sun Jul 11 11:54:48 PDT 2021,42,241,0
1626033197322,Sun Jul 11 12:53:17 PDT 2021,42,243,1
1626050940315,Sun Jul 11 17:49:00 PDT 2021,42,246,-1
1626055636996,Sun Jul 11 19:07:16 PDT 2021,42,247,1
1626063174382,Sun Jul 11 21:12:54 PDT 2021,42,248,1
1626097024878,Mon Jul 12 06:37:04 PDT 2021,42,249,0
1626097436488,Mon Jul 12 06:43:56 PDT 2021,42,250,1
1626100860104,Mon Jul 12 07:41:00 PDT 2021,42,251,0
1626159995469,Tue Jul 13 00:06:35 PDT 2021,42,255,1
1626184131972,Tue Jul 13 06:48:51 PDT 2021,42,256,1
1626198041311,Tue Jul 13 10:40:41 PDT 2021,42,257,0
1626641245340,Sun Jul 18 13:47:25 PDT 2021,42,258,1
1626213889553,Tue Jul 13 15:04:49 PDT 2021,42,260,1
1627697046281,Fri Jul 30 19:04:06 PDT 2021,42,261,1
1626218794597,Tue Jul 13 16:26:34 PDT 2021,42,262,1
1626221009084,Tue Jul 13 17:03:29 PDT 2021,42,263,-1
1626235367022,Tue Jul 13 21:02:47 PDT 2021,42,265,1
1626383477347,Thu Jul 15 14:11:17 PDT 2021,42,267,1
1626328252732,Wed Jul 14 22:50:52 PDT 2021,42,268,1
1626360971105,Thu Jul 15 07:56:11 PDT 2021,42,269,1
1626385764859,Thu Jul 15 14:49:24 PDT 2021,42,271,1
1626455565641,Fri Jul 16 10:12:45 PDT 2021,42,274,1
1626471121091,Fri Jul 16 14:32:01 PDT 2021,42,275,1
1626492799721,Fri Jul 16 20:33:19 PDT 2021,42,276,0
1626540431867,Sat Jul 17 09:47:11 PDT 2021,42,278,1
1626540608459,Sat Jul 17 09:50:08 PDT 2021,42,279,1
1626545376617,Sat Jul 17 11:09:36 PDT 2021,42,280,1
1626552556723,Sat Jul 17 13:09:16 PDT 2021,42,281,1
1626553297641,Sat Jul 17 13:21:37 PDT 2021,42,282,1
1626568131099,Sat Jul 17 17:28:51 PDT 2021,42,284,1
1626584540101,Sat Jul 17 22:02:20 PDT 2021,42,286,1
1626713062895,Mon Jul 19 09:44:22 PDT 2021,42,288,1
1626716370335,Mon Jul 19 10:39:30 PDT 2021,42,290,1
1626720147680,Mon Jul 19 11:42:27 PDT 2021,42,291,1
1626724317501,Mon Jul 19 12:51:57 PDT 2021,42,292,0
1626737670791,Mon Jul 19 16:34:30 PDT 2021,42,294,1
1626752206610,Mon Jul 19 20:36:46 PDT 2021,42,295,-1
1626792028068,Tue Jul 20 07:40:28 PDT 2021,42,296,0
1626798499797,Tue Jul 20 09:28:19 PDT 2021,42,298,1
1626907969983,Wed Jul 21 15:52:49 PDT 2021,42,299,0
1626965119101,Thu Jul 22 07:45:19 PDT 2021,42,300,1
1626919224064,Wed Jul 21 19:00:24 PDT 2021,42,301,1
1627000958944,Thu Jul 22 17:42:38 PDT 2021,42,302,1
1627002434575,Thu Jul 22 18:07:14 PDT 2021,42,303,-1
1627008644308,Thu Jul 22 19:50:44 PDT 2021,42,305,1
1627082534322,Fri Jul 23 16:22:14 PDT 2021,42,308,1
1627083815121,Fri Jul 23 16:43:35 PDT 2021,42,309,1
1627085078872,Fri Jul 23 17:04:38 PDT 2021,42,310,1
1627086480451,Fri Jul 23 17:28:00 PDT 2021,42,311,1
1627088327639,Fri Jul 23 17:58:47 PDT 2021,42,312,1
1627099886807,Fri Jul 23 21:11:26 PDT 2021,42,313,1
1627100644945,Fri Jul 23 21:24:04 PDT 2021,42,314,1
1627101732619,Fri Jul 23 21:42:12 PDT 2021,42,315,1
1627162731362,Sat Jul 24 14:38:51 PDT 2021,42,317,1
1627187057825,Sat Jul 24 21:24:17 PDT 2021,42,318,1
1627191881730,Sat Jul 24 22:44:41 PDT 2021,42,319,0
1627404896523,Tue Jul 27 09:54:56 PDT 2021,42,321,1
1627407329430,Tue Jul 27 10:35:29 PDT 2021,42,322,1
1627414662198,Tue Jul 27 12:37:42 PDT 2021,42,325,1
1627698466359,Fri Jul 30 19:27:46 PDT 2021,42,326,1
1627439350724,Tue Jul 27 19:29:10 PDT 2021,42,327,0
1627451237161,Tue Jul 27 22:47:17 PDT 2021,42,328,1
1627451520141,Tue Jul 27 22:52:00 PDT 2021,42,329,1
1627503154855,Wed Jul 28 13:12:34 PDT 2021,42,334,1
1627504811008,Wed Jul 28 13:40:11 PDT 2021,42,337,1
1627505493816,Wed Jul 28 13:51:33 PDT 2021,42,339,1
1627506786809,Wed Jul 28 14:13:06 PDT 2021,42,341,1
1627508523803,Wed Jul 28 14:42:03 PDT 2021,42,343,1
1627509343743,Wed Jul 28 14:55:43 PDT 2021,42,345,1
1627509892441,Wed Jul 28 15:04:52 PDT 2021,42,346,1
1627515219988,Wed Jul 28 16:33:39 PDT 2021,42,348,1
1627515302890,Wed Jul 28 16:35:02 PDT 2021,42,349,1
1627515334998,Wed Jul 28 16:35:34 PDT 2021,42,350,1
1627518063987,Wed Jul 28 17:21:03 PDT 2021,42,352,1
1627523352848,Wed Jul 28 18:49:12 PDT 2021,42,353,1
1627521973341,Wed Jul 28 18:26:13 PDT 2021,42,356,1
1627528962023,Wed Jul 28 20:22:42 PDT 2021,42,357,-1
1627531961366,Wed Jul 28 21:12:41 PDT 2021,42,358,-1
1627532139834,Wed Jul 28 21:15:39 PDT 2021,42,359,1
1627535889542,Wed Jul 28 22:18:09 PDT 2021,42,361,0
1627536553675,Wed Jul 28 22:29:13 PDT 2021,42,363,1
1627544472863,Thu Jul 29 00:41:12 PDT 2021,42,364,1
1627573639342,Thu Jul 29 08:47:19 PDT 2021,42,366,-1
1627577822575,Thu Jul 29 09:57:02 PDT 2021,42,368,1
1627577888664,Thu Jul 29 09:58:08 PDT 2021,42,369,1
1627586490952,Thu Jul 29 12:21:30 PDT 2021,42,373,1
1627593575424,Thu Jul 29 14:19:35 PDT 2021,42,374,1
1627608593886,Thu Jul 29 18:29:53 PDT 2021,42,376,1
1627613709243,Thu Jul 29 19:55:09 PDT 2021,42,378,0
1627654928745,Fri Jul 30 07:22:08 PDT 2021,42,380,1
1627656262481,Fri Jul 30 07:44:22 PDT 2021,42,381,1
1627663787139,Fri Jul 30 09:49:47 PDT 2021,42,382,0
1627666972347,Fri Jul 30 10:42:52 PDT 2021,42,384,1
1627675506966,Fri Jul 30 13:05:06 PDT 2021,42,386,0
1627680369039,Fri Jul 30 14:26:09 PDT 2021,42,388,1
1627681505360,Fri Jul 30 14:45:05 PDT 2021,42,389,1
1627684606222,Fri Jul 30 15:36:46 PDT 2021,42,392,1
1627686033996,Fri Jul 30 16:00:33 PDT 2021,42,394,1
1627690289614,Fri Jul 30 17:11:29 PDT 2021,42,395,0
1627702075837,Fri Jul 30 20:27:55 PDT 2021,42,396,1
1627752380104,Sat Jul 31 10:26:20 PDT 2021,42,397,1
1627752549737,Sat Jul 31 10:29:09 PDT 2021,42,398,1
1627759767676,Sat Jul 31 12:29:27 PDT 2021,42,400,-1
1627769914423,Sat Jul 31 15:18:34 PDT 2021,42,401,1
1627771615498,Sat Jul 31 15:46:55 PDT 2021,42,402,-1
1627776081504,Sat Jul 31 17:01:21 PDT 2021,42,403,1
1627837540168,Sun Aug 01 10:05:40 PDT 2021,42,404,-1
1624994915380,Tue Jun 29 12:28:35 PDT 2021,43,0,1
1624917401984,Mon Jun 28 14:56:41 PDT 2021,43,1,0
1624924724526,Mon Jun 28 16:58:44 PDT 2021,43,2,1
1624978129859,Tue Jun 29 07:48:49 PDT 2021,43,3,1
1624980356595,Tue Jun 29 08:25:56 PDT 2021,43,5,1
1624980979536,Tue Jun 29 08:36:19 PDT 2021,43,6,0
1624983038427,Tue Jun 29 09:10:38 PDT 2021,43,7,1
1624995869730,Tue Jun 29 12:44:29 PDT 2021,43,9,1
1624997136222,Tue Jun 29 13:05:36 PDT 2021,43,10,1
1624999252622,Tue Jun 29 13:40:52 PDT 2021,43,11,0
1625000144934,Tue Jun 29 13:55:44 PDT 2021,43,12,1
1625000455840,Tue Jun 29 14:00:55 PDT 2021,43,13,1
1625002026693,Tue Jun 29 14:27:06 PDT 2021,43,14,1
1625003397253,Tue Jun 29 14:49:57 PDT 2021,43,15,0
1625004162716,Tue Jun 29 15:02:42 PDT 2021,43,16,0
1625007261667,Tue Jun 29 15:54:21 PDT 2021,43,17,1
1625007507967,Tue Jun 29 15:58:27 PDT 2021,43,18,0
1625008539585,Tue Jun 29 16:15:39 PDT 2021,43,19,1
1625008783095,Tue Jun 29 16:19:43 PDT 2021,43,21,-1
1625009018757,Tue Jun 29 16:23:38 PDT 2021,43,22,1
1625019836161,Tue Jun 29 19:23:56 PDT 2021,43,24,1
1625019913886,Tue Jun 29 19:25:13 PDT 2021,43,25,1
1625020075459,Tue Jun 29 19:27:55 PDT 2021,43,26,1
1625021904996,Tue Jun 29 19:58:24 PDT 2021,43,27,1
1625055457705,Wed Jun 30 05:17:37 PDT 2021,43,28,1
1625057996085,Wed Jun 30 05:59:56 PDT 2021,43,30,1
1625064648100,Wed Jun 30 07:50:48 PDT 2021,43,33,1
1625066457548,Wed Jun 30 08:20:57 PDT 2021,43,34,0
1625068502937,Wed Jun 30 08:55:02 PDT 2021,43,35,1
1625069299930,Wed Jun 30 09:08:19 PDT 2021,43,36,1
1625071699523,Wed Jun 30 09:48:19 PDT 2021,43,37,1
1625072066491,Wed Jun 30 09:54:26 PDT 2021,43,38,0
1625082544170,Wed Jun 30 12:49:04 PDT 2021,43,40,0
1625099499905,Wed Jun 30 17:31:39 PDT 2021,43,41,0
1625086665944,Wed Jun 30 13:57:45 PDT 2021,43,42,1
1625090018085,Wed Jun 30 14:53:38 PDT 2021,43,43,0
1625093098247,Wed Jun 30 15:44:58 PDT 2021,43,45,1
1625095486618,Wed Jun 30 16:24:46 PDT 2021,43,46,0
1625095259995,Wed Jun 30 16:20:59 PDT 2021,43,47,1
1625096304671,Wed Jun 30 16:38:24 PDT 2021,43,48,0
1625099599239,Wed Jun 30 17:33:19 PDT 2021,43,50,1
1625102859095,Wed Jun 30 18:27:39 PDT 2021,43,52,-1
1625101785844,Wed Jun 30 18:09:45 PDT 2021,43,53,-1
1625101512466,Wed Jun 30 18:05:12 PDT 2021,43,54,0
1625108019560,Wed Jun 30 19:53:39 PDT 2021,43,55,1
1625116510468,Wed Jun 30 22:15:10 PDT 2021,43,57,1
1625117660511,Wed Jun 30 22:34:20 PDT 2021,43,58,0
1625117985507,Wed Jun 30 22:39:45 PDT 2021,43,59,1
1625150315977,Thu Jul 01 07:38:35 PDT 2021,43,61,1
1625151353083,Thu Jul 01 07:55:53 PDT 2021,43,62,1
1625154004715,Thu Jul 01 08:40:04 PDT 2021,43,63,1
1625155948723,Thu Jul 01 09:12:28 PDT 2021,43,64,1
1625158240072,Thu Jul 01 09:50:40 PDT 2021,43,65,1
1625410656851,Sun Jul 04 07:57:36 PDT 2021,43,66,0
1625159826598,Thu Jul 01 10:17:06 PDT 2021,43,68,1
1625160163732,Thu Jul 01 10:22:43 PDT 2021,43,69,1
1625167815270,Thu Jul 01 12:30:15 PDT 2021,43,70,1
1625162645881,Thu Jul 01 11:04:05 PDT 2021,43,71,-1
1625163582883,Thu Jul 01 11:19:42 PDT 2021,43,73,-1
1625164932801,Thu Jul 01 11:42:12 PDT 2021,43,74,0
1625164112046,Thu Jul 01 11:28:32 PDT 2021,43,83,-1
1625165021602,Thu Jul 01 11:43:41 PDT 2021,43,85,-1
1625168461130,Thu Jul 01 12:41:01 PDT 2021,43,92,0
1625175233810,Thu Jul 01 14:33:53 PDT 2021,43,94,0
1625174863151,Thu Jul 01 14:27:43 PDT 2021,43,95,1
1625183026621,Thu Jul 01 16:43:46 PDT 2021,43,96,1
1625185399210,Thu Jul 01 17:23:19 PDT 2021,43,97,0
1626144938094,Mon Jul 12 19:55:38 PDT 2021,43,98,1
1625190102774,Thu Jul 01 18:41:42 PDT 2021,43,100,1
1625191146116,Thu Jul 01 18:59:06 PDT 2021,43,101,1
1625199964675,Thu Jul 01 21:26:04 PDT 2021,43,102,1
1625238443614,Fri Jul 02 08:07:23 PDT 2021,43,103,-1
1625241774353,Fri Jul 02 09:02:54 PDT 2021,43,104,1
1625241839544,Fri Jul 02 09:03:59 PDT 2021,43,106,0
1625245666978,Fri Jul 02 10:07:46 PDT 2021,43,107,0
1625251515944,Fri Jul 02 11:45:15 PDT 2021,43,108,1
1625266186105,Fri Jul 02 15:49:46 PDT 2021,43,111,0
1625276068757,Fri Jul 02 18:34:28 PDT 2021,43,112,1
1625281840407,Fri Jul 02 20:10:40 PDT 2021,43,113,0
1625329618942,Sat Jul 03 09:26:58 PDT 2021,43,118,0
1625333856046,Sat Jul 03 10:37:36 PDT 2021,43,119,1
1625361894486,Sat Jul 03 18:24:54 PDT 2021,43,120,0
1625364830833,Sat Jul 03 19:13:50 PDT 2021,43,121,1
1625365659770,Sat Jul 03 19:27:39 PDT 2021,43,122,-1
1625365977963,Sat Jul 03 19:32:57 PDT 2021,43,123,0
1625375207605,Sat Jul 03 22:06:47 PDT 2021,43,124,0
1625413625462,Sun Jul 04 08:47:05 PDT 2021,43,127,1
1625424821091,Sun Jul 04 11:53:41 PDT 2021,43,131,1
1625429016175,Sun Jul 04 13:03:36 PDT 2021,43,132,1
1625428799834,Sun Jul 04 12:59:59 PDT 2021,43,133,1
1625436328021,Sun Jul 04 15:05:28 PDT 2021,43,135,0
1625436879533,Sun Jul 04 15:14:39 PDT 2021,43,136,1
1625437302248,Sun Jul 04 15:21:42 PDT 2021,43,137,1
1625452311287,Sun Jul 04 19:31:51 PDT 2021,43,141,1
1625454886105,Sun Jul 04 20:14:46 PDT 2021,43,142,0
1625461139302,Sun Jul 04 21:58:59 PDT 2021,43,144,1
1625462496978,Sun Jul 04 22:21:36 PDT 2021,43,145,0
1625496361284,Mon Jul 05 07:46:01 PDT 2021,43,147,0
1625593895848,Tue Jul 06 10:51:35 PDT 2021,43,151,0
1625602961191,Tue Jul 06 13:22:41 PDT 2021,43,152,0
1625613349556,Tue Jul 06 16:15:49 PDT 2021,43,153,0
1625611377672,Tue Jul 06 15:42:57 PDT 2021,43,155,1
1625627135717,Tue Jul 06 20:05:35 PDT 2021,43,156,1
1625635935062,Tue Jul 06 22:32:15 PDT 2021,43,157,1
1625672755954,Wed Jul 07 08:45:55 PDT 2021,43,160,0
1625674869253,Wed Jul 07 09:21:09 PDT 2021,43,161,1
1625675088260,Wed Jul 07 09:24:48 PDT 2021,43,162,1
1625676472218,Wed Jul 07 09:47:52 PDT 2021,43,163,1
1625677901972,Wed Jul 07 10:11:41 PDT 2021,43,166,1
1625677779005,Wed Jul 07 10:09:39 PDT 2021,43,168,1
1625693843848,Wed Jul 07 14:37:23 PDT 2021,43,173,0
1625694206589,Wed Jul 07 14:43:26 PDT 2021,43,174,1
1625694651364,Wed Jul 07 14:50:51 PDT 2021,43,177,0
1625695370298,Wed Jul 07 15:02:50 PDT 2021,43,178,1
1625696493898,Wed Jul 07 15:21:33 PDT 2021,43,180,1
1625696788375,Wed Jul 07 15:26:28 PDT 2021,43,181,0
1625698723435,Wed Jul 07 15:58:43 PDT 2021,43,183,0
1625699648005,Wed Jul 07 16:14:08 PDT 2021,43,186,1
1625700583769,Wed Jul 07 16:29:43 PDT 2021,43,187,0
1625700876455,Wed Jul 07 16:34:36 PDT 2021,43,188,1
1625703064407,Wed Jul 07 17:11:04 PDT 2021,43,189,-1
1625710586811,Wed Jul 07 19:16:26 PDT 2021,43,191,0
1625710286972,Wed Jul 07 19:11:26 PDT 2021,43,193,1
1625711160611,Wed Jul 07 19:26:00 PDT 2021,43,194,1
1625722857403,Wed Jul 07 22:40:57 PDT 2021,43,196,1
1625772627837,Thu Jul 08 12:30:27 PDT 2021,43,198,0
1625759461033,Thu Jul 08 08:51:01 PDT 2021,43,199,-1
1625763049057,Thu Jul 08 09:50:49 PDT 2021,43,201,0
1625763651388,Thu Jul 08 10:00:51 PDT 2021,43,203,1
1625770693295,Thu Jul 08 11:58:13 PDT 2021,43,205,1
1625782456355,Thu Jul 08 15:14:16 PDT 2021,43,207,0
1625783638845,Thu Jul 08 15:33:58 PDT 2021,43,208,1
1625786864837,Thu Jul 08 16:27:44 PDT 2021,43,209,-1
1625789906280,Thu Jul 08 17:18:26 PDT 2021,43,210,1
1625845317588,Fri Jul 09 08:41:57 PDT 2021,43,215,1
1625855646241,Fri Jul 09 11:34:06 PDT 2021,43,217,1
1625864489598,Fri Jul 09 14:01:29 PDT 2021,43,218,1
1625868393811,Fri Jul 09 15:06:33 PDT 2021,43,219,1
1625921686309,Sat Jul 10 05:54:46 PDT 2021,43,223,0
1625922091197,Sat Jul 10 06:01:31 PDT 2021,43,224,1
1625929107723,Sat Jul 10 07:58:27 PDT 2021,43,226,0
1625938084506,Sat Jul 10 10:28:04 PDT 2021,43,227,0
1625961773534,Sat Jul 10 17:02:53 PDT 2021,43,231,1
1625965752084,Sat Jul 10 18:09:12 PDT 2021,43,232,0
1625971778805,Sat Jul 10 19:49:38 PDT 2021,43,233,0
1625982366284,Sat Jul 10 22:46:06 PDT 2021,43,234,-1
1626012145345,Sun Jul 11 07:02:25 PDT 2021,43,236,0
1626015582907,Sun Jul 11 07:59:42 PDT 2021,43,237,0
1626015871448,Sun Jul 11 08:04:31 PDT 2021,43,238,-1
1626016393793,Sun Jul 11 08:13:13 PDT 2021,43,239,-1
1626027709755,Sun Jul 11 11:21:49 PDT 2021,43,240,1
1626031685898,Sun Jul 11 12:28:05 PDT 2021,43,241,1
1626034032630,Sun Jul 11 13:07:12 PDT 2021,43,243,0
1626055930712,Sun Jul 11 19:12:10 PDT 2021,43,247,1
1626063626822,Sun Jul 11 21:20:26 PDT 2021,43,248,1
1626097076100,Mon Jul 12 06:37:56 PDT 2021,43,250,1
1626100801060,Mon Jul 12 07:40:01 PDT 2021,43,251,0
1626160517274,Tue Jul 13 00:15:17 PDT 2021,43,255,0
1626184943626,Tue Jul 13 07:02:23 PDT 2021,43,256,1
1626641111682,Sun Jul 18 13:45:11 PDT 2021,43,258,1
1626213671709,Tue Jul 13 15:01:11 PDT 2021,43,260,0
1627752296480,Sat Jul 31 10:24:56 PDT 2021,43,261,1
1626235445684,Tue Jul 13 21:04:05 PDT 2021,43,265,1
1626383650984,Thu Jul 15 14:14:10 PDT 2021,43,267,1
1626328264795,Wed Jul 14 22:51:04 PDT 2021,43,268,1
1626360803513,Thu Jul 15 07:53:23 PDT 2021,43,269,0
1626385680621,Thu Jul 15 14:48:00 PDT 2021,43,271,1
1626455677697,Fri Jul 16 10:14:37 PDT 2021,43,274,-1
1626471274907,Fri Jul 16 14:34:34 PDT 2021,43,275,0
1626493162233,Fri Jul 16 20:39:22 PDT 2021,43,276,0
1626540896684,Sat Jul 17 09:54:56 PDT 2021,43,278,1
1626540791224,Sat Jul 17 09:53:11 PDT 2021,43,279,0
1626545471194,Sat Jul 17 11:11:11 PDT 2021,43,280,1
1626552633647,Sat Jul 17 13:10:33 PDT 2021,43,281,1
1626553555397,Sat Jul 17 13:25:55 PDT 2021,43,282,1
1626568236891,Sat Jul 17 17:30:36 PDT 2021,43,284,1
1626578204305,Sat Jul 17 20:16:44 PDT 2021,43,285,0
1626584758662,Sat Jul 17 22:05:58 PDT 2021,43,286,1
1626713014332,Mon Jul 19 09:43:34 PDT 2021,43,288,1
1626713014352,Mon Jul 19 09:43:34 PDT 2021,43,288,1
1626716630162,Mon Jul 19 10:43:50 PDT 2021,43,290,1
1626720331351,Mon Jul 19 11:45:31 PDT 2021,43,291,1
1626737908268,Mon Jul 19 16:38:28 PDT 2021,43,294,1
1626752400383,Mon Jul 19 20:40:00 PDT 2021,43,295,0
1626792311674,Tue Jul 20 07:45:11 PDT 2021,43,296,-1
1626798668198,Tue Jul 20 09:31:08 PDT 2021,43,298,0
1626909983696,Wed Jul 21 16:26:23 PDT 2021,43,299,1
1626965410858,Thu Jul 22 07:50:10 PDT 2021,43,300,0
1627000933002,Thu Jul 22 17:42:13 PDT 2021,43,302,0
1627002566342,Thu Jul 22 18:09:26 PDT 2021,43,303,-1
1627008567734,Thu Jul 22 19:49:27 PDT 2021,43,305,1
1627082419075,Fri Jul 23 16:20:19 PDT 2021,43,308,1
1627083688841,Fri Jul 23 16:41:28 PDT 2021,43,309,1
1627085656312,Fri Jul 23 17:14:16 PDT 2021,43,310,1
1627087263060,Fri Jul 23 17:41:03 PDT 2021,43,311,1
1627088351688,Fri Jul 23 17:59:11 PDT 2021,43,312,1
1627099847945,Fri Jul 23 21:10:47 PDT 2021,43,313,1
1627100870583,Fri Jul 23 21:27:50 PDT 2021,43,314,1
1627101977918,Fri Jul 23 21:46:17 PDT 2021,43,315,1
1627163391379,Sat Jul 24 14:49:51 PDT 2021,43,317,0
1627187522758,Sat Jul 24 21:32:02 PDT 2021,43,318,1
1627192162193,Sat Jul 24 22:49:22 PDT 2021,43,319,1
1627407646594,Tue Jul 27 10:40:46 PDT 2021,43,322,1
1627415078815,Tue Jul 27 12:44:38 PDT 2021,43,325,1
1627425781426,Tue Jul 27 15:43:01 PDT 2021,43,326,0
1627502691468,Wed Jul 28 13:04:51 PDT 2021,43,332,1
1627503149734,Wed Jul 28 13:12:29 PDT 2021,43,334,1
1627504160991,Wed Jul 28 13:29:20 PDT 2021,43,335,0
1627505316289,Wed Jul 28 13:48:36 PDT 2021,43,337,1
1627505932192,Wed Jul 28 13:58:52 PDT 2021,43,339,1
1627506857123,Wed Jul 28 14:14:17 PDT 2021,43,342,1
1627508543458,Wed Jul 28 14:42:23 PDT 2021,43,343,1
1627679735150,Fri Jul 30 14:15:35 PDT 2021,43,347,0
1627515044611,Wed Jul 28 16:30:44 PDT 2021,43,348,1
1627523736629,Wed Jul 28 18:55:36 PDT 2021,43,353,1
1627522317967,Wed Jul 28 18:31:57 PDT 2021,43,356,1
1627529958264,Wed Jul 28 20:39:18 PDT 2021,43,357,1
1627532058650,Wed Jul 28 21:14:18 PDT 2021,43,358,1
1627535354782,Wed Jul 28 22:09:14 PDT 2021,43,361,1
1627544562856,Thu Jul 29 00:42:42 PDT 2021,43,364,1
1627573801838,Thu Jul 29 08:50:01 PDT 2021,43,366,-1
1627577152018,Thu Jul 29 09:45:52 PDT 2021,43,367,1
1627582880782,Thu Jul 29 11:21:20 PDT 2021,43,369,1
1627587255792,Thu Jul 29 12:34:15 PDT 2021,43,373,1
1627609597383,Thu Jul 29 18:46:37 PDT 2021,43,376,1
1627656389483,Fri Jul 30 07:46:29 PDT 2021,43,380,1
1627663582245,Fri Jul 30 09:46:22 PDT 2021,43,382,1
1627666648592,Fri Jul 30 10:37:28 PDT 2021,43,384,1
1627675805167,Fri Jul 30 13:10:05 PDT 2021,43,386,1
1627680973946,Fri Jul 30 14:36:13 PDT 2021,43,388,1
1627682741175,Fri Jul 30 15:05:41 PDT 2021,43,389,1
1627703595774,Fri Jul 30 20:53:15 PDT 2021,43,396,1
1627759854346,Sat Jul 31 12:30:54 PDT 2021,43,400,-1
1627770077204,Sat Jul 31 15:21:17 PDT 2021,43,401,1
1627772018371,Sat Jul 31 15:53:38 PDT 2021,43,402,1
1627776772065,Sat Jul 31 17:12:52 PDT 2021,43,403,1
1627837894910,Sun Aug 01 10:11:34 PDT 2021,43,404,0
1624994744658,Tue Jun 29 12:25:44 PDT 2021,44,0,1
1624917453400,Mon Jun 28 14:57:33 PDT 2021,44,1,-1
1624924688454,Mon Jun 28 16:58:08 PDT 2021,44,2,1
1624978173984,Tue Jun 29 07:49:33 PDT 2021,44,3,1
1624979993617,Tue Jun 29 08:19:53 PDT 2021,44,5,-1
1624980776921,Tue Jun 29 08:32:56 PDT 2021,44,6,0
1624982920553,Tue Jun 29 09:08:40 PDT 2021,44,7,-1
1624995156306,Tue Jun 29 12:32:36 PDT 2021,44,8,0
1624995667153,Tue Jun 29 12:41:07 PDT 2021,44,9,0
1624997082068,Tue Jun 29 13:04:42 PDT 2021,44,10,-1
1624999140961,Tue Jun 29 13:39:00 PDT 2021,44,11,0
1625000229943,Tue Jun 29 13:57:09 PDT 2021,44,12,0
1625000498505,Tue Jun 29 14:01:38 PDT 2021,44,13,-1
1625002313993,Tue Jun 29 14:31:53 PDT 2021,44,14,-1
1625003338544,Tue Jun 29 14:48:58 PDT 2021,44,15,-1
1625004270339,Tue Jun 29 15:04:30 PDT 2021,44,16,0
1625007279735,Tue Jun 29 15:54:39 PDT 2021,44,17,0
1625007482845,Tue Jun 29 15:58:02 PDT 2021,44,18,-1
1625008343408,Tue Jun 29 16:12:23 PDT 2021,44,19,-1
1625009024158,Tue Jun 29 16:23:44 PDT 2021,44,21,-1
1625009097951,Tue Jun 29 16:24:57 PDT 2021,44,22,0
1625020065788,Tue Jun 29 19:27:45 PDT 2021,44,24,0
1625019958444,Tue Jun 29 19:25:58 PDT 2021,44,25,0
1625020194114,Tue Jun 29 19:29:54 PDT 2021,44,26,1
1625022108109,Tue Jun 29 20:01:48 PDT 2021,44,27,1
1625055609648,Wed Jun 30 05:20:09 PDT 2021,44,28,0
1625057887107,Wed Jun 30 05:58:07 PDT 2021,44,30,0
1625065140328,Wed Jun 30 07:59:00 PDT 2021,44,33,-1
1625066573981,Wed Jun 30 08:22:53 PDT 2021,44,34,0
1625068721517,Wed Jun 30 08:58:41 PDT 2021,44,35,-1
1625069514076,Wed Jun 30 09:11:54 PDT 2021,44,36,-1
1625071988655,Wed Jun 30 09:53:08 PDT 2021,44,37,0
1625072206425,Wed Jun 30 09:56:46 PDT 2021,44,38,-1
1625082578134,Wed Jun 30 12:49:38 PDT 2021,44,40,-1
1625099580972,Wed Jun 30 17:33:00 PDT 2021,44,41,0
1625085921201,Wed Jun 30 13:45:21 PDT 2021,44,42,1
1625090184079,Wed Jun 30 14:56:24 PDT 2021,44,43,-1
1625093167054,Wed Jun 30 15:46:07 PDT 2021,44,45,-1
1625094787372,Wed Jun 30 16:13:07 PDT 2021,44,46,-1
1625095190595,Wed Jun 30 16:19:50 PDT 2021,44,47,0
1625096392491,Wed Jun 30 16:39:52 PDT 2021,44,48,-1
1625099475041,Wed Jun 30 17:31:15 PDT 2021,44,50,0
1625102939353,Wed Jun 30 18:28:59 PDT 2021,44,52,-1
1625101842519,Wed Jun 30 18:10:42 PDT 2021,44,53,-1
1625101763784,Wed Jun 30 18:09:23 PDT 2021,44,54,1
1625108346904,Wed Jun 30 19:59:06 PDT 2021,44,55,0
1625116543945,Wed Jun 30 22:15:43 PDT 2021,44,57,-1
1625117821799,Wed Jun 30 22:37:01 PDT 2021,44,59,-1
1625150264827,Thu Jul 01 07:37:44 PDT 2021,44,61,-1
1625152745082,Thu Jul 01 08:19:05 PDT 2021,44,62,-1
1625153226297,Thu Jul 01 08:27:06 PDT 2021,44,63,-1
1625155854435,Thu Jul 01 09:10:54 PDT 2021,44,64,-1
1625158288094,Thu Jul 01 09:51:28 PDT 2021,44,65,0
1625410867630,Sun Jul 04 08:01:07 PDT 2021,44,66,1
1625159634611,Thu Jul 01 10:13:54 PDT 2021,44,68,-1
1625160364723,Thu Jul 01 10:26:04 PDT 2021,44,69,-1
1625167938322,Thu Jul 01 12:32:18 PDT 2021,44,70,0
1625162620784,Thu Jul 01 11:03:40 PDT 2021,44,71,-1
1625163690662,Thu Jul 01 11:21:30 PDT 2021,44,73,-1
1625163705539,Thu Jul 01 11:21:45 PDT 2021,44,74,0
1625165079540,Thu Jul 01 11:44:39 PDT 2021,44,85,-1
1625168796411,Thu Jul 01 12:46:36 PDT 2021,44,92,1
1625174761168,Thu Jul 01 14:26:01 PDT 2021,44,94,1
1625179784679,Thu Jul 01 15:49:44 PDT 2021,44,95,1
1625183284597,Thu Jul 01 16:48:04 PDT 2021,44,96,-1
1626145311720,Mon Jul 12 20:01:51 PDT 2021,44,98,1
1625191626621,Thu Jul 01 19:07:06 PDT 2021,44,100,-1
1625191312091,Thu Jul 01 19:01:52 PDT 2021,44,101,-1
1625200186853,Thu Jul 01 21:29:46 PDT 2021,44,102,0
1625238344548,Fri Jul 02 08:05:44 PDT 2021,44,103,0
1625241925660,Fri Jul 02 09:05:25 PDT 2021,44,104,-1
1625242268899,Fri Jul 02 09:11:08 PDT 2021,44,106,1
1625246426546,Fri Jul 02 10:20:26 PDT 2021,44,107,0
1625251524930,Fri Jul 02 11:45:24 PDT 2021,44,108,0
1625266878587,Fri Jul 02 16:01:18 PDT 2021,44,111,-1
1625275237968,Fri Jul 02 18:20:37 PDT 2021,44,112,-1
1625295442960,Fri Jul 02 23:57:22 PDT 2021,44,115,0
1625329721830,Sat Jul 03 09:28:41 PDT 2021,44,118,0
1625333805736,Sat Jul 03 10:36:45 PDT 2021,44,119,-1
1625365185572,Sat Jul 03 19:19:45 PDT 2021,44,121,1
1625365628711,Sat Jul 03 19:27:08 PDT 2021,44,122,-1
1625366112913,Sat Jul 03 19:35:12 PDT 2021,44,123,-1
1625376325472,Sat Jul 03 22:25:25 PDT 2021,44,124,0
1625414785425,Sun Jul 04 09:06:25 PDT 2021,44,127,0
1625424239007,Sun Jul 04 11:43:59 PDT 2021,44,131,-1
1625429251048,Sun Jul 04 13:07:31 PDT 2021,44,132,0
1625435926584,Sun Jul 04 14:58:46 PDT 2021,44,135,0
1625436795733,Sun Jul 04 15:13:15 PDT 2021,44,136,0
1625437356142,Sun Jul 04 15:22:36 PDT 2021,44,137,0
1625452447432,Sun Jul 04 19:34:07 PDT 2021,44,141,-1
1625463280257,Sun Jul 04 22:34:40 PDT 2021,44,145,0
1625496937631,Mon Jul 05 07:55:37 PDT 2021,44,147,1
1625593921087,Tue Jul 06 10:52:01 PDT 2021,44,151,-1
1625602885116,Tue Jul 06 13:21:25 PDT 2021,44,152,0
1625613950469,Tue Jul 06 16:25:50 PDT 2021,44,153,1
1625611892757,Tue Jul 06 15:51:32 PDT 2021,44,155,-1
1625627846443,Tue Jul 06 20:17:26 PDT 2021,44,156,0
1625635816564,Tue Jul 06 22:30:16 PDT 2021,44,157,1
1625672528528,Wed Jul 07 08:42:08 PDT 2021,44,159,1
1625673231574,Wed Jul 07 08:53:51 PDT 2021,44,160,0
1625674908215,Wed Jul 07 09:21:48 PDT 2021,44,161,-1
1625675371183,Wed Jul 07 09:29:31 PDT 2021,44,162,1
1625676746275,Wed Jul 07 09:52:26 PDT 2021,44,163,0
1625678544682,Wed Jul 07 10:22:24 PDT 2021,44,166,0
1625694375693,Wed Jul 07 14:46:15 PDT 2021,44,173,0
1625694257374,Wed Jul 07 14:44:17 PDT 2021,44,174,-1
1625696219471,Wed Jul 07 15:16:59 PDT 2021,44,180,-1
1625696658500,Wed Jul 07 15:24:18 PDT 2021,44,181,-1
1625698641144,Wed Jul 07 15:57:21 PDT 2021,44,183,0
1625700175478,Wed Jul 07 16:22:55 PDT 2021,44,186,0
1625700596562,Wed Jul 07 16:29:56 PDT 2021,44,187,1
1625700963411,Wed Jul 07 16:36:03 PDT 2021,44,188,1
1625702501728,Wed Jul 07 17:01:41 PDT 2021,44,189,1
1625707257345,Wed Jul 07 18:20:57 PDT 2021,44,191,0
1625710036645,Wed Jul 07 19:07:16 PDT 2021,44,193,0
1625710956243,Wed Jul 07 19:22:36 PDT 2021,44,194,-1
1625722877265,Wed Jul 07 22:41:17 PDT 2021,44,196,0
1625755897843,Thu Jul 08 07:51:37 PDT 2021,44,198,-1
1625758998479,Thu Jul 08 08:43:18 PDT 2021,44,199,1
1625763088633,Thu Jul 08 09:51:28 PDT 2021,44,201,0
1625763723388,Thu Jul 08 10:02:03 PDT 2021,44,203,1
1625770627582,Thu Jul 08 11:57:07 PDT 2021,44,205,1
1625782599801,Thu Jul 08 15:16:39 PDT 2021,44,207,0
1625784260772,Thu Jul 08 15:44:20 PDT 2021,44,208,-1
1625786416161,Thu Jul 08 16:20:16 PDT 2021,44,209,-1
1625845329669,Fri Jul 09 08:42:09 PDT 2021,44,215,-1
1625856093482,Fri Jul 09 11:41:33 PDT 2021,44,217,-1
1625863551250,Fri Jul 09 13:45:51 PDT 2021,44,218,0
1625868616770,Fri Jul 09 15:10:16 PDT 2021,44,219,-1
1625921840333,Sat Jul 10 05:57:20 PDT 2021,44,223,0
1625922046587,Sat Jul 10 06:00:46 PDT 2021,44,224,-1
1625929511580,Sat Jul 10 08:05:11 PDT 2021,44,226,-1
1625932819350,Sat Jul 10 09:00:19 PDT 2021,44,227,0
1625965592525,Sat Jul 10 18:06:32 PDT 2021,44,232,-1
1625982702676,Sat Jul 10 22:51:42 PDT 2021,44,234,-1
1626011355499,Sun Jul 11 06:49:15 PDT 2021,44,236,-1
1626015418427,Sun Jul 11 07:56:58 PDT 2021,44,237,-1
1626015643328,Sun Jul 11 08:00:43 PDT 2021,44,238,1
1626018423391,Sun Jul 11 08:47:03 PDT 2021,44,239,1
1626027470038,Sun Jul 11 11:17:50 PDT 2021,44,240,-1
1626031867205,Sun Jul 11 12:31:07 PDT 2021,44,241,0
1626033953401,Sun Jul 11 13:05:53 PDT 2021,44,243,0
1626063568631,Sun Jul 11 21:19:28 PDT 2021,44,248,-1
1626097876447,Mon Jul 12 06:51:16 PDT 2021,44,250,-1
1626160521764,Tue Jul 13 00:15:21 PDT 2021,44,255,1
1626184865241,Tue Jul 13 07:01:05 PDT 2021,44,256,-1
1626198149077,Tue Jul 13 10:42:29 PDT 2021,44,257,1
1626213946874,Tue Jul 13 15:05:46 PDT 2021,44,260,-1
1626215478232,Tue Jul 13 15:31:18 PDT 2021,44,261,1
1626220940414,Tue Jul 13 17:02:20 PDT 2021,44,263,1
1626234504787,Tue Jul 13 20:48:24 PDT 2021,44,264,0
1626274769007,Wed Jul 14 07:59:29 PDT 2021,44,265,0
1626384286426,Thu Jul 15 14:24:46 PDT 2021,44,267,-1
1626385810104,Thu Jul 15 14:50:10 PDT 2021,44,271,0
1626455673237,Fri Jul 16 10:14:33 PDT 2021,44,274,-1
1626472001661,Fri Jul 16 14:46:41 PDT 2021,44,275,-1
1626492890071,Fri Jul 16 20:34:50 PDT 2021,44,276,0
1626541222930,Sat Jul 17 10:00:22 PDT 2021,44,278,-1
1626546329539,Sat Jul 17 11:25:29 PDT 2021,44,280,1
1626552620835,Sat Jul 17 13:10:20 PDT 2021,44,281,1
1626553265991,Sat Jul 17 13:21:05 PDT 2021,44,282,0
1626570981623,Sat Jul 17 18:16:21 PDT 2021,44,284,-1
1626584842779,Sat Jul 17 22:07:22 PDT 2021,44,286,1
1626713274264,Mon Jul 19 09:47:54 PDT 2021,44,288,0
1626716327917,Mon Jul 19 10:38:47 PDT 2021,44,290,1
1626720968793,Mon Jul 19 11:56:08 PDT 2021,44,291,0
1626737758426,Mon Jul 19 16:35:58 PDT 2021,44,294,1
1626752088632,Mon Jul 19 20:34:48 PDT 2021,44,295,-1
1626791742399,Tue Jul 20 07:35:42 PDT 2021,44,296,-1
1626791742705,Tue Jul 20 07:35:42 PDT 2021,44,296,-1
1626799043628,Tue Jul 20 09:37:23 PDT 2021,44,298,0
1626909426061,Wed Jul 21 16:17:06 PDT 2021,44,299,1
1626965183385,Thu Jul 22 07:46:23 PDT 2021,44,300,1
1627001558533,Thu Jul 22 17:52:38 PDT 2021,44,302,1
1627002667816,Thu Jul 22 18:11:07 PDT 2021,44,303,1
1627009110577,Thu Jul 22 19:58:30 PDT 2021,44,305,-1
1627084157905,Fri Jul 23 16:49:17 PDT 2021,44,309,1
1627085533151,Fri Jul 23 17:12:13 PDT 2021,44,310,1
1627087334805,Fri Jul 23 17:42:14 PDT 2021,44,311,1
1627088402320,Fri Jul 23 18:00:02 PDT 2021,44,312,1
1627100034436,Fri Jul 23 21:13:54 PDT 2021,44,313,1
1627100969635,Fri Jul 23 21:29:29 PDT 2021,44,314,1
1627101744774,Fri Jul 23 21:42:24 PDT 2021,44,315,1
1627163342451,Sat Jul 24 14:49:02 PDT 2021,44,317,0
1627187799504,Sat Jul 24 21:36:39 PDT 2021,44,318,-1
1627192149746,Sat Jul 24 22:49:09 PDT 2021,44,319,0
1627407532603,Tue Jul 27 10:38:52 PDT 2021,44,322,-1
1627415066929,Tue Jul 27 12:44:26 PDT 2021,44,325,1
1627425755524,Tue Jul 27 15:42:35 PDT 2021,44,326,0
1627439586425,Tue Jul 27 19:33:06 PDT 2021,44,327,1
1627451285439,Tue Jul 27 22:48:05 PDT 2021,44,328,1
1627504015746,Wed Jul 28 13:26:55 PDT 2021,44,335,0
1627505159667,Wed Jul 28 13:45:59 PDT 2021,44,337,1
1627505912073,Wed Jul 28 13:58:32 PDT 2021,44,339,1
1627506584351,Wed Jul 28 14:09:44 PDT 2021,44,341,1
1627508777256,Wed Jul 28 14:46:17 PDT 2021,44,343,1
1627508630776,Wed Jul 28 14:43:50 PDT 2021,44,344,0
1627515606038,Wed Jul 28 16:40:06 PDT 2021,44,348,0
1627523172132,Wed Jul 28 18:46:12 PDT 2021,44,353,1
1627522394142,Wed Jul 28 18:33:14 PDT 2021,44,356,-1
1627529477549,Wed Jul 28 20:31:17 PDT 2021,44,357,1
1627531520960,Wed Jul 28 21:05:20 PDT 2021,44,358,1
1627535723441,Wed Jul 28 22:15:23 PDT 2021,44,361,0
1627543060301,Thu Jul 29 00:17:40 PDT 2021,44,364,-1
1627573464762,Thu Jul 29 08:44:24 PDT 2021,44,366,1
1627579190458,Thu Jul 29 10:19:50 PDT 2021,44,368,-1
1627586924828,Thu Jul 29 12:28:44 PDT 2021,44,373,-1
1627610035924,Thu Jul 29 18:53:55 PDT 2021,44,376,0
1627611960816,Thu Jul 29 19:26:00 PDT 2021,44,377,-1
1627613931973,Thu Jul 29 19:58:51 PDT 2021,44,378,0
1627656558886,Fri Jul 30 07:49:18 PDT 2021,44,380,-1
1627664058400,Fri Jul 30 09:54:18 PDT 2021,44,382,-1
1627667511314,Fri Jul 30 10:51:51 PDT 2021,44,384,1
1627675589102,Fri Jul 30 13:06:29 PDT 2021,44,386,0
1627681692223,Fri Jul 30 14:48:12 PDT 2021,44,388,-1
1627681512588,Fri Jul 30 14:45:12 PDT 2021,44,389,1
1627685630973,Fri Jul 30 15:53:50 PDT 2021,44,393,0
1627702086924,Fri Jul 30 20:28:06 PDT 2021,44,396,0
1627756906177,Sat Jul 31 11:41:46 PDT 2021,44,399,-1
1627770295109,Sat Jul 31 15:24:55 PDT 2021,44,401,-1
1627772160150,Sat Jul 31 15:56:00 PDT 2021,44,402,-1
1627776716041,Sat Jul 31 17:11:56 PDT 2021,44,403,-1
1627838197339,Sun Aug 01 10:16:37 PDT 2021,44,404,-1
1624994726474,Tue Jun 29 12:25:26 PDT 2021,45,0,1
1624917393672,Mon Jun 28 14:56:33 PDT 2021,45,1,0
1624924511319,Mon Jun 28 16:55:11 PDT 2021,45,2,1
1624978311260,Tue Jun 29 07:51:51 PDT 2021,45,3,0
1624979913493,Tue Jun 29 08:18:33 PDT 2021,45,5,1
1624981024847,Tue Jun 29 08:37:04 PDT 2021,45,6,1
1624983202570,Tue Jun 29 09:13:22 PDT 2021,45,7,0
1624995256208,Tue Jun 29 12:34:16 PDT 2021,45,8,1
1624995830398,Tue Jun 29 12:43:50 PDT 2021,45,9,0
1624997131384,Tue Jun 29 13:05:31 PDT 2021,45,10,1
1624999214993,Tue Jun 29 13:40:14 PDT 2021,45,11,0
1625000370324,Tue Jun 29 13:59:30 PDT 2021,45,12,1
1625000428752,Tue Jun 29 14:00:28 PDT 2021,45,13,1
1625002152189,Tue Jun 29 14:29:12 PDT 2021,45,14,1
1625003444423,Tue Jun 29 14:50:44 PDT 2021,45,15,-1
1625004335688,Tue Jun 29 15:05:35 PDT 2021,45,16,1
1625007332821,Tue Jun 29 15:55:32 PDT 2021,45,17,1
1625007467845,Tue Jun 29 15:57:47 PDT 2021,45,18,-1
1625008522383,Tue Jun 29 16:15:22 PDT 2021,45,19,1
1625008713343,Tue Jun 29 16:18:33 PDT 2021,45,21,-1
1625008986817,Tue Jun 29 16:23:06 PDT 2021,45,22,1
1625019859092,Tue Jun 29 19:24:19 PDT 2021,45,24,1
1625019687542,Tue Jun 29 19:21:27 PDT 2021,45,25,1
1625019767143,Tue Jun 29 19:22:47 PDT 2021,45,26,1
1625021696503,Tue Jun 29 19:54:56 PDT 2021,45,27,1
1625055454480,Wed Jun 30 05:17:34 PDT 2021,45,28,1
1625058143956,Wed Jun 30 06:02:23 PDT 2021,45,30,1
1625064328320,Wed Jun 30 07:45:28 PDT 2021,45,33,1
1625066397904,Wed Jun 30 08:19:57 PDT 2021,45,34,0
1625068547726,Wed Jun 30 08:55:47 PDT 2021,45,35,1
1625069151411,Wed Jun 30 09:05:51 PDT 2021,45,36,1
1625071941165,Wed Jun 30 09:52:21 PDT 2021,45,37,0
1625071897385,Wed Jun 30 09:51:37 PDT 2021,45,38,1
1625082404808,Wed Jun 30 12:46:44 PDT 2021,45,40,0
1625099311587,Wed Jun 30 17:28:31 PDT 2021,45,41,0
1625086365673,Wed Jun 30 13:52:45 PDT 2021,45,42,1
1625089596066,Wed Jun 30 14:46:36 PDT 2021,45,43,0
1625092198509,Wed Jun 30 15:29:58 PDT 2021,45,44,1
1625093122338,Wed Jun 30 15:45:22 PDT 2021,45,45,1
1625095044778,Wed Jun 30 16:17:24 PDT 2021,45,46,1
1625095224672,Wed Jun 30 16:20:24 PDT 2021,45,47,1
1625096010026,Wed Jun 30 16:33:30 PDT 2021,45,48,0
1625099494128,Wed Jun 30 17:31:34 PDT 2021,45,50,0
1625102800427,Wed Jun 30 18:26:40 PDT 2021,45,52,1
1625101762474,Wed Jun 30 18:09:22 PDT 2021,45,53,1
1625101690053,Wed Jun 30 18:08:10 PDT 2021,45,54,1
1625108237536,Wed Jun 30 19:57:17 PDT 2021,45,55,1
1625112223226,Wed Jun 30 21:03:43 PDT 2021,45,56,1
1625116209818,Wed Jun 30 22:10:09 PDT 2021,45,57,-1
1625117582365,Wed Jun 30 22:33:02 PDT 2021,45,58,1
1625118356594,Wed Jun 30 22:45:56 PDT 2021,45,59,0
1625151015355,Thu Jul 01 07:50:15 PDT 2021,45,61,-1
1625151112779,Thu Jul 01 07:51:52 PDT 2021,45,62,-1
1625154361378,Thu Jul 01 08:46:01 PDT 2021,45,63,1
1625156027771,Thu Jul 01 09:13:47 PDT 2021,45,64,-1
1625157991465,Thu Jul 01 09:46:31 PDT 2021,45,65,0
1625410949876,Sun Jul 04 08:02:29 PDT 2021,45,66,0
1625159923536,Thu Jul 01 10:18:43 PDT 2021,45,68,1
1625160282518,Thu Jul 01 10:24:42 PDT 2021,45,69,1
1625167725558,Thu Jul 01 12:28:45 PDT 2021,45,70,0
1625160743134,Thu Jul 01 10:32:23 PDT 2021,45,71,1
1625163556566,Thu Jul 01 11:19:16 PDT 2021,45,73,1
1625164907125,Thu Jul 01 11:41:47 PDT 2021,45,74,0
1625164148606,Thu Jul 01 11:29:08 PDT 2021,45,83,1
1625165096754,Thu Jul 01 11:44:56 PDT 2021,45,85,-1
1625168552889,Thu Jul 01 12:42:32 PDT 2021,45,92,1
1625174672578,Thu Jul 01 14:24:32 PDT 2021,45,94,1
1625179589373,Thu Jul 01 15:46:29 PDT 2021,45,95,1
1625183143096,Thu Jul 01 16:45:43 PDT 2021,45,96,-1
1626143110478,Mon Jul 12 19:25:10 PDT 2021,45,98,1
1625190777226,Thu Jul 01 18:52:57 PDT 2021,45,100,1
1625191077986,Thu Jul 01 18:57:57 PDT 2021,45,101,-1
1625199971650,Thu Jul 01 21:26:11 PDT 2021,45,102,-1
1625238145854,Fri Jul 02 08:02:25 PDT 2021,45,103,0
1625241727065,Fri Jul 02 09:02:07 PDT 2021,45,104,1
1625241807160,Fri Jul 02 09:03:27 PDT 2021,45,106,1
1625246416650,Fri Jul 02 10:20:16 PDT 2021,45,107,-1
1625251747599,Fri Jul 02 11:49:07 PDT 2021,45,108,1
1625267009534,Fri Jul 02 16:03:29 PDT 2021,45,111,0
1625275302046,Fri Jul 02 18:21:42 PDT 2021,45,112,1
1625295374381,Fri Jul 02 23:56:14 PDT 2021,45,115,0
1625329544237,Sat Jul 03 09:25:44 PDT 2021,45,118,0
1625334232121,Sat Jul 03 10:43:52 PDT 2021,45,119,1
1625362271218,Sat Jul 03 18:31:11 PDT 2021,45,120,1
1625365009354,Sat Jul 03 19:16:49 PDT 2021,45,121,-1
1625365694920,Sat Jul 03 19:28:14 PDT 2021,45,122,0
1625366468378,Sat Jul 03 19:41:08 PDT 2021,45,123,1
1625376225689,Sat Jul 03 22:23:45 PDT 2021,45,124,-1
1625383792908,Sun Jul 04 00:29:52 PDT 2021,45,125,1
1625413768877,Sun Jul 04 08:49:28 PDT 2021,45,127,0
1625424491302,Sun Jul 04 11:48:11 PDT 2021,45,131,0
1625429135092,Sun Jul 04 13:05:35 PDT 2021,45,132,-1
1625436317447,Sun Jul 04 15:05:17 PDT 2021,45,135,0
1625436906915,Sun Jul 04 15:15:06 PDT 2021,45,136,1
1625437335041,Sun Jul 04 15:22:15 PDT 2021,45,137,1
1625452476653,Sun Jul 04 19:34:36 PDT 2021,45,141,-1
1625463323589,Sun Jul 04 22:35:23 PDT 2021,45,145,1
1625496109920,Mon Jul 05 07:41:49 PDT 2021,45,147,0
1625594088290,Tue Jul 06 10:54:48 PDT 2021,45,151,-1
1625602812899,Tue Jul 06 13:20:12 PDT 2021,45,152,0
1625613802035,Tue Jul 06 16:23:22 PDT 2021,45,153,0
1625611960440,Tue Jul 06 15:52:40 PDT 2021,45,155,0
1625627768215,Tue Jul 06 20:16:08 PDT 2021,45,156,1
1625636093907,Tue Jul 06 22:34:53 PDT 2021,45,157,1
1625672899831,Wed Jul 07 08:48:19 PDT 2021,45,160,1
1625674836713,Wed Jul 07 09:20:36 PDT 2021,45,161,1
1625675287875,Wed Jul 07 09:28:07 PDT 2021,45,162,0
1625676824519,Wed Jul 07 09:53:44 PDT 2021,45,163,1
1625677845513,Wed Jul 07 10:10:45 PDT 2021,45,166,1
1625689340714,Wed Jul 07 13:22:20 PDT 2021,45,171,0
1625693086403,Wed Jul 07 14:24:46 PDT 2021,45,173,1
1625694104605,Wed Jul 07 14:41:44 PDT 2021,45,174,1
1625695499005,Wed Jul 07 15:04:59 PDT 2021,45,178,1
1625696522653,Wed Jul 07 15:22:02 PDT 2021,45,180,1
1625696830763,Wed Jul 07 15:27:10 PDT 2021,45,181,0
1625698652421,Wed Jul 07 15:57:32 PDT 2021,45,183,0
1625700254459,Wed Jul 07 16:24:14 PDT 2021,45,186,0
1625700499576,Wed Jul 07 16:28:19 PDT 2021,45,187,0
1625700899878,Wed Jul 07 16:34:59 PDT 2021,45,188,1
1625703250716,Wed Jul 07 17:14:10 PDT 2021,45,189,1
1625710023918,Wed Jul 07 19:07:03 PDT 2021,45,193,1
1625710834716,Wed Jul 07 19:20:34 PDT 2021,45,194,1
1625722660200,Wed Jul 07 22:37:40 PDT 2021,45,196,1
1625753119445,Thu Jul 08 07:05:19 PDT 2021,45,197,0
1625755889734,Thu Jul 08 07:51:29 PDT 2021,45,198,1
1625758974258,Thu Jul 08 08:42:54 PDT 2021,45,199,-1
1625762992662,Thu Jul 08 09:49:52 PDT 2021,45,201,1
1625763337662,Thu Jul 08 09:55:37 PDT 2021,45,203,1
1625770370175,Thu Jul 08 11:52:50 PDT 2021,45,205,1
1625781813364,Thu Jul 08 15:03:33 PDT 2021,45,207,1
1625783834771,Thu Jul 08 15:37:14 PDT 2021,45,208,1
1625786734486,Thu Jul 08 16:25:34 PDT 2021,45,209,-1
1625845322363,Fri Jul 09 08:42:02 PDT 2021,45,215,1
1625855233202,Fri Jul 09 11:27:13 PDT 2021,45,217,1
1625864997618,Fri Jul 09 14:09:57 PDT 2021,45,218,1
1625868666400,Fri Jul 09 15:11:06 PDT 2021,45,219,1
1625921582121,Sat Jul 10 05:53:02 PDT 2021,45,223,1
1625921886638,Sat Jul 10 05:58:06 PDT 2021,45,224,0
1625929837539,Sat Jul 10 08:10:37 PDT 2021,45,226,0
1625965353807,Sat Jul 10 18:02:33 PDT 2021,45,232,0
1625971556868,Sat Jul 10 19:45:56 PDT 2021,45,233,1
1625982329461,Sat Jul 10 22:45:29 PDT 2021,45,234,1
1626012054915,Sun Jul 11 07:00:54 PDT 2021,45,236,-1
1626015230489,Sun Jul 11 07:53:50 PDT 2021,45,237,1
1626015875164,Sun Jul 11 08:04:35 PDT 2021,45,238,-1
1626018121828,Sun Jul 11 08:42:01 PDT 2021,45,239,1
1626027582373,Sun Jul 11 11:19:42 PDT 2021,45,240,1
1626031551816,Sun Jul 11 12:25:51 PDT 2021,45,241,0
1626033376588,Sun Jul 11 12:56:16 PDT 2021,45,243,1
1626055985266,Sun Jul 11 19:13:05 PDT 2021,45,247,1
1626063844742,Sun Jul 11 21:24:04 PDT 2021,45,248,1
1626097745798,Mon Jul 12 06:49:05 PDT 2021,45,250,1
1626101105017,Mon Jul 12 07:45:05 PDT 2021,45,251,0
1626160446594,Tue Jul 13 00:14:06 PDT 2021,45,255,0
1626184837377,Tue Jul 13 07:00:37 PDT 2021,45,256,0
1626198076300,Tue Jul 13 10:41:16 PDT 2021,45,257,0
1626227968006,Tue Jul 13 18:59:28 PDT 2021,45,259,0
1626214364384,Tue Jul 13 15:12:44 PDT 2021,45,260,1
1626298362558,Wed Jul 14 14:32:42 PDT 2021,45,265,1
1626384313393,Thu Jul 15 14:25:13 PDT 2021,45,267,1
1626386452184,Thu Jul 15 15:00:52 PDT 2021,45,271,1
1626455768274,Fri Jul 16 10:16:08 PDT 2021,45,274,1
1626471969847,Fri Jul 16 14:46:09 PDT 2021,45,275,1
1626493122484,Fri Jul 16 20:38:42 PDT 2021,45,276,0
1626541449367,Sat Jul 17 10:04:09 PDT 2021,45,278,1
1626545359827,Sat Jul 17 11:09:19 PDT 2021,45,280,1
1626552772405,Sat Jul 17 13:12:52 PDT 2021,45,281,0
1626553706091,Sat Jul 17 13:28:26 PDT 2021,45,282,-1
1626571079508,Sat Jul 17 18:17:59 PDT 2021,45,284,-1
1626584931815,Sat Jul 17 22:08:51 PDT 2021,45,286,1
1626713081476,Mon Jul 19 09:44:41 PDT 2021,45,288,1
1626716521655,Mon Jul 19 10:42:01 PDT 2021,45,290,1
1626720738483,Mon Jul 19 11:52:18 PDT 2021,45,291,1
1626737901408,Mon Jul 19 16:38:21 PDT 2021,45,294,1
1626752573283,Mon Jul 19 20:42:53 PDT 2021,45,295,0
1626792223994,Tue Jul 20 07:43:43 PDT 2021,45,296,1
1626799081885,Tue Jul 20 09:38:01 PDT 2021,45,298,1
1626910328252,Wed Jul 21 16:32:08 PDT 2021,45,299,-1
1626965459356,Thu Jul 22 07:50:59 PDT 2021,45,300,0
1627001568365,Thu Jul 22 17:52:48 PDT 2021,45,302,1
1627002749665,Thu Jul 22 18:12:29 PDT 2021,45,303,-1
1627008904344,Thu Jul 22 19:55:04 PDT 2021,45,305,-1
1627084387074,Fri Jul 23 16:53:07 PDT 2021,45,309,1
1627085560314,Fri Jul 23 17:12:40 PDT 2021,45,310,1
1627087032047,Fri Jul 23 17:37:12 PDT 2021,45,311,1
1627088036453,Fri Jul 23 17:53:56 PDT 2021,45,312,1
1627099989413,Fri Jul 23 21:13:09 PDT 2021,45,313,1
1627101086029,Fri Jul 23 21:31:26 PDT 2021,45,314,-1
1627102088049,Fri Jul 23 21:48:08 PDT 2021,45,315,1
1627163287531,Sat Jul 24 14:48:07 PDT 2021,45,317,0
1627187869874,Sat Jul 24 21:37:49 PDT 2021,45,318,-1
1627192124183,Sat Jul 24 22:48:44 PDT 2021,45,319,-1
1627408016603,Tue Jul 27 10:46:56 PDT 2021,45,322,-1
1627415052436,Tue Jul 27 12:44:12 PDT 2021,45,325,1
1627699614870,Fri Jul 30 19:46:54 PDT 2021,45,326,0
1627502703024,Wed Jul 28 13:05:03 PDT 2021,45,332,1
1627505196549,Wed Jul 28 13:46:36 PDT 2021,45,337,1
1627505926179,Wed Jul 28 13:58:46 PDT 2021,45,339,1
1627506805746,Wed Jul 28 14:13:25 PDT 2021,45,341,1
1627509231762,Wed Jul 28 14:53:51 PDT 2021,45,343,1
1627509865259,Wed Jul 28 15:04:25 PDT 2021,45,346,1
1627515531699,Wed Jul 28 16:38:51 PDT 2021,45,348,1
1627523367255,Wed Jul 28 18:49:27 PDT 2021,45,353,1
1627521964738,Wed Jul 28 18:26:04 PDT 2021,45,356,1
1627530514691,Wed Jul 28 20:48:34 PDT 2021,45,357,-1
1627531938173,Wed Jul 28 21:12:18 PDT 2021,45,358,1
1627535133377,Wed Jul 28 22:05:33 PDT 2021,45,361,1
1627573989857,Thu Jul 29 08:53:09 PDT 2021,45,366,0
1627577919568,Thu Jul 29 09:58:39 PDT 2021,45,368,0
1627586787027,Thu Jul 29 12:26:27 PDT 2021,45,373,0
1627608146031,Thu Jul 29 18:22:26 PDT 2021,45,376,0
1627617982403,Thu Jul 29 21:06:22 PDT 2021,45,379,1
1627655003166,Fri Jul 30 07:23:23 PDT 2021,45,380,1
1627663793669,Fri Jul 30 09:49:53 PDT 2021,45,382,-1
1627666917160,Fri Jul 30 10:41:57 PDT 2021,45,384,1
1627676732213,Fri Jul 30 13:25:32 PDT 2021,45,386,-1
1627680154521,Fri Jul 30 14:22:34 PDT 2021,45,388,1
1627681453340,Fri Jul 30 14:44:13 PDT 2021,45,389,1
1627686347014,Fri Jul 30 16:05:47 PDT 2021,45,394,1
1627703308262,Fri Jul 30 20:48:28 PDT 2021,45,396,0
1627770301131,Sat Jul 31 15:25:01 PDT 2021,45,401,1
1627772059315,Sat Jul 31 15:54:19 PDT 2021,45,402,-1
1627775231664,Sat Jul 31 16:47:11 PDT 2021,45,403,0
1627837943482,Sun Aug 01 10:12:23 PDT 2021,45,404,-1
1624995206399,Tue Jun 29 12:33:26 PDT 2021,47,0,-1
1624917604902,Mon Jun 28 15:00:04 PDT 2021,47,1,-1
1624924506987,Mon Jun 28 16:55:06 PDT 2021,47,2,0
1624978156027,Tue Jun 29 07:49:16 PDT 2021,47,3,0
1624980309603,Tue Jun 29 08:25:09 PDT 2021,47,5,0
1624981034358,Tue Jun 29 08:37:14 PDT 2021,47,6,0
1624983223653,Tue Jun 29 09:13:43 PDT 2021,47,7,0
1624995802278,Tue Jun 29 12:43:22 PDT 2021,47,9,1
1624997198932,Tue Jun 29 13:06:38 PDT 2021,47,10,1
1624999293416,Tue Jun 29 13:41:33 PDT 2021,47,11,0
1625000425679,Tue Jun 29 14:00:25 PDT 2021,47,12,0
1625000437015,Tue Jun 29 14:00:37 PDT 2021,47,13,1
1625002143242,Tue Jun 29 14:29:03 PDT 2021,47,14,0
1625003447650,Tue Jun 29 14:50:47 PDT 2021,47,15,-1
1625005075017,Tue Jun 29 15:17:55 PDT 2021,47,16,-1
1625007326259,Tue Jun 29 15:55:26 PDT 2021,47,17,-1
1625007492504,Tue Jun 29 15:58:12 PDT 2021,47,18,-1
1625008515444,Tue Jun 29 16:15:15 PDT 2021,47,19,1
1625008870623,Tue Jun 29 16:21:10 PDT 2021,47,21,0
1625009015515,Tue Jun 29 16:23:35 PDT 2021,47,22,0
1625019902696,Tue Jun 29 19:25:02 PDT 2021,47,24,0
1625019961874,Tue Jun 29 19:26:01 PDT 2021,47,25,-1
1625020188930,Tue Jun 29 19:29:48 PDT 2021,47,26,0
1625022176203,Tue Jun 29 20:02:56 PDT 2021,47,27,-1
1625055690226,Wed Jun 30 05:21:30 PDT 2021,47,28,-1
1625058198496,Wed Jun 30 06:03:18 PDT 2021,47,30,0
1625064920841,Wed Jun 30 07:55:20 PDT 2021,47,33,-1
1625066594695,Wed Jun 30 08:23:14 PDT 2021,47,34,-1
1625068736283,Wed Jun 30 08:58:56 PDT 2021,47,35,0
1625069472346,Wed Jun 30 09:11:12 PDT 2021,47,36,-1
1625071952293,Wed Jun 30 09:52:32 PDT 2021,47,37,-1
1625072253820,Wed Jun 30 09:57:33 PDT 2021,47,38,0
1625082400506,Wed Jun 30 12:46:40 PDT 2021,47,40,0
1625099618649,Wed Jun 30 17:33:38 PDT 2021,47,41,1
1625086661772,Wed Jun 30 13:57:41 PDT 2021,47,42,-1
1625090172737,Wed Jun 30 14:56:12 PDT 2021,47,43,0
1625093180970,Wed Jun 30 15:46:20 PDT 2021,47,45,0
1625095570377,Wed Jun 30 16:26:10 PDT 2021,47,46,1
1625095095589,Wed Jun 30 16:18:15 PDT 2021,47,47,0
1625096436998,Wed Jun 30 16:40:36 PDT 2021,47,48,1
1625099477952,Wed Jun 30 17:31:17 PDT 2021,47,50,0
1625102971057,Wed Jun 30 18:29:31 PDT 2021,47,52,0
1625101720295,Wed Jun 30 18:08:40 PDT 2021,47,53,1
1625101744446,Wed Jun 30 18:09:04 PDT 2021,47,54,0
1625108390299,Wed Jun 30 19:59:50 PDT 2021,47,55,-1
1625116532422,Wed Jun 30 22:15:32 PDT 2021,47,57,-1
1625118395050,Wed Jun 30 22:46:35 PDT 2021,47,59,-1
1625150860486,Thu Jul 01 07:47:40 PDT 2021,47,61,1
1625152755411,Thu Jul 01 08:19:15 PDT 2021,47,62,0
1625153106675,Thu Jul 01 08:25:06 PDT 2021,47,63,0
1625156012192,Thu Jul 01 09:13:32 PDT 2021,47,64,1
1625158291575,Thu Jul 01 09:51:31 PDT 2021,47,65,0
1625410943559,Sun Jul 04 08:02:23 PDT 2021,47,66,-1
1625159982296,Thu Jul 01 10:19:42 PDT 2021,47,68,-1
1625160359658,Thu Jul 01 10:25:59 PDT 2021,47,69,1
1625167929602,Thu Jul 01 12:32:09 PDT 2021,47,70,0
1625162726631,Thu Jul 01 11:05:26 PDT 2021,47,71,1
1625163698722,Thu Jul 01 11:21:38 PDT 2021,47,73,1
1625167030548,Thu Jul 01 12:17:10 PDT 2021,47,74,0
1625165110603,Thu Jul 01 11:45:10 PDT 2021,47,85,-1
1625168735561,Thu Jul 01 12:45:35 PDT 2021,47,92,-1
1625175323834,Thu Jul 01 14:35:23 PDT 2021,47,94,0
1625179724507,Thu Jul 01 15:48:44 PDT 2021,47,95,1
1625183274151,Thu Jul 01 16:47:54 PDT 2021,47,96,0
1626145458134,Mon Jul 12 20:04:18 PDT 2021,47,98,1
1625191601901,Thu Jul 01 19:06:41 PDT 2021,47,100,0
1625191286355,Thu Jul 01 19:01:26 PDT 2021,47,101,1
1625200102267,Thu Jul 01 21:28:22 PDT 2021,47,102,0
1625238406741,Fri Jul 02 08:06:46 PDT 2021,47,103,1
1625242038290,Fri Jul 02 09:07:18 PDT 2021,47,104,0
1625242025265,Fri Jul 02 09:07:05 PDT 2021,47,106,1
1625246422268,Fri Jul 02 10:20:22 PDT 2021,47,107,0
1625266755773,Fri Jul 02 15:59:15 PDT 2021,47,111,-1
1625276580166,Fri Jul 02 18:43:00 PDT 2021,47,112,-1
1625329713514,Sat Jul 03 09:28:33 PDT 2021,47,118,-1
1625334368468,Sat Jul 03 10:46:08 PDT 2021,47,119,-1
1625365112134,Sat Jul 03 19:18:32 PDT 2021,47,121,1
1625365795910,Sat Jul 03 19:29:55 PDT 2021,47,122,0
1625366591764,Sat Jul 03 19:43:11 PDT 2021,47,123,-1
1625376164808,Sat Jul 03 22:22:44 PDT 2021,47,124,0
1625410530792,Sun Jul 04 07:55:30 PDT 2021,47,126,0
1625414961390,Sun Jul 04 09:09:21 PDT 2021,47,127,0
1625424613232,Sun Jul 04 11:50:13 PDT 2021,47,131,0
1625429304868,Sun Jul 04 13:08:24 PDT 2021,47,132,0
1625436332640,Sun Jul 04 15:05:32 PDT 2021,47,135,-1
1625437059874,Sun Jul 04 15:17:39 PDT 2021,47,136,0
1625437181232,Sun Jul 04 15:19:41 PDT 2021,47,137,0
1625452505494,Sun Jul 04 19:35:05 PDT 2021,47,141,1
1625463442785,Sun Jul 04 22:37:22 PDT 2021,47,145,0
1625496661565,Mon Jul 05 07:51:01 PDT 2021,47,147,0
1625593985937,Tue Jul 06 10:53:05 PDT 2021,47,151,-1
1625602940997,Tue Jul 06 13:22:20 PDT 2021,47,152,-1
1625614260360,Tue Jul 06 16:31:00 PDT 2021,47,153,1
1625611374117,Tue Jul 06 15:42:54 PDT 2021,47,155,1
1625627734584,Tue Jul 06 20:15:34 PDT 2021,47,156,1
1625636121515,Tue Jul 06 22:35:21 PDT 2021,47,157,-1
1625673038860,Wed Jul 07 08:50:38 PDT 2021,47,160,0
1625674661474,Wed Jul 07 09:17:41 PDT 2021,47,161,-1
1625675696234,Wed Jul 07 09:34:56 PDT 2021,47,162,0
1625676916737,Wed Jul 07 09:55:16 PDT 2021,47,163,0
1625678825249,Wed Jul 07 10:27:05 PDT 2021,47,166,0
1625694017143,Wed Jul 07 14:40:17 PDT 2021,47,173,0
1625694387382,Wed Jul 07 14:46:27 PDT 2021,47,174,0
1625696671866,Wed Jul 07 15:24:31 PDT 2021,47,181,0
1625698787592,Wed Jul 07 15:59:47 PDT 2021,47,183,0
1625699686567,Wed Jul 07 16:14:46 PDT 2021,47,186,0
1625701102368,Wed Jul 07 16:38:22 PDT 2021,47,187,0
1625700737184,Wed Jul 07 16:32:17 PDT 2021,47,188,-1
1625703277783,Wed Jul 07 17:14:37 PDT 2021,47,189,-1
1625710571113,Wed Jul 07 19:16:11 PDT 2021,47,191,0
1625711301565,Wed Jul 07 19:28:21 PDT 2021,47,194,0
1625723204601,Wed Jul 07 22:46:44 PDT 2021,47,196,0
1625772796474,Thu Jul 08 12:33:16 PDT 2021,47,198,0
1625759566913,Thu Jul 08 08:52:46 PDT 2021,47,199,-1
1625763034939,Thu Jul 08 09:50:34 PDT 2021,47,201,1
1625763743116,Thu Jul 08 10:02:23 PDT 2021,47,203,0
1625768091168,Thu Jul 08 11:14:51 PDT 2021,47,204,1
1625770790719,Thu Jul 08 11:59:50 PDT 2021,47,205,1
1625782521727,Thu Jul 08 15:15:21 PDT 2021,47,207,-1
1625784479705,Thu Jul 08 15:47:59 PDT 2021,47,208,0
1625787088140,Thu Jul 08 16:31:28 PDT 2021,47,209,0
1625842406923,Fri Jul 09 07:53:26 PDT 2021,47,214,0
1625845515894,Fri Jul 09 08:45:15 PDT 2021,47,215,-1
1625856258575,Fri Jul 09 11:44:18 PDT 2021,47,217,-1
1625865070768,Fri Jul 09 14:11:10 PDT 2021,47,218,0
1625868697849,Fri Jul 09 15:11:37 PDT 2021,47,219,1
1625921542528,Sat Jul 10 05:52:22 PDT 2021,47,223,0
1625922714359,Sat Jul 10 06:11:54 PDT 2021,47,224,-1
1625929958976,Sat Jul 10 08:12:38 PDT 2021,47,226,0
1625965852980,Sat Jul 10 18:10:52 PDT 2021,47,232,-1
1625982580248,Sat Jul 10 22:49:40 PDT 2021,47,234,1
1626012349460,Sun Jul 11 07:05:49 PDT 2021,47,236,0
1626015743473,Sun Jul 11 08:02:23 PDT 2021,47,237,-1
1626015747577,Sun Jul 11 08:02:27 PDT 2021,47,238,-1
1626018865736,Sun Jul 11 08:54:25 PDT 2021,47,239,1
1626027751852,Sun Jul 11 11:22:31 PDT 2021,47,240,-1
1626032065303,Sun Jul 11 12:34:25 PDT 2021,47,241,1
1626034091378,Sun Jul 11 13:08:11 PDT 2021,47,243,0
1626063902678,Sun Jul 11 21:25:02 PDT 2021,47,248,-1
1626097983712,Mon Jul 12 06:53:03 PDT 2021,47,250,0
1626100744031,Mon Jul 12 07:39:04 PDT 2021,47,251,0
1626160453844,Tue Jul 13 00:14:13 PDT 2021,47,255,1
1626185117481,Tue Jul 13 07:05:17 PDT 2021,47,256,-1
1626197956958,Tue Jul 13 10:39:16 PDT 2021,47,257,0
1626214198636,Tue Jul 13 15:09:58 PDT 2021,47,260,-1
1626235403024,Tue Jul 13 21:03:23 PDT 2021,47,265,0
1626384275802,Thu Jul 15 14:24:35 PDT 2021,47,267,0
1626386471227,Thu Jul 15 15:01:11 PDT 2021,47,271,0
1626455544157,Fri Jul 16 10:12:24 PDT 2021,47,274,-1
1626472156191,Fri Jul 16 14:49:16 PDT 2021,47,275,0
1626493062258,Fri Jul 16 20:37:42 PDT 2021,47,276,0
1626541516707,Sat Jul 17 10:05:16 PDT 2021,47,278,-1
1626546420885,Sat Jul 17 11:27:00 PDT 2021,47,280,1
1626552881255,Sat Jul 17 13:14:41 PDT 2021,47,281,-1
1626554128414,Sat Jul 17 13:35:28 PDT 2021,47,282,-1
1626571083511,Sat Jul 17 18:18:03 PDT 2021,47,284,0
1626584563416,Sat Jul 17 22:02:43 PDT 2021,47,286,0
1626713413483,Mon Jul 19 09:50:13 PDT 2021,47,288,0
1626720924381,Mon Jul 19 11:55:24 PDT 2021,47,291,1
1626738077722,Mon Jul 19 16:41:17 PDT 2021,47,294,-1
1626752526947,Mon Jul 19 20:42:06 PDT 2021,47,295,0
1626792641757,Tue Jul 20 07:50:41 PDT 2021,47,296,0
1626799305256,Tue Jul 20 09:41:45 PDT 2021,47,298,-1
1626910354016,Wed Jul 21 16:32:34 PDT 2021,47,299,0
1626965461972,Thu Jul 22 07:51:01 PDT 2021,47,300,0
1627001418837,Thu Jul 22 17:50:18 PDT 2021,47,302,0
1627002736591,Thu Jul 22 18:12:16 PDT 2021,47,303,1
1627008488274,Thu Jul 22 19:48:08 PDT 2021,47,305,-1
1627084434727,Fri Jul 23 16:53:54 PDT 2021,47,309,-1
1627085870042,Fri Jul 23 17:17:50 PDT 2021,47,310,-1
1627087356851,Fri Jul 23 17:42:36 PDT 2021,47,311,-1
1627088440403,Fri Jul 23 18:00:40 PDT 2021,47,312,-1
1627100352784,Fri Jul 23 21:19:12 PDT 2021,47,313,-1
1627101142468,Fri Jul 23 21:32:22 PDT 2021,47,314,-1
1627101562832,Fri Jul 23 21:39:22 PDT 2021,47,315,-1
1627163276194,Sat Jul 24 14:47:56 PDT 2021,47,317,0
1627188319538,Sat Jul 24 21:45:19 PDT 2021,47,318,1
1627191876167,Sat Jul 24 22:44:36 PDT 2021,47,319,0
1627407974742,Tue Jul 27 10:46:14 PDT 2021,47,322,0
1627415011478,Tue Jul 27 12:43:31 PDT 2021,47,325,0
1627699634802,Fri Jul 30 19:47:14 PDT 2021,47,326,0
1627505153996,Wed Jul 28 13:45:53 PDT 2021,47,337,-1
1627509251588,Wed Jul 28 14:54:11 PDT 2021,47,343,-1
1627515528219,Wed Jul 28 16:38:48 PDT 2021,47,348,-1
1627524183885,Wed Jul 28 19:03:03 PDT 2021,47,353,-1
1627521654248,Wed Jul 28 18:20:54 PDT 2021,47,356,-1
1627530692059,Wed Jul 28 20:51:32 PDT 2021,47,357,1
1627574069281,Thu Jul 29 08:54:29 PDT 2021,47,366,1
1627587442519,Thu Jul 29 12:37:22 PDT 2021,47,373,0
1627609913554,Thu Jul 29 18:51:53 PDT 2021,47,376,0
1627614066348,Thu Jul 29 20:01:06 PDT 2021,47,378,0
1627656087074,Fri Jul 30 07:41:27 PDT 2021,47,380,-1
1627663723760,Fri Jul 30 09:48:43 PDT 2021,47,382,0
1627667996373,Fri Jul 30 10:59:56 PDT 2021,47,384,0
1627676603348,Fri Jul 30 13:23:23 PDT 2021,47,386,-1
1627681870668,Fri Jul 30 14:51:10 PDT 2021,47,388,0
1627682630247,Fri Jul 30 15:03:50 PDT 2021,47,389,-1
1627702759067,Fri Jul 30 20:39:19 PDT 2021,47,396,-1
1627770804139,Sat Jul 31 15:33:24 PDT 2021,47,401,0
1627772423633,Sat Jul 31 16:00:23 PDT 2021,47,402,-1
1627777410855,Sat Jul 31 17:23:30 PDT 2021,47,403,1
1627838253280,Sun Aug 01 10:17:33 PDT 2021,47,404,-1
1624995025535,Tue Jun 29 12:30:25 PDT 2021,48,0,1
1624917378222,Mon Jun 28 14:56:18 PDT 2021,48,1,1
1624924608004,Mon Jun 28 16:56:48 PDT 2021,48,2,1
1624978315588,Tue Jun 29 07:51:55 PDT 2021,48,3,0
1624980242590,Tue Jun 29 08:24:02 PDT 2021,48,5,1
1624980923292,Tue Jun 29 08:35:23 PDT 2021,48,6,1
1624982936439,Tue Jun 29 09:08:56 PDT 2021,48,7,0
1624995733056,Tue Jun 29 12:42:13 PDT 2021,48,9,0
1624997148991,Tue Jun 29 13:05:48 PDT 2021,48,10,1
1624999331576,Tue Jun 29 13:42:11 PDT 2021,48,11,1
1625000335085,Tue Jun 29 13:58:55 PDT 2021,48,12,1
1625000398961,Tue Jun 29 13:59:58 PDT 2021,48,13,-1
1625002114325,Tue Jun 29 14:28:34 PDT 2021,48,14,1
1625003389011,Tue Jun 29 14:49:49 PDT 2021,48,15,1
1625004090696,Tue Jun 29 15:01:30 PDT 2021,48,16,1
1625007102594,Tue Jun 29 15:51:42 PDT 2021,48,17,1
1625007437690,Tue Jun 29 15:57:17 PDT 2021,48,18,1
1625008389419,Tue Jun 29 16:13:09 PDT 2021,48,19,1
1625008906285,Tue Jun 29 16:21:46 PDT 2021,48,21,1
1625009202897,Tue Jun 29 16:26:42 PDT 2021,48,22,1
1625019754474,Tue Jun 29 19:22:34 PDT 2021,48,24,1
1625019793744,Tue Jun 29 19:23:13 PDT 2021,48,25,1
1625020007027,Tue Jun 29 19:26:47 PDT 2021,48,26,1
1625021712696,Tue Jun 29 19:55:12 PDT 2021,48,27,1
1625055602699,Wed Jun 30 05:20:02 PDT 2021,48,28,1
1625058154102,Wed Jun 30 06:02:34 PDT 2021,48,30,1
1625064827739,Wed Jun 30 07:53:47 PDT 2021,48,33,1
1625066582424,Wed Jun 30 08:23:02 PDT 2021,48,34,1
1625068415409,Wed Jun 30 08:53:35 PDT 2021,48,35,1
1625069266643,Wed Jun 30 09:07:46 PDT 2021,48,36,1
1625071668862,Wed Jun 30 09:47:48 PDT 2021,48,37,1
1625071894034,Wed Jun 30 09:51:34 PDT 2021,48,38,1
1625082483439,Wed Jun 30 12:48:03 PDT 2021,48,40,1
1625099421262,Wed Jun 30 17:30:21 PDT 2021,48,41,-1
1625086097611,Wed Jun 30 13:48:17 PDT 2021,48,42,1
1625089758375,Wed Jun 30 14:49:18 PDT 2021,48,43,1
1625092782344,Wed Jun 30 15:39:42 PDT 2021,48,45,1
1625094914995,Wed Jun 30 16:15:14 PDT 2021,48,46,-1
1625095203533,Wed Jun 30 16:20:03 PDT 2021,48,47,1
1625096111558,Wed Jun 30 16:35:11 PDT 2021,48,48,1
1625099449867,Wed Jun 30 17:30:49 PDT 2021,48,50,1
1625100967706,Wed Jun 30 17:56:07 PDT 2021,48,51,1
1625101208351,Wed Jun 30 18:00:08 PDT 2021,48,52,1
1625101777002,Wed Jun 30 18:09:37 PDT 2021,48,53,-1
1625101535847,Wed Jun 30 18:05:35 PDT 2021,48,54,1
1625108022325,Wed Jun 30 19:53:42 PDT 2021,48,55,1
1625112139785,Wed Jun 30 21:02:19 PDT 2021,48,56,1
1625116102557,Wed Jun 30 22:08:22 PDT 2021,48,57,1
1625117773359,Wed Jun 30 22:36:13 PDT 2021,48,59,1
1625120650961,Wed Jun 30 23:24:10 PDT 2021,48,60,1
1625150256025,Thu Jul 01 07:37:36 PDT 2021,48,61,1
1625151311014,Thu Jul 01 07:55:11 PDT 2021,48,62,1
1625152947003,Thu Jul 01 08:22:27 PDT 2021,48,63,1
1625155545513,Thu Jul 01 09:05:45 PDT 2021,48,64,0
1625157876296,Thu Jul 01 09:44:36 PDT 2021,48,65,1
1625158746787,Thu Jul 01 09:59:06 PDT 2021,48,66,1
1625159708668,Thu Jul 01 10:15:08 PDT 2021,48,68,1
1625159859039,Thu Jul 01 10:17:39 PDT 2021,48,69,-1
1625160198402,Thu Jul 01 10:23:18 PDT 2021,48,70,1
1625161905671,Thu Jul 01 10:51:45 PDT 2021,48,71,-1
1625163507209,Thu Jul 01 11:18:27 PDT 2021,48,73,-1
1625164396687,Thu Jul 01 11:33:16 PDT 2021,48,74,0
1625164144626,Thu Jul 01 11:29:04 PDT 2021,48,83,-1
1625164617330,Thu Jul 01 11:36:57 PDT 2021,48,85,-1
1625165421468,Thu Jul 01 11:50:21 PDT 2021,48,86,-1
1625165608630,Thu Jul 01 11:53:28 PDT 2021,48,87,-1
1625168113155,Thu Jul 01 12:35:13 PDT 2021,48,92,1
1625173509342,Thu Jul 01 14:05:09 PDT 2021,48,93,1
1625174942649,Thu Jul 01 14:29:02 PDT 2021,48,94,0
1625175068495,Thu Jul 01 14:31:08 PDT 2021,48,95,1
1625182798572,Thu Jul 01 16:39:58 PDT 2021,48,96,1
1625185749551,Thu Jul 01 17:29:09 PDT 2021,48,97,1
1626140884482,Mon Jul 12 18:48:04 PDT 2021,48,98,-1
1625190831025,Thu Jul 01 18:53:51 PDT 2021,48,100,1
1625190980472,Thu Jul 01 18:56:20 PDT 2021,48,101,1
1625199943065,Thu Jul 01 21:25:43 PDT 2021,48,102,0
1625238297614,Fri Jul 02 08:04:57 PDT 2021,48,103,-1
1625241312831,Fri Jul 02 08:55:12 PDT 2021,48,104,1
1625241845096,Fri Jul 02 09:04:05 PDT 2021,48,105,1
1625242048443,Fri Jul 02 09:07:28 PDT 2021,48,106,-1
1625245494511,Fri Jul 02 10:04:54 PDT 2021,48,107,1
1625251555760,Fri Jul 02 11:45:55 PDT 2021,48,108,1
1625265238554,Fri Jul 02 15:33:58 PDT 2021,48,110,1
1625266241660,Fri Jul 02 15:50:41 PDT 2021,48,111,1
1625275479631,Fri Jul 02 18:24:39 PDT 2021,48,112,1
1625295378944,Fri Jul 02 23:56:18 PDT 2021,48,115,1
1625329125935,Sat Jul 03 09:18:45 PDT 2021,48,118,-1
1625333889559,Sat Jul 03 10:38:09 PDT 2021,48,119,1
1625361867118,Sat Jul 03 18:24:27 PDT 2021,48,120,1
1625364397796,Sat Jul 03 19:06:37 PDT 2021,48,121,-1
1625365186967,Sat Jul 03 19:19:46 PDT 2021,48,122,-1
1625366107042,Sat Jul 03 19:35:07 PDT 2021,48,123,1
1625375176747,Sat Jul 03 22:06:16 PDT 2021,48,124,1
1625384163775,Sun Jul 04 00:36:03 PDT 2021,48,125,1
1625410214530,Sun Jul 04 07:50:14 PDT 2021,48,126,1
1625413508851,Sun Jul 04 08:45:08 PDT 2021,48,127,1
1625424189971,Sun Jul 04 11:43:09 PDT 2021,48,131,1
1625428992964,Sun Jul 04 13:03:12 PDT 2021,48,132,1
1625428834240,Sun Jul 04 13:00:34 PDT 2021,48,133,1
1625435009476,Sun Jul 04 14:43:29 PDT 2021,48,135,1
1625436360475,Sun Jul 04 15:06:00 PDT 2021,48,136,1
1625436904682,Sun Jul 04 15:15:04 PDT 2021,48,137,1
1625451925644,Sun Jul 04 19:25:25 PDT 2021,48,141,1
1625454475161,Sun Jul 04 20:07:55 PDT 2021,48,142,1
1625461860113,Sun Jul 04 22:11:00 PDT 2021,48,145,1
1625461860335,Sun Jul 04 22:11:00 PDT 2021,48,145,1
1625465104754,Sun Jul 04 23:05:04 PDT 2021,48,146,1
1625496022698,Mon Jul 05 07:40:22 PDT 2021,48,147,1
1625528607842,Mon Jul 05 16:43:27 PDT 2021,48,148,0
1625593742596,Tue Jul 06 10:49:02 PDT 2021,48,151,1
1625602751042,Tue Jul 06 13:19:11 PDT 2021,48,152,1
1625597903596,Tue Jul 06 11:58:23 PDT 2021,48,153,1
1625611641844,Tue Jul 06 15:47:21 PDT 2021,48,155,1
1625626952999,Tue Jul 06 20:02:32 PDT 2021,48,156,1
1625635785802,Tue Jul 06 22:29:45 PDT 2021,48,157,1
1625672515102,Wed Jul 07 08:41:55 PDT 2021,48,159,1
1625672731124,Wed Jul 07 08:45:31 PDT 2021,48,160,0
1625674618662,Wed Jul 07 09:16:58 PDT 2021,48,161,1
1625675280875,Wed Jul 07 09:28:00 PDT 2021,48,162,1
1625676613976,Wed Jul 07 09:50:13 PDT 2021,48,163,1
1625678042470,Wed Jul 07 10:14:02 PDT 2021,48,166,1
1625694002519,Wed Jul 07 14:40:02 PDT 2021,48,173,1
1625694024483,Wed Jul 07 14:40:24 PDT 2021,48,174,1
1625694510028,Wed Jul 07 14:48:30 PDT 2021,48,176,1
1625694738491,Wed Jul 07 14:52:18 PDT 2021,48,177,1
1625695251484,Wed Jul 07 15:00:51 PDT 2021,48,178,1
1625696222568,Wed Jul 07 15:17:02 PDT 2021,48,180,1
1625696601065,Wed Jul 07 15:23:21 PDT 2021,48,181,1
1625697132090,Wed Jul 07 15:32:12 PDT 2021,48,182,1
1625697704366,Wed Jul 07 15:41:44 PDT 2021,48,183,1
1625700024306,Wed Jul 07 16:20:24 PDT 2021,48,186,1
1625700005784,Wed Jul 07 16:20:05 PDT 2021,48,187,1
1625700721921,Wed Jul 07 16:32:01 PDT 2021,48,188,1
1625702595332,Wed Jul 07 17:03:15 PDT 2021,48,189,-1
1625707238752,Wed Jul 07 18:20:38 PDT 2021,48,191,1
1625709847166,Wed Jul 07 19:04:07 PDT 2021,48,193,1
1625710642700,Wed Jul 07 19:17:22 PDT 2021,48,194,-1
1625714436446,Wed Jul 07 20:20:36 PDT 2021,48,195,1
1625722800270,Wed Jul 07 22:40:00 PDT 2021,48,196,1
1625752712277,Thu Jul 08 06:58:32 PDT 2021,48,197,1
1625755705405,Thu Jul 08 07:48:25 PDT 2021,48,198,0
1625759017601,Thu Jul 08 08:43:37 PDT 2021,48,199,1
1625760297017,Thu Jul 08 09:04:57 PDT 2021,48,200,1
1625762570856,Thu Jul 08 09:42:50 PDT 2021,48,201,-1
1625763537690,Thu Jul 08 09:58:57 PDT 2021,48,203,1
1625770219468,Thu Jul 08 11:50:19 PDT 2021,48,205,1
1625772338433,Thu Jul 08 12:25:38 PDT 2021,48,206,1
1625781525535,Thu Jul 08 14:58:45 PDT 2021,48,207,1
1625783626130,Thu Jul 08 15:33:46 PDT 2021,48,208,1
1625786264081,Thu Jul 08 16:17:44 PDT 2021,48,209,1
1625788717062,Thu Jul 08 16:58:37 PDT 2021,48,210,1
1625842229092,Fri Jul 09 07:50:29 PDT 2021,48,214,0
1625845097997,Fri Jul 09 08:38:17 PDT 2021,48,215,1
1625855509956,Fri Jul 09 11:31:49 PDT 2021,48,217,1
1625863310298,Fri Jul 09 13:41:50 PDT 2021,48,218,1
1625867936634,Fri Jul 09 14:58:56 PDT 2021,48,219,1
1625921099414,Sat Jul 10 05:44:59 PDT 2021,48,223,1
1625921919772,Sat Jul 10 05:58:39 PDT 2021,48,224,1
1625926485473,Sat Jul 10 07:14:45 PDT 2021,48,225,-1
1625929535123,Sat Jul 10 08:05:35 PDT 2021,48,226,1
1625937917543,Sat Jul 10 10:25:17 PDT 2021,48,227,0
1625939422458,Sat Jul 10 10:50:22 PDT 2021,48,228,1
1625957586034,Sat Jul 10 15:53:06 PDT 2021,48,230,1
1625961607294,Sat Jul 10 17:00:07 PDT 2021,48,231,1
1625964817322,Sat Jul 10 17:53:37 PDT 2021,48,232,1
1625971544321,Sat Jul 10 19:45:44 PDT 2021,48,233,1
1625982071498,Sat Jul 10 22:41:11 PDT 2021,48,234,-1
1626011457277,Sun Jul 11 06:50:57 PDT 2021,48,236,1
1626014919994,Sun Jul 11 07:48:39 PDT 2021,48,237,1
1626015674814,Sun Jul 11 08:01:14 PDT 2021,48,238,1
1626018353197,Sun Jul 11 08:45:53 PDT 2021,48,239,-1
1626027345129,Sun Jul 11 11:15:45 PDT 2021,48,240,1
1626031369504,Sun Jul 11 12:22:49 PDT 2021,48,241,1
1626033560955,Sun Jul 11 12:59:20 PDT 2021,48,243,1
1626050928980,Sun Jul 11 17:48:48 PDT 2021,48,246,0
1626055920433,Sun Jul 11 19:12:00 PDT 2021,48,247,1
1626063353151,Sun Jul 11 21:15:53 PDT 2021,48,248,1
1626096877016,Mon Jul 12 06:34:37 PDT 2021,48,249,1
1626097167402,Mon Jul 12 06:39:27 PDT 2021,48,250,1
1626101005673,Mon Jul 12 07:43:25 PDT 2021,48,251,1
1626103811330,Mon Jul 12 08:30:11 PDT 2021,48,252,1
1626160439476,Tue Jul 13 00:13:59 PDT 2021,48,255,1
1626184325596,Tue Jul 13 06:52:05 PDT 2021,48,256,1
1626198093901,Tue Jul 13 10:41:33 PDT 2021,48,257,0
1626213817487,Tue Jul 13 15:03:37 PDT 2021,48,260,1
1626215333078,Tue Jul 13 15:28:53 PDT 2021,48,261,1
1626218839278,Tue Jul 13 16:27:19 PDT 2021,48,262,1
1626220651637,Tue Jul 13 16:57:31 PDT 2021,48,263,0
1626234556578,Tue Jul 13 20:49:16 PDT 2021,48,264,1
1626235283684,Tue Jul 13 21:01:23 PDT 2021,48,265,1
1626383620520,Thu Jul 15 14:13:40 PDT 2021,48,267,1
1626360427732,Thu Jul 15 07:47:07 PDT 2021,48,269,1
1626385625463,Thu Jul 15 14:47:05 PDT 2021,48,271,1
1626455638254,Fri Jul 16 10:13:58 PDT 2021,48,274,1
1626471133291,Fri Jul 16 14:32:13 PDT 2021,48,275,1
1626492809006,Fri Jul 16 20:33:29 PDT 2021,48,276,-1
1626540318644,Sat Jul 17 09:45:18 PDT 2021,48,278,1
1626540580935,Sat Jul 17 09:49:40 PDT 2021,48,279,1
1626545016030,Sat Jul 17 11:03:36 PDT 2021,48,280,1
1626552586981,Sat Jul 17 13:09:46 PDT 2021,48,281,1
1626553604971,Sat Jul 17 13:26:44 PDT 2021,48,282,1
1626568162525,Sat Jul 17 17:29:22 PDT 2021,48,284,0
1626584631063,Sat Jul 17 22:03:51 PDT 2021,48,286,-1
1626712987513,Mon Jul 19 09:43:07 PDT 2021,48,288,1
1626716382130,Mon Jul 19 10:39:42 PDT 2021,48,290,1
1626719924036,Mon Jul 19 11:38:44 PDT 2021,48,291,1
1626724017073,Mon Jul 19 12:46:57 PDT 2021,48,292,0
1626737492689,Mon Jul 19 16:31:32 PDT 2021,48,294,1
1626752192639,Mon Jul 19 20:36:32 PDT 2021,48,295,1
1626791863703,Tue Jul 20 07:37:43 PDT 2021,48,296,1
1626798614934,Tue Jul 20 09:30:14 PDT 2021,48,298,1
1626909380456,Wed Jul 21 16:16:20 PDT 2021,48,299,1
1626965054135,Thu Jul 22 07:44:14 PDT 2021,48,300,1
1626919356587,Wed Jul 21 19:02:36 PDT 2021,48,301,1
1627000810074,Thu Jul 22 17:40:10 PDT 2021,48,302,1
1627002337048,Thu Jul 22 18:05:37 PDT 2021,48,303,-1
1627008391618,Thu Jul 22 19:46:31 PDT 2021,48,305,1
1627082561425,Fri Jul 23 16:22:41 PDT 2021,48,308,-1
1627083913694,Fri Jul 23 16:45:13 PDT 2021,48,309,1
1627085001713,Fri Jul 23 17:03:21 PDT 2021,48,310,1
1627086871000,Fri Jul 23 17:34:31 PDT 2021,48,311,1
1627088094103,Fri Jul 23 17:54:54 PDT 2021,48,312,1
1627099861752,Fri Jul 23 21:11:01 PDT 2021,48,313,1
1627100596352,Fri Jul 23 21:23:16 PDT 2021,48,314,1
1627101479349,Fri Jul 23 21:37:59 PDT 2021,48,315,1
1627162870926,Sat Jul 24 14:41:10 PDT 2021,48,317,1
1627187063132,Sat Jul 24 21:24:23 PDT 2021,48,318,-1
1627191403426,Sat Jul 24 22:36:43 PDT 2021,48,319,0
1627407413804,Tue Jul 27 10:36:53 PDT 2021,48,322,0
1627414694793,Tue Jul 27 12:38:14 PDT 2021,48,325,1
1627425666694,Tue Jul 27 15:41:06 PDT 2021,48,326,1
1627439458220,Tue Jul 27 19:30:58 PDT 2021,48,327,1
1627451187517,Tue Jul 27 22:46:27 PDT 2021,48,328,1
1627502559762,Wed Jul 28 13:02:39 PDT 2021,48,332,-1
1627503944719,Wed Jul 28 13:25:44 PDT 2021,48,335,1
1627504962164,Wed Jul 28 13:42:42 PDT 2021,48,337,-1
1627505540669,Wed Jul 28 13:52:20 PDT 2021,48,339,-1
1627506779876,Wed Jul 28 14:12:59 PDT 2021,48,341,1
1627508532819,Wed Jul 28 14:42:12 PDT 2021,48,343,1
1627508607719,Wed Jul 28 14:43:27 PDT 2021,48,344,0
1627508793123,Wed Jul 28 14:46:33 PDT 2021,48,345,1
1627509910887,Wed Jul 28 15:05:10 PDT 2021,48,346,0
1627570893678,Thu Jul 29 08:01:33 PDT 2021,48,347,1
1627515270595,Wed Jul 28 16:34:30 PDT 2021,48,348,1
1627515454032,Wed Jul 28 16:37:34 PDT 2021,48,350,1
1627522675118,Wed Jul 28 18:37:55 PDT 2021,48,353,1
1627521732672,Wed Jul 28 18:22:12 PDT 2021,48,356,1
1627529251621,Wed Jul 28 20:27:31 PDT 2021,48,357,-1
1627531560968,Wed Jul 28 21:06:00 PDT 2021,48,358,-1
1627532498044,Wed Jul 28 21:21:38 PDT 2021,48,359,1
1627535794767,Wed Jul 28 22:16:34 PDT 2021,48,361,1
1627536459667,Wed Jul 28 22:27:39 PDT 2021,48,363,1
1627543358218,Thu Jul 29 00:22:38 PDT 2021,48,364,1
1627573385494,Thu Jul 29 08:43:05 PDT 2021,48,366,-1
1627578219416,Thu Jul 29 10:03:39 PDT 2021,48,368,1
1627583125426,Thu Jul 29 11:25:25 PDT 2021,48,369,1
1627586571724,Thu Jul 29 12:22:51 PDT 2021,48,373,1
1627595448335,Thu Jul 29 14:50:48 PDT 2021,48,375,1
1627607611730,Thu Jul 29 18:13:31 PDT 2021,48,376,1
1627612016199,Thu Jul 29 19:26:56 PDT 2021,48,377,1
1627613966474,Thu Jul 29 19:59:26 PDT 2021,48,378,1
1627654873568,Fri Jul 30 07:21:13 PDT 2021,48,380,1
1627656240397,Fri Jul 30 07:44:00 PDT 2021,48,381,1
1627663916873,Fri Jul 30 09:51:56 PDT 2021,48,382,-1
1627664888028,Fri Jul 30 10:08:08 PDT 2021,48,383,1
1627666671295,Fri Jul 30 10:37:51 PDT 2021,48,384,1
1627675366178,Fri Jul 30 13:02:46 PDT 2021,48,386,1
1627675575883,Fri Jul 30 13:06:15 PDT 2021,48,387,1
1627680016062,Fri Jul 30 14:20:16 PDT 2021,48,388,1
1627681846032,Fri Jul 30 14:50:46 PDT 2021,48,389,1
1627682278393,Fri Jul 30 14:57:58 PDT 2021,48,390,1
1627685080694,Fri Jul 30 15:44:40 PDT 2021,48,393,1
1627685969210,Fri Jul 30 15:59:29 PDT 2021,48,394,0
1627690002365,Fri Jul 30 17:06:42 PDT 2021,48,395,0
1627702278225,Fri Jul 30 20:31:18 PDT 2021,48,396,1
1627752556874,Sat Jul 31 10:29:16 PDT 2021,48,398,1
1627759964743,Sat Jul 31 12:32:44 PDT 2021,48,400,0
1627769631835,Sat Jul 31 15:13:51 PDT 2021,48,401,1
1627771770432,Sat Jul 31 15:49:30 PDT 2021,48,402,-1
1627775424738,Sat Jul 31 16:50:24 PDT 2021,48,403,1
1627837580023,Sun Aug 01 10:06:20 PDT 2021,48,404,1
1624995108605,Tue Jun 29 12:31:48 PDT 2021,49,0,1
1624917367578,Mon Jun 28 14:56:07 PDT 2021,49,1,1
1624924382597,Mon Jun 28 16:53:02 PDT 2021,49,2,1
1624978248231,Tue Jun 29 07:50:48 PDT 2021,49,3,0
1624980250357,Tue Jun 29 08:24:10 PDT 2021,49,5,1
1624980817999,Tue Jun 29 08:33:37 PDT 2021,49,6,1
1624983147052,Tue Jun 29 09:12:27 PDT 2021,49,7,0
1624995797855,Tue Jun 29 12:43:17 PDT 2021,49,9,1
1624997109070,Tue Jun 29 13:05:09 PDT 2021,49,10,1
1624999329591,Tue Jun 29 13:42:09 PDT 2021,49,11,1
1625000366250,Tue Jun 29 13:59:26 PDT 2021,49,12,1
1625000474786,Tue Jun 29 14:01:14 PDT 2021,49,13,0
1625001966158,Tue Jun 29 14:26:06 PDT 2021,49,14,1
1625003300623,Tue Jun 29 14:48:20 PDT 2021,49,15,1
1625004323302,Tue Jun 29 15:05:23 PDT 2021,49,16,1
1625007189516,Tue Jun 29 15:53:09 PDT 2021,49,17,1
1625007501886,Tue Jun 29 15:58:21 PDT 2021,49,18,1
1625008394334,Tue Jun 29 16:13:14 PDT 2021,49,19,1
1625008723895,Tue Jun 29 16:18:43 PDT 2021,49,21,-1
1625009160744,Tue Jun 29 16:26:00 PDT 2021,49,22,1
1625019924171,Tue Jun 29 19:25:24 PDT 2021,49,24,1
1625019799004,Tue Jun 29 19:23:19 PDT 2021,49,25,1
1625020065764,Tue Jun 29 19:27:45 PDT 2021,49,26,1
1625021573202,Tue Jun 29 19:52:53 PDT 2021,49,27,1
1625055482798,Wed Jun 30 05:18:02 PDT 2021,49,28,1
1625057842861,Wed Jun 30 05:57:22 PDT 2021,49,30,1
1625064998944,Wed Jun 30 07:56:38 PDT 2021,49,33,1
1625066433697,Wed Jun 30 08:20:33 PDT 2021,49,34,1
1625068605999,Wed Jun 30 08:56:45 PDT 2021,49,35,1
1625069382693,Wed Jun 30 09:09:42 PDT 2021,49,36,1
1625071515458,Wed Jun 30 09:45:15 PDT 2021,49,37,1
1625072033583,Wed Jun 30 09:53:53 PDT 2021,49,38,1
1625082356206,Wed Jun 30 12:45:56 PDT 2021,49,40,1
1625099265281,Wed Jun 30 17:27:45 PDT 2021,49,41,1
1625086153048,Wed Jun 30 13:49:13 PDT 2021,49,42,1
1625089996800,Wed Jun 30 14:53:16 PDT 2021,49,43,1
1625092993666,Wed Jun 30 15:43:13 PDT 2021,49,45,1
1625095050194,Wed Jun 30 16:17:30 PDT 2021,49,46,1
1625094982691,Wed Jun 30 16:16:22 PDT 2021,49,47,1
1625096286054,Wed Jun 30 16:38:06 PDT 2021,49,48,1
1625099339563,Wed Jun 30 17:28:59 PDT 2021,49,50,1
1625101067656,Wed Jun 30 17:57:47 PDT 2021,49,52,1
1625101696837,Wed Jun 30 18:08:16 PDT 2021,49,53,-1
1625101517425,Wed Jun 30 18:05:17 PDT 2021,49,54,1
1625108267769,Wed Jun 30 19:57:47 PDT 2021,49,55,1
1625112316838,Wed Jun 30 21:05:16 PDT 2021,49,56,1
1625115857844,Wed Jun 30 22:04:17 PDT 2021,49,57,1
1625117406929,Wed Jun 30 22:30:06 PDT 2021,49,58,0
1625117702235,Wed Jun 30 22:35:02 PDT 2021,49,59,1
1625150166590,Thu Jul 01 07:36:06 PDT 2021,49,61,1
1625151281186,Thu Jul 01 07:54:41 PDT 2021,49,62,1
1625152810624,Thu Jul 01 08:20:10 PDT 2021,49,63,1
1625155778694,Thu Jul 01 09:09:38 PDT 2021,49,64,1
1625157858974,Thu Jul 01 09:44:18 PDT 2021,49,65,1
1625410518663,Sun Jul 04 07:55:18 PDT 2021,49,66,1
1625159843555,Thu Jul 01 10:17:23 PDT 2021,49,68,1
1625159829230,Thu Jul 01 10:17:09 PDT 2021,49,69,1
1625167767738,Thu Jul 01 12:29:27 PDT 2021,49,70,1
1625162472607,Thu Jul 01 11:01:12 PDT 2021,49,71,-1
1625163053101,Thu Jul 01 11:10:53 PDT 2021,49,72,-1
1625163587699,Thu Jul 01 11:19:47 PDT 2021,49,73,-1
1625163879283,Thu Jul 01 11:24:39 PDT 2021,49,74,0
1625163893777,Thu Jul 01 11:24:53 PDT 2021,49,80,-1
1625165014282,Thu Jul 01 11:43:34 PDT 2021,49,85,-1
1625165358090,Thu Jul 01 11:49:18 PDT 2021,49,86,-1
1625168455633,Thu Jul 01 12:40:55 PDT 2021,49,92,1
1625173602440,Thu Jul 01 14:06:42 PDT 2021,49,93,1
1625174840905,Thu Jul 01 14:27:20 PDT 2021,49,94,1
1625179328866,Thu Jul 01 15:42:08 PDT 2021,49,95,1
1625182929356,Thu Jul 01 16:42:09 PDT 2021,49,96,1
1625185432270,Thu Jul 01 17:23:52 PDT 2021,49,97,1
1626141971267,Mon Jul 12 19:06:11 PDT 2021,49,98,1
1625191341922,Thu Jul 01 19:02:21 PDT 2021,49,100,1
1625191131085,Thu Jul 01 18:58:51 PDT 2021,49,101,1
1625199939292,Thu Jul 01 21:25:39 PDT 2021,49,102,0
1625238106399,Fri Jul 02 08:01:46 PDT 2021,49,103,0
1625241818084,Fri Jul 02 09:03:38 PDT 2021,49,104,1
1625241888707,Fri Jul 02 09:04:48 PDT 2021,49,106,0
1625245747520,Fri Jul 02 10:09:07 PDT 2021,49,107,1
1625251708070,Fri Jul 02 11:48:28 PDT 2021,49,108,1
1625266704142,Fri Jul 02 15:58:24 PDT 2021,49,111,1
1625275520774,Fri Jul 02 18:25:20 PDT 2021,49,112,1
1625281847186,Fri Jul 02 20:10:47 PDT 2021,49,113,0
1625329226806,Sat Jul 03 09:20:26 PDT 2021,49,118,0
1625333976136,Sat Jul 03 10:39:36 PDT 2021,49,119,1
1625362006043,Sat Jul 03 18:26:46 PDT 2021,49,120,1
1625364787198,Sat Jul 03 19:13:07 PDT 2021,49,121,-1
1625365431506,Sat Jul 03 19:23:51 PDT 2021,49,122,1
1625365920450,Sat Jul 03 19:32:00 PDT 2021,49,123,1
1625374669692,Sat Jul 03 21:57:49 PDT 2021,49,124,1
1625384412901,Sun Jul 04 00:40:12 PDT 2021,49,125,1
1625410516793,Sun Jul 04 07:55:16 PDT 2021,49,126,1
1625414416485,Sun Jul 04 09:00:16 PDT 2021,49,127,1
1625424257740,Sun Jul 04 11:44:17 PDT 2021,49,131,1
1625428940352,Sun Jul 04 13:02:20 PDT 2021,49,132,1
1625435350605,Sun Jul 04 14:49:10 PDT 2021,49,135,1
1625436729302,Sun Jul 04 15:12:09 PDT 2021,49,136,1
1625437069758,Sun Jul 04 15:17:49 PDT 2021,49,137,1
1625452145244,Sun Jul 04 19:29:05 PDT 2021,49,141,1
1625454487828,Sun Jul 04 20:08:07 PDT 2021,49,142,1
1625461699079,Sun Jul 04 22:08:19 PDT 2021,49,145,1
1625496014993,Mon Jul 05 07:40:14 PDT 2021,49,147,1
1625528666631,Mon Jul 05 16:44:26 PDT 2021,49,148,1
1625593581331,Tue Jul 06 10:46:21 PDT 2021,49,151,1
1625602625069,Tue Jul 06 13:17:05 PDT 2021,49,152,1
1625613677729,Tue Jul 06 16:21:17 PDT 2021,49,153,1
1625611516565,Tue Jul 06 15:45:16 PDT 2021,49,155,1
1625627603240,Tue Jul 06 20:13:23 PDT 2021,49,156,1
1625635745239,Tue Jul 06 22:29:05 PDT 2021,49,157,1
1625672760598,Wed Jul 07 08:46:00 PDT 2021,49,160,1
1625674450560,Wed Jul 07 09:14:10 PDT 2021,49,161,1
1625675055513,Wed Jul 07 09:24:15 PDT 2021,49,162,1
1625676514500,Wed Jul 07 09:48:34 PDT 2021,49,163,1
1625677422055,Wed Jul 07 10:03:42 PDT 2021,49,165,1
1625678026550,Wed Jul 07 10:13:46 PDT 2021,49,166,1
1625686176985,Wed Jul 07 12:29:36 PDT 2021,49,170,0
1625689345288,Wed Jul 07 13:22:25 PDT 2021,49,171,1
1625693791538,Wed Jul 07 14:36:31 PDT 2021,49,173,1
1625693980486,Wed Jul 07 14:39:40 PDT 2021,49,174,1
1625694456275,Wed Jul 07 14:47:36 PDT 2021,49,177,1
1625695265401,Wed Jul 07 15:01:05 PDT 2021,49,178,1
1625696303712,Wed Jul 07 15:18:23 PDT 2021,49,180,1
1625696486817,Wed Jul 07 15:21:26 PDT 2021,49,181,1
1625698381770,Wed Jul 07 15:53:01 PDT 2021,49,183,1
1625699554072,Wed Jul 07 16:12:34 PDT 2021,49,184,1
1625700056162,Wed Jul 07 16:20:56 PDT 2021,49,186,1
1625700060248,Wed Jul 07 16:21:00 PDT 2021,49,187,1
1625700572265,Wed Jul 07 16:29:32 PDT 2021,49,188,1
1625702548069,Wed Jul 07 17:02:28 PDT 2021,49,189,-1
1625710322281,Wed Jul 07 19:12:02 PDT 2021,49,191,1
1625709976884,Wed Jul 07 19:06:16 PDT 2021,49,193,1
1625710779482,Wed Jul 07 19:19:39 PDT 2021,49,194,1
1625714510288,Wed Jul 07 20:21:50 PDT 2021,49,195,1
1625723139248,Wed Jul 07 22:45:39 PDT 2021,49,196,1
1625752669962,Thu Jul 08 06:57:49 PDT 2021,49,197,1
1625755562321,Thu Jul 08 07:46:02 PDT 2021,49,198,1
1625758808980,Thu Jul 08 08:40:08 PDT 2021,49,199,1
1625760086338,Thu Jul 08 09:01:26 PDT 2021,49,200,1
1625762539151,Thu Jul 08 09:42:19 PDT 2021,49,201,-1
1625763433713,Thu Jul 08 09:57:13 PDT 2021,49,203,1
1625770542557,Thu Jul 08 11:55:42 PDT 2021,49,205,1
1625781633562,Thu Jul 08 15:00:33 PDT 2021,49,207,1
1625783734466,Thu Jul 08 15:35:34 PDT 2021,49,208,1
1625786139186,Thu Jul 08 16:15:39 PDT 2021,49,209,1
1625790006791,Thu Jul 08 17:20:06 PDT 2021,49,210,1
1625796473696,Thu Jul 08 19:07:53 PDT 2021,49,212,1
1625801559467,Thu Jul 08 20:32:39 PDT 2021,49,213,1
1625844979729,Fri Jul 09 08:36:19 PDT 2021,49,215,1
1625855854460,Fri Jul 09 11:37:34 PDT 2021,49,217,1
1625864055352,Fri Jul 09 13:54:15 PDT 2021,49,218,1
1625868049379,Fri Jul 09 15:00:49 PDT 2021,49,219,1
1625921506709,Sat Jul 10 05:51:46 PDT 2021,49,223,1
1625921938773,Sat Jul 10 05:58:58 PDT 2021,49,224,1
1625929409346,Sat Jul 10 08:03:29 PDT 2021,49,226,1
1625932936807,Sat Jul 10 09:02:16 PDT 2021,49,227,1
1625939673007,Sat Jul 10 10:54:33 PDT 2021,49,228,1
1625961623023,Sat Jul 10 17:00:23 PDT 2021,49,231,1
1625964798415,Sat Jul 10 17:53:18 PDT 2021,49,232,1
1625971619551,Sat Jul 10 19:46:59 PDT 2021,49,233,1
1625982135858,Sat Jul 10 22:42:15 PDT 2021,49,234,-1
1626012495553,Sun Jul 11 07:08:15 PDT 2021,49,236,1
1626015009534,Sun Jul 11 07:50:09 PDT 2021,49,237,1
1626015535324,Sun Jul 11 07:58:55 PDT 2021,49,238,1
1626018113993,Sun Jul 11 08:41:53 PDT 2021,49,239,-1
1626027274304,Sun Jul 11 11:14:34 PDT 2021,49,240,1
1626031386263,Sun Jul 11 12:23:06 PDT 2021,49,241,1
1626033327964,Sun Jul 11 12:55:27 PDT 2021,49,243,1
1626055927660,Sun Jul 11 19:12:07 PDT 2021,49,247,1
1626062934640,Sun Jul 11 21:08:54 PDT 2021,49,248,1
1626097044133,Mon Jul 12 06:37:24 PDT 2021,49,249,1
1626097413375,Mon Jul 12 06:43:33 PDT 2021,49,250,1
1626160035896,Tue Jul 13 00:07:15 PDT 2021,49,255,-1
1626184138743,Tue Jul 13 06:48:58 PDT 2021,49,256,1
1626198244488,Tue Jul 13 10:44:04 PDT 2021,49,257,0
1626641165079,Sun Jul 18 13:46:05 PDT 2021,49,258,1
1626214002629,Tue Jul 13 15:06:42 PDT 2021,49,260,1
1627752284359,Sat Jul 31 10:24:44 PDT 2021,49,261,1
1626221072016,Tue Jul 13 17:04:32 PDT 2021,49,263,0
1626274757401,Wed Jul 14 07:59:17 PDT 2021,49,265,1
1626383542592,Thu Jul 15 14:12:22 PDT 2021,49,267,1
1626360530232,Thu Jul 15 07:48:50 PDT 2021,49,269,1
1626385690577,Thu Jul 15 14:48:10 PDT 2021,49,271,1
1626455454722,Fri Jul 16 10:10:54 PDT 2021,49,274,1
1626470976722,Fri Jul 16 14:29:36 PDT 2021,49,275,1
1626492786401,Fri Jul 16 20:33:06 PDT 2021,49,276,0
1626541074832,Sat Jul 17 09:57:54 PDT 2021,49,278,1
1626540695111,Sat Jul 17 09:51:35 PDT 2021,49,279,1
1626545364029,Sat Jul 17 11:09:24 PDT 2021,49,280,1
1626552264950,Sat Jul 17 13:04:24 PDT 2021,49,281,1
1626553494156,Sat Jul 17 13:24:54 PDT 2021,49,282,1
1626568233323,Sat Jul 17 17:30:33 PDT 2021,49,284,1
1626584509409,Sat Jul 17 22:01:49 PDT 2021,49,286,1
1626713027262,Mon Jul 19 09:43:47 PDT 2021,49,288,1
1626716488427,Mon Jul 19 10:41:28 PDT 2021,49,290,1
1626719753226,Mon Jul 19 11:35:53 PDT 2021,49,291,1
1626737598143,Mon Jul 19 16:33:18 PDT 2021,49,292,1
1626737415000,Mon Jul 19 16:30:15 PDT 2021,49,294,-1
1626752137067,Mon Jul 19 20:35:37 PDT 2021,49,295,0
1626792377907,Tue Jul 20 07:46:17 PDT 2021,49,296,-1
1626798838044,Tue Jul 20 09:33:58 PDT 2021,49,298,1
1626909398343,Wed Jul 21 16:16:38 PDT 2021,49,299,1
1626965073308,Thu Jul 22 07:44:33 PDT 2021,49,300,1
1626919247840,Wed Jul 21 19:00:47 PDT 2021,49,301,0
1627000869951,Thu Jul 22 17:41:09 PDT 2021,49,302,1
1627002632136,Thu Jul 22 18:10:32 PDT 2021,49,303,-1
1627008521877,Thu Jul 22 19:48:41 PDT 2021,49,305,1
1627082551231,Fri Jul 23 16:22:31 PDT 2021,49,308,1
1627084204040,Fri Jul 23 16:50:04 PDT 2021,49,309,1
1627085484693,Fri Jul 23 17:11:24 PDT 2021,49,310,1
1627086640424,Fri Jul 23 17:30:40 PDT 2021,49,311,1
1627088294282,Fri Jul 23 17:58:14 PDT 2021,49,312,1
1627100045468,Fri Jul 23 21:14:05 PDT 2021,49,313,1
1627100456714,Fri Jul 23 21:20:56 PDT 2021,49,314,1
1627101395085,Fri Jul 23 21:36:35 PDT 2021,49,315,1
1627162723282,Sat Jul 24 14:38:43 PDT 2021,49,317,1
1627187366106,Sat Jul 24 21:29:26 PDT 2021,49,318,1
1627191327186,Sat Jul 24 22:35:27 PDT 2021,49,319,1
1627407311090,Tue Jul 27 10:35:11 PDT 2021,49,322,1
1627410958388,Tue Jul 27 11:35:58 PDT 2021,49,323,1
1627414934054,Tue Jul 27 12:42:14 PDT 2021,49,325,1
1627698135316,Fri Jul 30 19:22:15 PDT 2021,49,326,1
1627451206704,Tue Jul 27 22:46:46 PDT 2021,49,328,1
1627451435438,Tue Jul 27 22:50:35 PDT 2021,49,329,1
1627501567313,Wed Jul 28 12:46:07 PDT 2021,49,332,1
1627504078108,Wed Jul 28 13:27:58 PDT 2021,49,335,1
1627505131201,Wed Jul 28 13:45:31 PDT 2021,49,337,1
1627505506878,Wed Jul 28 13:51:46 PDT 2021,49,339,1
1627506777831,Wed Jul 28 14:12:57 PDT 2021,49,341,1
1627508567646,Wed Jul 28 14:42:47 PDT 2021,49,343,1
1627508990318,Wed Jul 28 14:49:50 PDT 2021,49,345,1
1627511142341,Wed Jul 28 15:25:42 PDT 2021,49,347,1
1627515391989,Wed Jul 28 16:36:31 PDT 2021,49,348,1
1627523336367,Wed Jul 28 18:48:56 PDT 2021,49,353,1
1627522155575,Wed Jul 28 18:29:15 PDT 2021,49,356,1
1627529551507,Wed Jul 28 20:32:31 PDT 2021,49,357,1
1627531663558,Wed Jul 28 21:07:43 PDT 2021,49,358,1
1627543101390,Thu Jul 29 00:18:21 PDT 2021,49,364,1
1627573349700,Thu Jul 29 08:42:29 PDT 2021,49,366,1
1627577194987,Thu Jul 29 09:46:34 PDT 2021,49,367,1
1627577773913,Thu Jul 29 09:56:13 PDT 2021,49,368,1
1627582766138,Thu Jul 29 11:19:26 PDT 2021,49,369,1
1627586610906,Thu Jul 29 12:23:30 PDT 2021,49,373,1
1627608025423,Thu Jul 29 18:20:25 PDT 2021,49,376,1
1627614225130,Thu Jul 29 20:03:45 PDT 2021,49,378,1
1627656317204,Fri Jul 30 07:45:17 PDT 2021,49,380,1
1627663972852,Fri Jul 30 09:52:52 PDT 2021,49,382,1
1627666923366,Fri Jul 30 10:42:03 PDT 2021,49,384,1
1627675986532,Fri Jul 30 13:13:06 PDT 2021,49,386,0
1627680491029,Fri Jul 30 14:28:11 PDT 2021,49,388,1
1627681728844,Fri Jul 30 14:48:48 PDT 2021,49,389,1
1627686357464,Fri Jul 30 16:05:57 PDT 2021,49,394,1
1627690233362,Fri Jul 30 17:10:33 PDT 2021,49,395,1
1627702239429,Fri Jul 30 20:30:39 PDT 2021,49,396,1
1627752408767,Sat Jul 31 10:26:48 PDT 2021,49,397,1
1627752654601,Sat Jul 31 10:30:54 PDT 2021,49,398,1
1627756996328,Sat Jul 31 11:43:16 PDT 2021,49,399,1
1627769829845,Sat Jul 31 15:17:09 PDT 2021,49,401,1
1627771855506,Sat Jul 31 15:50:55 PDT 2021,49,402,1
1627775732706,Sat Jul 31 16:55:32 PDT 2021,49,403,1
1627837951470,Sun Aug 01 10:12:31 PDT 2021,49,404,1
1624994923101,Tue Jun 29 12:28:43 PDT 2021,50,0,-1
1624917375506,Mon Jun 28 14:56:15 PDT 2021,50,1,0
1624924642667,Mon Jun 28 16:57:22 PDT 2021,50,2,1
1624978305786,Tue Jun 29 07:51:45 PDT 2021,50,3,-1
1624980119665,Tue Jun 29 08:21:59 PDT 2021,50,5,-1
1624980868354,Tue Jun 29 08:34:28 PDT 2021,50,6,0
1624982972369,Tue Jun 29 09:09:32 PDT 2021,50,7,0
1624995779536,Tue Jun 29 12:42:59 PDT 2021,50,9,0
1624997161907,Tue Jun 29 13:06:01 PDT 2021,50,10,0
1624999638000,Tue Jun 29 13:47:18 PDT 2021,50,11,0
1625000440507,Tue Jun 29 14:00:40 PDT 2021,50,12,0
1625000506561,Tue Jun 29 14:01:46 PDT 2021,50,13,0
1625002348226,Tue Jun 29 14:32:28 PDT 2021,50,14,1
1625003523797,Tue Jun 29 14:52:03 PDT 2021,50,15,1
1625004134813,Tue Jun 29 15:02:14 PDT 2021,50,16,0
1625007437276,Tue Jun 29 15:57:17 PDT 2021,50,17,-1
1625007582652,Tue Jun 29 15:59:42 PDT 2021,50,18,-1
1625008569806,Tue Jun 29 16:16:09 PDT 2021,50,19,-1
1625009068675,Tue Jun 29 16:24:28 PDT 2021,50,21,0
1625009243212,Tue Jun 29 16:27:23 PDT 2021,50,22,-1
1625020072159,Tue Jun 29 19:27:52 PDT 2021,50,24,-1
1625019973906,Tue Jun 29 19:26:13 PDT 2021,50,25,-1
1625020154697,Tue Jun 29 19:29:14 PDT 2021,50,26,0
1625022136857,Tue Jun 29 20:02:16 PDT 2021,50,27,-1
1625055674706,Wed Jun 30 05:21:14 PDT 2021,50,28,-1
1625058183292,Wed Jun 30 06:03:03 PDT 2021,50,30,0
1625065203497,Wed Jun 30 08:00:03 PDT 2021,50,33,0
1625066630788,Wed Jun 30 08:23:50 PDT 2021,50,34,0
1625068727563,Wed Jun 30 08:58:47 PDT 2021,50,35,0
1625069528668,Wed Jun 30 09:12:08 PDT 2021,50,36,1
1625071660252,Wed Jun 30 09:47:40 PDT 2021,50,37,0
1625072248260,Wed Jun 30 09:57:28 PDT 2021,50,38,0
1625082616680,Wed Jun 30 12:50:16 PDT 2021,50,40,0
1625099615152,Wed Jun 30 17:33:35 PDT 2021,50,41,-1
1625086745696,Wed Jun 30 13:59:05 PDT 2021,50,42,-1
1625090211506,Wed Jun 30 14:56:51 PDT 2021,50,43,0
1625093189636,Wed Jun 30 15:46:29 PDT 2021,50,45,0
1625095557432,Wed Jun 30 16:25:57 PDT 2021,50,46,0
1625095321012,Wed Jun 30 16:22:01 PDT 2021,50,47,0
1625096462128,Wed Jun 30 16:41:02 PDT 2021,50,48,0
1625099634074,Wed Jun 30 17:33:54 PDT 2021,50,50,0
1625102994990,Wed Jun 30 18:29:54 PDT 2021,50,52,-1
1625101871651,Wed Jun 30 18:11:11 PDT 2021,50,53,1
1625101780399,Wed Jun 30 18:09:40 PDT 2021,50,54,0
1625108399854,Wed Jun 30 19:59:59 PDT 2021,50,55,1
1625116557459,Wed Jun 30 22:15:57 PDT 2021,50,57,-1
1625118391962,Wed Jun 30 22:46:31 PDT 2021,50,59,0
1625151082128,Thu Jul 01 07:51:22 PDT 2021,50,61,1
1625152469226,Thu Jul 01 08:14:29 PDT 2021,50,62,0
1625154639941,Thu Jul 01 08:50:39 PDT 2021,50,63,0
1625156051564,Thu Jul 01 09:14:11 PDT 2021,50,64,-1
1625158331585,Thu Jul 01 09:52:11 PDT 2021,50,65,-1
1625410842684,Sun Jul 04 08:00:42 PDT 2021,50,66,0
1625159978760,Thu Jul 01 10:19:38 PDT 2021,50,68,-1
1625160402376,Thu Jul 01 10:26:42 PDT 2021,50,69,1
1625168074343,Thu Jul 01 12:34:34 PDT 2021,50,70,0
1625162340351,Thu Jul 01 10:59:00 PDT 2021,50,71,1
1625163712903,Thu Jul 01 11:21:52 PDT 2021,50,73,1
1625167015058,Thu Jul 01 12:16:55 PDT 2021,50,74,0
1625165204816,Thu Jul 01 11:46:44 PDT 2021,50,85,1
1625165554592,Thu Jul 01 11:52:34 PDT 2021,50,86,1
1625168924423,Thu Jul 01 12:48:44 PDT 2021,50,92,0
1625175431712,Thu Jul 01 14:37:11 PDT 2021,50,94,0
1625179797577,Thu Jul 01 15:49:57 PDT 2021,50,95,1
1625183304563,Thu Jul 01 16:48:24 PDT 2021,50,96,0
1626145260877,Mon Jul 12 20:01:00 PDT 2021,50,98,-1
1625191497492,Thu Jul 01 19:04:57 PDT 2021,50,100,0
1625191337420,Thu Jul 01 19:02:17 PDT 2021,50,101,0
1625200304398,Thu Jul 01 21:31:44 PDT 2021,50,102,-1
1625238340141,Fri Jul 02 08:05:40 PDT 2021,50,103,1
1625242047908,Fri Jul 02 09:07:27 PDT 2021,50,104,0
1625242431261,Fri Jul 02 09:13:51 PDT 2021,50,106,0
1625246565687,Fri Jul 02 10:22:45 PDT 2021,50,107,1
1625267074584,Fri Jul 02 16:04:34 PDT 2021,50,111,1
1625276634271,Fri Jul 02 18:43:54 PDT 2021,50,112,0
1625329707665,Sat Jul 03 09:28:27 PDT 2021,50,118,0
1625333933388,Sat Jul 03 10:38:53 PDT 2021,50,119,0
1625364931491,Sat Jul 03 19:15:31 PDT 2021,50,121,-1
1625365746461,Sat Jul 03 19:29:06 PDT 2021,50,122,-1
1625366604265,Sat Jul 03 19:43:24 PDT 2021,50,123,0
1625376354866,Sat Jul 03 22:25:54 PDT 2021,50,124,0
1625415074259,Sun Jul 04 09:11:14 PDT 2021,50,127,0
1625425109130,Sun Jul 04 11:58:29 PDT 2021,50,131,-1
1625429283442,Sun Jul 04 13:08:03 PDT 2021,50,132,0
1625436419906,Sun Jul 04 15:06:59 PDT 2021,50,135,0
1625436865842,Sun Jul 04 15:14:25 PDT 2021,50,136,-1
1625437413888,Sun Jul 04 15:23:33 PDT 2021,50,137,1
1625452442125,Sun Jul 04 19:34:02 PDT 2021,50,141,0
1625463466349,Sun Jul 04 22:37:46 PDT 2021,50,145,0
1625497042590,Mon Jul 05 07:57:22 PDT 2021,50,147,0
1625594145519,Tue Jul 06 10:55:45 PDT 2021,50,151,1
1625602932435,Tue Jul 06 13:22:12 PDT 2021,50,152,0
1625614239442,Tue Jul 06 16:30:39 PDT 2021,50,153,0
1625611224510,Tue Jul 06 15:40:24 PDT 2021,50,155,-1
1625627675407,Tue Jul 06 20:14:35 PDT 2021,50,156,-1
1625636027009,Tue Jul 06 22:33:47 PDT 2021,50,157,-1
1625673212083,Wed Jul 07 08:53:32 PDT 2021,50,160,0
1625674995714,Wed Jul 07 09:23:15 PDT 2021,50,161,-1
1625675682442,Wed Jul 07 09:34:42 PDT 2021,50,162,0
1625676868997,Wed Jul 07 09:54:28 PDT 2021,50,163,0
1625678833589,Wed Jul 07 10:27:13 PDT 2021,50,166,0
1625694416152,Wed Jul 07 14:46:56 PDT 2021,50,173,0
1625694384318,Wed Jul 07 14:46:24 PDT 2021,50,174,0
1625696896621,Wed Jul 07 15:28:16 PDT 2021,50,181,0
1625698936055,Wed Jul 07 16:02:16 PDT 2021,50,183,0
1625700256293,Wed Jul 07 16:24:16 PDT 2021,50,186,0
1625700817656,Wed Jul 07 16:33:37 PDT 2021,50,187,0
1625700487395,Wed Jul 07 16:28:07 PDT 2021,50,188,0
1625702374355,Wed Jul 07 16:59:34 PDT 2021,50,189,1
1625711218190,Wed Jul 07 19:26:58 PDT 2021,50,194,-1
1625722973795,Wed Jul 07 22:42:53 PDT 2021,50,196,0
1625753013128,Thu Jul 08 07:03:33 PDT 2021,50,197,0
1625772943373,Thu Jul 08 12:35:43 PDT 2021,50,198,0
1625759630054,Thu Jul 08 08:53:50 PDT 2021,50,199,1
1625763043812,Thu Jul 08 09:50:43 PDT 2021,50,201,0
1625763746817,Thu Jul 08 10:02:26 PDT 2021,50,203,0
1625770750511,Thu Jul 08 11:59:10 PDT 2021,50,205,0
1625782648608,Thu Jul 08 15:17:28 PDT 2021,50,207,1
1625784458968,Thu Jul 08 15:47:38 PDT 2021,50,208,0
1625786975244,Thu Jul 08 16:29:35 PDT 2021,50,209,1
1625789947420,Thu Jul 08 17:19:07 PDT 2021,50,210,0
1625845560648,Fri Jul 09 08:46:00 PDT 2021,50,215,1
1625856127091,Fri Jul 09 11:42:07 PDT 2021,50,217,-1
1625865051505,Fri Jul 09 14:10:51 PDT 2021,50,218,-1
1625868773833,Fri Jul 09 15:12:53 PDT 2021,50,219,-1
1625921369315,Sat Jul 10 05:49:29 PDT 2021,50,223,0
1625922665531,Sat Jul 10 06:11:05 PDT 2021,50,224,0
1625930031982,Sat Jul 10 08:13:51 PDT 2021,50,226,0
1625966008064,Sat Jul 10 18:13:28 PDT 2021,50,232,0
1625982763290,Sat Jul 10 22:52:43 PDT 2021,50,234,1
1626012866449,Sun Jul 11 07:14:26 PDT 2021,50,236,0
1626015730689,Sun Jul 11 08:02:10 PDT 2021,50,237,1
1626016016236,Sun Jul 11 08:06:56 PDT 2021,50,238,1
1626018515332,Sun Jul 11 08:48:35 PDT 2021,50,239,0
1626027592406,Sun Jul 11 11:19:52 PDT 2021,50,240,-1
1626032100838,Sun Jul 11 12:35:00 PDT 2021,50,241,-1
1626034106893,Sun Jul 11 13:08:26 PDT 2021,50,243,0
1626063917628,Sun Jul 11 21:25:17 PDT 2021,50,248,-1
1626097960254,Mon Jul 12 06:52:40 PDT 2021,50,250,-1
1626160251726,Tue Jul 13 00:10:51 PDT 2021,50,255,1
1626185123651,Tue Jul 13 07:05:23 PDT 2021,50,256,0
1626214349843,Tue Jul 13 15:12:29 PDT 2021,50,260,-1
1626298383447,Wed Jul 14 14:33:03 PDT 2021,50,265,0
1626384234671,Thu Jul 15 14:23:54 PDT 2021,50,267,0
1626386384480,Thu Jul 15 14:59:44 PDT 2021,50,271,0
1626456287671,Fri Jul 16 10:24:47 PDT 2021,50,274,1
1626472172048,Fri Jul 16 14:49:32 PDT 2021,50,275,0
1626493174865,Fri Jul 16 20:39:34 PDT 2021,50,276,0
1626541563740,Sat Jul 17 10:06:03 PDT 2021,50,278,-1
1626546390930,Sat Jul 17 11:26:30 PDT 2021,50,280,-1
1626552890702,Sat Jul 17 13:14:50 PDT 2021,50,281,1
1626554162365,Sat Jul 17 13:36:02 PDT 2021,50,282,-1
1626571117552,Sat Jul 17 18:18:37 PDT 2021,50,284,-1
1626584904827,Sat Jul 17 22:08:24 PDT 2021,50,286,-1
1626713381584,Mon Jul 19 09:49:41 PDT 2021,50,288,-1
1626720852684,Mon Jul 19 11:54:12 PDT 2021,50,291,0
1626737877479,Mon Jul 19 16:37:57 PDT 2021,50,294,0
1626752602394,Mon Jul 19 20:43:22 PDT 2021,50,295,0
1626792621039,Tue Jul 20 07:50:21 PDT 2021,50,296,0
1626799052998,Tue Jul 20 09:37:32 PDT 2021,50,298,0
1626910122015,Wed Jul 21 16:28:42 PDT 2021,50,299,-1
1626965438837,Thu Jul 22 07:50:38 PDT 2021,50,300,0
1627001562396,Thu Jul 22 17:52:42 PDT 2021,50,302,0
1627002770760,Thu Jul 22 18:12:50 PDT 2021,50,303,-1
1627009217671,Thu Jul 22 20:00:17 PDT 2021,50,305,0
1627084558509,Fri Jul 23 16:55:58 PDT 2021,50,309,-1
1627085923861,Fri Jul 23 17:18:43 PDT 2021,50,310,-1
1627087391430,Fri Jul 23 17:43:11 PDT 2021,50,311,-1
1627088239057,Fri Jul 23 17:57:19 PDT 2021,50,312,-1
1627100401095,Fri Jul 23 21:20:01 PDT 2021,50,313,-1
1627101275925,Fri Jul 23 21:34:35 PDT 2021,50,314,-1
1627102155817,Fri Jul 23 21:49:15 PDT 2021,50,315,-1
1627163299994,Sat Jul 24 14:48:19 PDT 2021,50,317,0
1627187985491,Sat Jul 24 21:39:45 PDT 2021,50,318,-1
1627192322387,Sat Jul 24 22:52:02 PDT 2021,50,319,-1
1627408024702,Tue Jul 27 10:47:04 PDT 2021,50,322,-1
1627699718472,Fri Jul 30 19:48:38 PDT 2021,50,326,0
1627505370979,Wed Jul 28 13:49:30 PDT 2021,50,337,-1
1627508416872,Wed Jul 28 14:40:16 PDT 2021,50,343,-1
1627515644719,Wed Jul 28 16:40:44 PDT 2021,50,348,-1
1627524010608,Wed Jul 28 19:00:10 PDT 2021,50,353,-1
1627522452307,Wed Jul 28 18:34:12 PDT 2021,50,356,1
1627530632461,Wed Jul 28 20:50:32 PDT 2021,50,357,1
1627532593086,Wed Jul 28 21:23:13 PDT 2021,50,359,-1
1627574085510,Thu Jul 29 08:54:45 PDT 2021,50,366,0
1627587451848,Thu Jul 29 12:37:31 PDT 2021,50,373,0
1627609512675,Thu Jul 29 18:45:12 PDT 2021,50,376,0
1627656610801,Fri Jul 30 07:50:10 PDT 2021,50,380,-1
1627664274772,Fri Jul 30 09:57:54 PDT 2021,50,382,1
1627668019191,Fri Jul 30 11:00:19 PDT 2021,50,384,0
1627676512675,Fri Jul 30 13:21:52 PDT 2021,50,386,0
1627681842163,Fri Jul 30 14:50:42 PDT 2021,50,388,0
1627683075593,Fri Jul 30 15:11:15 PDT 2021,50,389,0
1627703823737,Fri Jul 30 20:57:03 PDT 2021,50,396,0
1627770839897,Sat Jul 31 15:33:59 PDT 2021,50,401,0
1627772100167,Sat Jul 31 15:55:00 PDT 2021,50,402,-1
1627776561409,Sat Jul 31 17:09:21 PDT 2021,50,403,-1
1627838179749,Sun Aug 01 10:16:19 PDT 2021,50,404,-1
1624995135325,Tue Jun 29 12:32:15 PDT 2021,51,0,1
1624917523821,Mon Jun 28 14:58:43 PDT 2021,51,1,0
1624924738708,Mon Jun 28 16:58:58 PDT 2021,51,2,1
1624978285828,Tue Jun 29 07:51:25 PDT 2021,51,3,-1
1624980265101,Tue Jun 29 08:24:25 PDT 2021,51,5,1
1624980825487,Tue Jun 29 08:33:45 PDT 2021,51,6,0
1624983113651,Tue Jun 29 09:11:53 PDT 2021,51,7,1
1624995272724,Tue Jun 29 12:34:32 PDT 2021,51,8,0
1624995648745,Tue Jun 29 12:40:48 PDT 2021,51,9,1
1624997143034,Tue Jun 29 13:05:43 PDT 2021,51,10,1
1624999290366,Tue Jun 29 13:41:30 PDT 2021,51,11,1
1625000314491,Tue Jun 29 13:58:34 PDT 2021,51,12,1
1625000466090,Tue Jun 29 14:01:06 PDT 2021,51,13,-1
1625001982263,Tue Jun 29 14:26:22 PDT 2021,51,14,0
1625003297454,Tue Jun 29 14:48:17 PDT 2021,51,15,1
1625004183745,Tue Jun 29 15:03:03 PDT 2021,51,16,1
1625007256211,Tue Jun 29 15:54:16 PDT 2021,51,17,1
1625007448247,Tue Jun 29 15:57:28 PDT 2021,51,18,1
1625008221456,Tue Jun 29 16:10:21 PDT 2021,51,19,1
1625008919797,Tue Jun 29 16:21:59 PDT 2021,51,21,1
1625008924494,Tue Jun 29 16:22:04 PDT 2021,51,22,1
1625019668936,Tue Jun 29 19:21:08 PDT 2021,51,24,1
1625019840759,Tue Jun 29 19:24:00 PDT 2021,51,25,1
1625019922322,Tue Jun 29 19:25:22 PDT 2021,51,26,1
1625022129651,Tue Jun 29 20:02:09 PDT 2021,51,27,1
1625055605362,Wed Jun 30 05:20:05 PDT 2021,51,28,1
1625057962684,Wed Jun 30 05:59:22 PDT 2021,51,30,1
1625065042169,Wed Jun 30 07:57:22 PDT 2021,51,33,0
1625066228010,Wed Jun 30 08:17:08 PDT 2021,51,34,0
1625068632403,Wed Jun 30 08:57:12 PDT 2021,51,35,1
1625069185538,Wed Jun 30 09:06:25 PDT 2021,51,36,1
1625071685225,Wed Jun 30 09:48:05 PDT 2021,51,37,0
1625071934079,Wed Jun 30 09:52:14 PDT 2021,51,38,1
1625082494251,Wed Jun 30 12:48:14 PDT 2021,51,40,1
1625099017440,Wed Jun 30 17:23:37 PDT 2021,51,41,1
1625086237093,Wed Jun 30 13:50:37 PDT 2021,51,42,1
1625090143544,Wed Jun 30 14:55:43 PDT 2021,51,43,1
1625092967223,Wed Jun 30 15:42:47 PDT 2021,51,45,1
1625095288871,Wed Jun 30 16:21:28 PDT 2021,51,46,0
1625095039971,Wed Jun 30 16:17:19 PDT 2021,51,47,0
1625096329773,Wed Jun 30 16:38:49 PDT 2021,51,48,0
1625099146864,Wed Jun 30 17:25:46 PDT 2021,51,50,0
1625101352821,Wed Jun 30 18:02:32 PDT 2021,51,52,-1
1625101788272,Wed Jun 30 18:09:48 PDT 2021,51,53,-1
1625101521919,Wed Jun 30 18:05:21 PDT 2021,51,54,1
1625108254495,Wed Jun 30 19:57:34 PDT 2021,51,55,1
1625112346434,Wed Jun 30 21:05:46 PDT 2021,51,56,0
1625116329887,Wed Jun 30 22:12:09 PDT 2021,51,57,1
1625117619062,Wed Jun 30 22:33:39 PDT 2021,51,58,0
1625117922085,Wed Jun 30 22:38:42 PDT 2021,51,59,0
1625150990828,Thu Jul 01 07:49:50 PDT 2021,51,61,1
1625152122739,Thu Jul 01 08:08:42 PDT 2021,51,62,1
1625154547729,Thu Jul 01 08:49:07 PDT 2021,51,63,1
1625155786511,Thu Jul 01 09:09:46 PDT 2021,51,64,0
1625157856218,Thu Jul 01 09:44:16 PDT 2021,51,65,1
1625410798311,Sun Jul 04 07:59:58 PDT 2021,51,66,0
1625159618498,Thu Jul 01 10:13:38 PDT 2021,51,68,1
1625160158223,Thu Jul 01 10:22:38 PDT 2021,51,69,1
1625160057517,Thu Jul 01 10:20:57 PDT 2021,51,70,1
1625162731621,Thu Jul 01 11:05:31 PDT 2021,51,71,-1
1625163659969,Thu Jul 01 11:20:59 PDT 2021,51,73,-1
1625164884036,Thu Jul 01 11:41:24 PDT 2021,51,74,0
1625164215960,Thu Jul 01 11:30:15 PDT 2021,51,83,-1
1625164443098,Thu Jul 01 11:34:03 PDT 2021,51,84,-1
1625165047122,Thu Jul 01 11:44:07 PDT 2021,51,85,-1
1625165423416,Thu Jul 01 11:50:23 PDT 2021,51,86,-1
1625168561906,Thu Jul 01 12:42:41 PDT 2021,51,92,1
1625173589180,Thu Jul 01 14:06:29 PDT 2021,51,93,1
1625175372229,Thu Jul 01 14:36:12 PDT 2021,51,94,0
1625175310140,Thu Jul 01 14:35:10 PDT 2021,51,95,1
1625183175294,Thu Jul 01 16:46:15 PDT 2021,51,96,1
1626133815420,Mon Jul 12 16:50:15 PDT 2021,51,98,-1
1625189838474,Thu Jul 01 18:37:18 PDT 2021,51,99,1
1625189848768,Thu Jul 01 18:37:28 PDT 2021,51,99,1
1625191367971,Thu Jul 01 19:02:47 PDT 2021,51,100,1
1625190996303,Thu Jul 01 18:56:36 PDT 2021,51,101,1
1625199724819,Thu Jul 01 21:22:04 PDT 2021,51,102,1
1625238413938,Fri Jul 02 08:06:53 PDT 2021,51,103,0
1625241651167,Fri Jul 02 09:00:51 PDT 2021,51,104,1
1625241754244,Fri Jul 02 09:02:34 PDT 2021,51,105,1
1625241905898,Fri Jul 02 09:05:05 PDT 2021,51,106,-1
1625246481265,Fri Jul 02 10:21:21 PDT 2021,51,107,1
1625251757403,Fri Jul 02 11:49:17 PDT 2021,51,108,0
1625266753151,Fri Jul 02 15:59:13 PDT 2021,51,111,1
1625274520983,Fri Jul 02 18:08:40 PDT 2021,51,112,1
1625295479976,Fri Jul 02 23:57:59 PDT 2021,51,115,0
1625320351188,Sat Jul 03 06:52:31 PDT 2021,51,116,0
1625329237713,Sat Jul 03 09:20:37 PDT 2021,51,118,0
1625333785722,Sat Jul 03 10:36:25 PDT 2021,51,119,0
1625364545669,Sat Jul 03 19:09:05 PDT 2021,51,121,-1
1625365475266,Sat Jul 03 19:24:35 PDT 2021,51,122,-1
1625365833528,Sat Jul 03 19:30:33 PDT 2021,51,123,1
1625375337432,Sat Jul 03 22:08:57 PDT 2021,51,124,1
1625383946794,Sun Jul 04 00:32:26 PDT 2021,51,125,1
1625410465617,Sun Jul 04 07:54:25 PDT 2021,51,126,0
1625414482385,Sun Jul 04 09:01:22 PDT 2021,51,127,0
1625424980878,Sun Jul 04 11:56:20 PDT 2021,51,131,1
1625428857120,Sun Jul 04 13:00:57 PDT 2021,51,132,1
1625435862002,Sun Jul 04 14:57:42 PDT 2021,51,135,1
1625436547729,Sun Jul 04 15:09:07 PDT 2021,51,136,0
1625437130994,Sun Jul 04 15:18:50 PDT 2021,51,137,1
1625452045320,Sun Jul 04 19:27:25 PDT 2021,51,141,1
1625454497456,Sun Jul 04 20:08:17 PDT 2021,51,142,0
1625461886800,Sun Jul 04 22:11:26 PDT 2021,51,145,0
1625495648938,Mon Jul 05 07:34:08 PDT 2021,51,147,1
1625593924753,Tue Jul 06 10:52:04 PDT 2021,51,151,1
1625602917628,Tue Jul 06 13:21:57 PDT 2021,51,152,1
1625598275919,Tue Jul 06 12:04:35 PDT 2021,51,153,1
1625611801896,Tue Jul 06 15:50:01 PDT 2021,51,155,1
1625627428129,Tue Jul 06 20:10:28 PDT 2021,51,156,1
1625635857686,Tue Jul 06 22:30:57 PDT 2021,51,157,1
1625672864962,Wed Jul 07 08:47:44 PDT 2021,51,160,1
1625674824592,Wed Jul 07 09:20:24 PDT 2021,51,161,1
1625675446974,Wed Jul 07 09:30:46 PDT 2021,51,162,0
1625676765687,Wed Jul 07 09:52:45 PDT 2021,51,163,1
1625678587839,Wed Jul 07 10:23:07 PDT 2021,51,166,1
1625693381027,Wed Jul 07 14:29:41 PDT 2021,51,173,1
1625694075702,Wed Jul 07 14:41:15 PDT 2021,51,174,1
1625694683236,Wed Jul 07 14:51:23 PDT 2021,51,176,0
1625694475642,Wed Jul 07 14:47:55 PDT 2021,51,177,0
1625695289520,Wed Jul 07 15:01:29 PDT 2021,51,178,1
1625696402061,Wed Jul 07 15:20:02 PDT 2021,51,181,0
1625698006394,Wed Jul 07 15:46:46 PDT 2021,51,183,1
1625699774915,Wed Jul 07 16:16:14 PDT 2021,51,184,1
1625699696842,Wed Jul 07 16:14:56 PDT 2021,51,186,1
1625700161646,Wed Jul 07 16:22:41 PDT 2021,51,187,0
1625700199080,Wed Jul 07 16:23:19 PDT 2021,51,188,1
1625702646916,Wed Jul 07 17:04:06 PDT 2021,51,189,-1
1625710408995,Wed Jul 07 19:13:28 PDT 2021,51,191,0
1625710181578,Wed Jul 07 19:09:41 PDT 2021,51,193,1
1625710665127,Wed Jul 07 19:17:45 PDT 2021,51,194,1
1625723194836,Wed Jul 07 22:46:34 PDT 2021,51,196,1
1625755998586,Thu Jul 08 07:53:18 PDT 2021,51,198,1
1625758716941,Thu Jul 08 08:38:36 PDT 2021,51,199,1
1625762619665,Thu Jul 08 09:43:39 PDT 2021,51,201,-1
1625763290149,Thu Jul 08 09:54:50 PDT 2021,51,203,1
1625768102835,Thu Jul 08 11:15:02 PDT 2021,51,204,-1
1625770523802,Thu Jul 08 11:55:23 PDT 2021,51,205,1
1625772344374,Thu Jul 08 12:25:44 PDT 2021,51,206,1
1625782100665,Thu Jul 08 15:08:20 PDT 2021,51,207,0
1625783742566,Thu Jul 08 15:35:42 PDT 2021,51,208,1
1625786692647,Thu Jul 08 16:24:52 PDT 2021,51,209,0
1625842219760,Fri Jul 09 07:50:19 PDT 2021,51,214,1
1625844313298,Fri Jul 09 08:25:13 PDT 2021,51,215,1
1625853159932,Fri Jul 09 10:52:39 PDT 2021,51,216,0
1625855247290,Fri Jul 09 11:27:27 PDT 2021,51,217,1
1625863537452,Fri Jul 09 13:45:37 PDT 2021,51,218,1
1625868338135,Fri Jul 09 15:05:38 PDT 2021,51,219,1
1625921336370,Sat Jul 10 05:48:56 PDT 2021,51,223,0
1625922278211,Sat Jul 10 06:04:38 PDT 2021,51,224,1
1625929566715,Sat Jul 10 08:06:06 PDT 2021,51,226,0
1625939227985,Sat Jul 10 10:47:07 PDT 2021,51,228,0
1625961726983,Sat Jul 10 17:02:06 PDT 2021,51,231,1
1625965721347,Sat Jul 10 18:08:41 PDT 2021,51,232,1
1625982057438,Sat Jul 10 22:40:57 PDT 2021,51,234,-1
1626012311403,Sun Jul 11 07:05:11 PDT 2021,51,236,0
1626015174535,Sun Jul 11 07:52:54 PDT 2021,51,237,-1
1626015669813,Sun Jul 11 08:01:09 PDT 2021,51,238,1
1626016236250,Sun Jul 11 08:10:36 PDT 2021,51,239,-1
1626027241850,Sun Jul 11 11:14:01 PDT 2021,51,240,1
1626031599940,Sun Jul 11 12:26:39 PDT 2021,51,241,0
1626033279464,Sun Jul 11 12:54:39 PDT 2021,51,243,1
1626055906588,Sun Jul 11 19:11:46 PDT 2021,51,247,1
1626063438776,Sun Jul 11 21:17:18 PDT 2021,51,248,1
1626097690670,Mon Jul 12 06:48:10 PDT 2021,51,250,1
1626160283955,Tue Jul 13 00:11:23 PDT 2021,51,255,1
1626184332841,Tue Jul 13 06:52:12 PDT 2021,51,256,1
1626198203758,Tue Jul 13 10:43:23 PDT 2021,51,257,0
1626214195383,Tue Jul 13 15:09:55 PDT 2021,51,260,1
1627697026350,Fri Jul 30 19:03:46 PDT 2021,51,261,1
1626218899199,Tue Jul 13 16:28:19 PDT 2021,51,262,1
1626274910327,Wed Jul 14 08:01:50 PDT 2021,51,265,1
1626383952800,Thu Jul 15 14:19:12 PDT 2021,51,267,1
1626360356626,Thu Jul 15 07:45:56 PDT 2021,51,269,1
1626386232011,Thu Jul 15 14:57:12 PDT 2021,51,271,1
1626455236938,Fri Jul 16 10:07:16 PDT 2021,51,274,-1
1626471181481,Fri Jul 16 14:33:01 PDT 2021,51,275,1
1626493080684,Fri Jul 16 20:38:00 PDT 2021,51,276,0
1626540231528,Sat Jul 17 09:43:51 PDT 2021,51,278,1
1626545276540,Sat Jul 17 11:07:56 PDT 2021,51,280,1
1626552518336,Sat Jul 17 13:08:38 PDT 2021,51,281,1
1626553248081,Sat Jul 17 13:20:48 PDT 2021,51,282,1
1626570972949,Sat Jul 17 18:16:12 PDT 2021,51,284,1
1626584626895,Sat Jul 17 22:03:46 PDT 2021,51,286,1
1626712938985,Mon Jul 19 09:42:18 PDT 2021,51,288,0
1626716517732,Mon Jul 19 10:41:57 PDT 2021,51,290,1
1626720423861,Mon Jul 19 11:47:03 PDT 2021,51,291,0
1626724106167,Mon Jul 19 12:48:26 PDT 2021,51,292,0
1626737967482,Mon Jul 19 16:39:27 PDT 2021,51,294,1
1626752240378,Mon Jul 19 20:37:20 PDT 2021,51,295,-1
1626791567215,Tue Jul 20 07:32:47 PDT 2021,51,296,-1
1626799036622,Tue Jul 20 09:37:16 PDT 2021,51,298,1
1626910117735,Wed Jul 21 16:28:37 PDT 2021,51,299,1
1626965144487,Thu Jul 22 07:45:44 PDT 2021,51,300,1
1627000941059,Thu Jul 22 17:42:21 PDT 2021,51,302,1
1627002580998,Thu Jul 22 18:09:40 PDT 2021,51,303,-1
1627007845307,Thu Jul 22 19:37:25 PDT 2021,51,304,0
1627008827355,Thu Jul 22 19:53:47 PDT 2021,51,305,1
1627082564399,Fri Jul 23 16:22:44 PDT 2021,51,308,1
1627083810706,Fri Jul 23 16:43:30 PDT 2021,51,309,1
1627085132177,Fri Jul 23 17:05:32 PDT 2021,51,310,1
1627086452089,Fri Jul 23 17:27:32 PDT 2021,51,311,1
1627087772714,Fri Jul 23 17:49:32 PDT 2021,51,312,1
1627099752312,Fri Jul 23 21:09:12 PDT 2021,51,313,1
1627100509882,Fri Jul 23 21:21:49 PDT 2021,51,314,1
1627101674587,Fri Jul 23 21:41:14 PDT 2021,51,315,1
1627162404748,Sat Jul 24 14:33:24 PDT 2021,51,317,1
1627187573822,Sat Jul 24 21:32:53 PDT 2021,51,318,1
1627191389424,Sat Jul 24 22:36:29 PDT 2021,51,319,1
1627407362742,Tue Jul 27 10:36:02 PDT 2021,51,322,1
1627414858723,Tue Jul 27 12:40:58 PDT 2021,51,325,1
1627425553188,Tue Jul 27 15:39:13 PDT 2021,51,326,0
1627439347796,Tue Jul 27 19:29:07 PDT 2021,51,327,0
1627502909289,Wed Jul 28 13:08:29 PDT 2021,51,332,1
1627503165722,Wed Jul 28 13:12:45 PDT 2021,51,334,1
1627505125792,Wed Jul 28 13:45:25 PDT 2021,51,337,1
1627505873161,Wed Jul 28 13:57:53 PDT 2021,51,339,1
1627508501804,Wed Jul 28 14:41:41 PDT 2021,51,343,1
1627509060095,Wed Jul 28 14:51:00 PDT 2021,51,345,0
1627515382466,Wed Jul 28 16:36:22 PDT 2021,51,348,1
1627523182037,Wed Jul 28 18:46:22 PDT 2021,51,353,1
1627521884618,Wed Jul 28 18:24:44 PDT 2021,51,356,1
1627529853167,Wed Jul 28 20:37:33 PDT 2021,51,357,-1
1627531747400,Wed Jul 28 21:09:07 PDT 2021,51,358,-1
1627532642663,Wed Jul 28 21:24:02 PDT 2021,51,359,0
1627536073461,Wed Jul 28 22:21:13 PDT 2021,51,361,1
1627543897509,Thu Jul 29 00:31:37 PDT 2021,51,364,1
1627573888744,Thu Jul 29 08:51:28 PDT 2021,51,366,1
1627579475510,Thu Jul 29 10:24:35 PDT 2021,51,370,1
1627585101448,Thu Jul 29 11:58:21 PDT 2021,51,372,1
1627586727697,Thu Jul 29 12:25:27 PDT 2021,51,373,1
1627608702529,Thu Jul 29 18:31:42 PDT 2021,51,376,1
1627613957056,Thu Jul 29 19:59:17 PDT 2021,51,378,1
1627655912660,Fri Jul 30 07:38:32 PDT 2021,51,380,1
1627655946359,Fri Jul 30 07:39:06 PDT 2021,51,381,1
1627663869395,Fri Jul 30 09:51:09 PDT 2021,51,382,1
1627666774710,Fri Jul 30 10:39:34 PDT 2021,51,384,1
1627675383672,Fri Jul 30 13:03:03 PDT 2021,51,386,1
1627676052352,Fri Jul 30 13:14:12 PDT 2021,51,387,0
1627680545571,Fri Jul 30 14:29:05 PDT 2021,51,388,0
1627681808552,Fri Jul 30 14:50:08 PDT 2021,51,389,1
1627685534958,Fri Jul 30 15:52:14 PDT 2021,51,393,1
1627701913986,Fri Jul 30 20:25:13 PDT 2021,51,396,0
1627759828423,Sat Jul 31 12:30:28 PDT 2021,51,400,0
1627770125959,Sat Jul 31 15:22:05 PDT 2021,51,401,1
1627771825940,Sat Jul 31 15:50:25 PDT 2021,51,402,1
1627776833790,Sat Jul 31 17:13:53 PDT 2021,51,403,1
1627837774684,Sun Aug 01 10:09:34 PDT 2021,51,404,1
1624995185639,Tue Jun 29 12:33:05 PDT 2021,52,0,1
1624917534501,Mon Jun 28 14:58:54 PDT 2021,52,1,-1
1624924662549,Mon Jun 28 16:57:42 PDT 2021,52,2,0
1624978122327,Tue Jun 29 07:48:42 PDT 2021,52,3,0
1624980144002,Tue Jun 29 08:22:24 PDT 2021,52,5,0
1624981063763,Tue Jun 29 08:37:43 PDT 2021,52,6,0
1624983211888,Tue Jun 29 09:13:31 PDT 2021,52,7,0
1624995895684,Tue Jun 29 12:44:55 PDT 2021,52,9,0
1624997185515,Tue Jun 29 13:06:25 PDT 2021,52,10,-1
1624999593348,Tue Jun 29 13:46:33 PDT 2021,52,11,-1
1625000416136,Tue Jun 29 14:00:16 PDT 2021,52,12,-1
1625000321076,Tue Jun 29 13:58:41 PDT 2021,52,13,-1
1625002136752,Tue Jun 29 14:28:56 PDT 2021,52,14,-1
1625003422372,Tue Jun 29 14:50:22 PDT 2021,52,15,-1
1625004330855,Tue Jun 29 15:05:30 PDT 2021,52,16,0
1625007485752,Tue Jun 29 15:58:05 PDT 2021,52,17,-1
1625007548001,Tue Jun 29 15:59:08 PDT 2021,52,18,0
1625008583670,Tue Jun 29 16:16:23 PDT 2021,52,19,-1
1625009051206,Tue Jun 29 16:24:11 PDT 2021,52,21,-1
1625009123896,Tue Jun 29 16:25:23 PDT 2021,52,22,1
1625019981329,Tue Jun 29 19:26:21 PDT 2021,52,24,-1
1625019967922,Tue Jun 29 19:26:07 PDT 2021,52,25,0
1625020234571,Tue Jun 29 19:30:34 PDT 2021,52,26,1
1625021855039,Tue Jun 29 19:57:35 PDT 2021,52,27,1
1625055635343,Wed Jun 30 05:20:35 PDT 2021,52,28,0
1625058044739,Wed Jun 30 06:00:44 PDT 2021,52,30,-1
1625064803138,Wed Jun 30 07:53:23 PDT 2021,52,33,-1
1625066578572,Wed Jun 30 08:22:58 PDT 2021,52,34,0
1625068626746,Wed Jun 30 08:57:06 PDT 2021,52,35,0
1625069504118,Wed Jun 30 09:11:44 PDT 2021,52,36,1
1625071930060,Wed Jun 30 09:52:10 PDT 2021,52,37,0
1625071940450,Wed Jun 30 09:52:20 PDT 2021,52,38,-1
1625082480247,Wed Jun 30 12:48:00 PDT 2021,52,40,-1
1625099430850,Wed Jun 30 17:30:30 PDT 2021,52,41,0
1625086701882,Wed Jun 30 13:58:21 PDT 2021,52,42,1
1625089958207,Wed Jun 30 14:52:38 PDT 2021,52,43,-1
1625093056282,Wed Jun 30 15:44:16 PDT 2021,52,45,-1
1625095479863,Wed Jun 30 16:24:39 PDT 2021,52,46,-1
1625095295924,Wed Jun 30 16:21:35 PDT 2021,52,47,-1
1625096362011,Wed Jun 30 16:39:22 PDT 2021,52,48,-1
1625099577028,Wed Jun 30 17:32:57 PDT 2021,52,50,0
1625102807314,Wed Jun 30 18:26:47 PDT 2021,52,52,-1
1625101727235,Wed Jun 30 18:08:47 PDT 2021,52,53,-1
1625101367166,Wed Jun 30 18:02:47 PDT 2021,52,54,0
1625108381672,Wed Jun 30 19:59:41 PDT 2021,52,55,-1
1625112087014,Wed Jun 30 21:01:27 PDT 2021,52,56,-1
1625116505365,Wed Jun 30 22:15:05 PDT 2021,52,57,-1
1625118231218,Wed Jun 30 22:43:51 PDT 2021,52,59,0
1625150949043,Thu Jul 01 07:49:09 PDT 2021,52,61,-1
1625152700419,Thu Jul 01 08:18:20 PDT 2021,52,62,-1
1625154622708,Thu Jul 01 08:50:22 PDT 2021,52,63,0
1625155915442,Thu Jul 01 09:11:55 PDT 2021,52,64,1
1625158114692,Thu Jul 01 09:48:34 PDT 2021,52,65,0
1625410939495,Sun Jul 04 08:02:19 PDT 2021,52,66,-1
1625159802208,Thu Jul 01 10:16:42 PDT 2021,52,68,-1
1625159977057,Thu Jul 01 10:19:37 PDT 2021,52,69,-1
1625160170090,Thu Jul 01 10:22:50 PDT 2021,52,70,-1
1625162843704,Thu Jul 01 11:07:23 PDT 2021,52,71,-1
1625163649023,Thu Jul 01 11:20:49 PDT 2021,52,73,-1
1625164930006,Thu Jul 01 11:42:10 PDT 2021,52,74,0
1625165061722,Thu Jul 01 11:44:21 PDT 2021,52,85,-1
1625168673620,Thu Jul 01 12:44:33 PDT 2021,52,92,1
1625175286708,Thu Jul 01 14:34:46 PDT 2021,52,94,0
1625175023083,Thu Jul 01 14:30:23 PDT 2021,52,95,-1
1625183292424,Thu Jul 01 16:48:12 PDT 2021,52,96,-1
1626145413085,Mon Jul 12 20:03:33 PDT 2021,52,98,0
1625190930278,Thu Jul 01 18:55:30 PDT 2021,52,100,-1
1625191055130,Thu Jul 01 18:57:35 PDT 2021,52,101,-1
1625200065944,Thu Jul 01 21:27:45 PDT 2021,52,102,0
1625238460979,Fri Jul 02 08:07:40 PDT 2021,52,103,-1
1625241565708,Fri Jul 02 08:59:25 PDT 2021,52,104,-1
1625242427865,Fri Jul 02 09:13:47 PDT 2021,52,106,-1
1625246539417,Fri Jul 02 10:22:19 PDT 2021,52,107,1
1625266895458,Fri Jul 02 16:01:35 PDT 2021,52,111,-1
1625274689824,Fri Jul 02 18:11:29 PDT 2021,52,112,-1
1625329590551,Sat Jul 03 09:26:30 PDT 2021,52,118,0
1625333951323,Sat Jul 03 10:39:11 PDT 2021,52,119,-1
1625364805477,Sat Jul 03 19:13:25 PDT 2021,52,121,1
1625365193864,Sat Jul 03 19:19:53 PDT 2021,52,122,-1
1625365880302,Sat Jul 03 19:31:20 PDT 2021,52,123,0
1625375779698,Sat Jul 03 22:16:19 PDT 2021,52,124,0
1625414340082,Sun Jul 04 08:59:00 PDT 2021,52,127,0
1625424357603,Sun Jul 04 11:45:57 PDT 2021,52,131,-1
1625429289935,Sun Jul 04 13:08:09 PDT 2021,52,132,0
1625436084915,Sun Jul 04 15:01:24 PDT 2021,52,135,0
1625436762399,Sun Jul 04 15:12:42 PDT 2021,52,136,-1
1625437422096,Sun Jul 04 15:23:42 PDT 2021,52,137,0
1625452284039,Sun Jul 04 19:31:24 PDT 2021,52,141,-1
1625462517975,Sun Jul 04 22:21:57 PDT 2021,52,145,0
1625496856573,Mon Jul 05 07:54:16 PDT 2021,52,147,-1
1625593983325,Tue Jul 06 10:53:03 PDT 2021,52,151,-1
1625603023415,Tue Jul 06 13:23:43 PDT 2021,52,152,0
1625614230398,Tue Jul 06 16:30:30 PDT 2021,52,153,-1
1625611868158,Tue Jul 06 15:51:08 PDT 2021,52,155,0
1625627167250,Tue Jul 06 20:06:07 PDT 2021,52,156,1
1625635962643,Tue Jul 06 22:32:42 PDT 2021,52,157,1
1625673240779,Wed Jul 07 08:54:00 PDT 2021,52,160,0
1625674974202,Wed Jul 07 09:22:54 PDT 2021,52,161,-1
1625675636020,Wed Jul 07 09:33:56 PDT 2021,52,162,1
1625676713209,Wed Jul 07 09:51:53 PDT 2021,52,163,-1
1625677468371,Wed Jul 07 10:04:28 PDT 2021,52,166,-1
1625694114118,Wed Jul 07 14:41:54 PDT 2021,52,173,-1
1625693996745,Wed Jul 07 14:39:56 PDT 2021,52,174,0
1625695449208,Wed Jul 07 15:04:09 PDT 2021,52,178,0
1625696546407,Wed Jul 07 15:22:26 PDT 2021,52,181,-1
1625698611159,Wed Jul 07 15:56:51 PDT 2021,52,183,0
1625700167789,Wed Jul 07 16:22:47 PDT 2021,52,186,0
1625701097565,Wed Jul 07 16:38:17 PDT 2021,52,187,0
1625700693017,Wed Jul 07 16:31:33 PDT 2021,52,188,1
1625703047975,Wed Jul 07 17:10:47 PDT 2021,52,189,-1
1625710578405,Wed Jul 07 19:16:18 PDT 2021,52,193,0
1625711083025,Wed Jul 07 19:24:43 PDT 2021,52,194,-1
1625722656692,Wed Jul 07 22:37:36 PDT 2021,52,196,-1
1625756081955,Thu Jul 08 07:54:41 PDT 2021,52,198,-1
1625759489898,Thu Jul 08 08:51:29 PDT 2021,52,199,-1
1625763084160,Thu Jul 08 09:51:24 PDT 2021,52,201,-1
1625763455193,Thu Jul 08 09:57:35 PDT 2021,52,203,0
1625770662324,Thu Jul 08 11:57:42 PDT 2021,52,205,1
1625782559436,Thu Jul 08 15:15:59 PDT 2021,52,207,0
1625784497777,Thu Jul 08 15:48:17 PDT 2021,52,208,-1
1625787112863,Thu Jul 08 16:31:52 PDT 2021,52,209,-1
1625845353948,Fri Jul 09 08:42:33 PDT 2021,52,215,-1
1625856240497,Fri Jul 09 11:44:00 PDT 2021,52,217,-1
1625865025739,Fri Jul 09 14:10:25 PDT 2021,52,218,0
1625868510566,Fri Jul 09 15:08:30 PDT 2021,52,219,-1
1625921649924,Sat Jul 10 05:54:09 PDT 2021,52,223,0
1625922683221,Sat Jul 10 06:11:23 PDT 2021,52,224,-1
1625928990787,Sat Jul 10 07:56:30 PDT 2021,52,226,-1
1625939918976,Sat Jul 10 10:58:38 PDT 2021,52,228,-1
1625965989297,Sat Jul 10 18:13:09 PDT 2021,52,232,-1
1625971683756,Sat Jul 10 19:48:03 PDT 2021,52,233,0
1625982719811,Sat Jul 10 22:51:59 PDT 2021,52,234,-1
1626012671519,Sun Jul 11 07:11:11 PDT 2021,52,236,-1
1626015655735,Sun Jul 11 08:00:55 PDT 2021,52,237,-1
1626016002421,Sun Jul 11 08:06:42 PDT 2021,52,238,-1
1626018048564,Sun Jul 11 08:40:48 PDT 2021,52,239,1
1626027399286,Sun Jul 11 11:16:39 PDT 2021,52,240,-1
1626031931996,Sun Jul 11 12:32:11 PDT 2021,52,241,-1
1626033774713,Sun Jul 11 13:02:54 PDT 2021,52,243,0
1626063744257,Sun Jul 11 21:22:24 PDT 2021,52,248,-1
1626097624248,Mon Jul 12 06:47:04 PDT 2021,52,250,-1
1626160488207,Tue Jul 13 00:14:48 PDT 2021,52,255,-1
1626185137914,Tue Jul 13 07:05:37 PDT 2021,52,256,1
1626214355043,Tue Jul 13 15:12:35 PDT 2021,52,260,-1
1627697012959,Fri Jul 30 19:03:32 PDT 2021,52,261,1
1626235450237,Tue Jul 13 21:04:10 PDT 2021,52,265,-1
1626383499242,Thu Jul 15 14:11:39 PDT 2021,52,267,0
1626385974361,Thu Jul 15 14:52:54 PDT 2021,52,271,0
1626455468654,Fri Jul 16 10:11:08 PDT 2021,52,274,-1
1626470920201,Fri Jul 16 14:28:40 PDT 2021,52,275,0
1626493159747,Fri Jul 16 20:39:19 PDT 2021,52,276,0
1626541151371,Sat Jul 17 09:59:11 PDT 2021,52,278,-1
1626546305540,Sat Jul 17 11:25:05 PDT 2021,52,280,1
1626552552766,Sat Jul 17 13:09:12 PDT 2021,52,281,-1
1626554035601,Sat Jul 17 13:33:55 PDT 2021,52,282,0
1626570926424,Sat Jul 17 18:15:26 PDT 2021,52,284,1
1626584913563,Sat Jul 17 22:08:33 PDT 2021,52,286,1
1626713284164,Mon Jul 19 09:48:04 PDT 2021,52,288,0
1626720523495,Mon Jul 19 11:48:43 PDT 2021,52,291,0
1626737748414,Mon Jul 19 16:35:48 PDT 2021,52,294,-1
1626752311173,Mon Jul 19 20:38:31 PDT 2021,52,295,-1
1626792566946,Tue Jul 20 07:49:26 PDT 2021,52,296,-1
1626798823262,Tue Jul 20 09:33:43 PDT 2021,52,298,-1
1626910260680,Wed Jul 21 16:31:00 PDT 2021,52,299,1
1626965335686,Thu Jul 22 07:48:55 PDT 2021,52,300,0
1627001505861,Thu Jul 22 17:51:45 PDT 2021,52,302,0
1627002718360,Thu Jul 22 18:11:58 PDT 2021,52,303,-1
1627008951764,Thu Jul 22 19:55:51 PDT 2021,52,305,0
1627084521800,Fri Jul 23 16:55:21 PDT 2021,52,309,1
1627085580560,Fri Jul 23 17:13:00 PDT 2021,52,310,1
1627087293483,Fri Jul 23 17:41:33 PDT 2021,52,311,1
1627088393214,Fri Jul 23 17:59:53 PDT 2021,52,312,1
1627100237184,Fri Jul 23 21:17:17 PDT 2021,52,313,1
1627100805457,Fri Jul 23 21:26:45 PDT 2021,52,314,1
1627102117672,Fri Jul 23 21:48:37 PDT 2021,52,315,1
1627163369033,Sat Jul 24 14:49:29 PDT 2021,52,317,0
1627188350270,Sat Jul 24 21:45:50 PDT 2021,52,318,0
1627192132136,Sat Jul 24 22:48:52 PDT 2021,52,319,1
1627407704231,Tue Jul 27 10:41:44 PDT 2021,52,322,1
1627425820292,Tue Jul 27 15:43:40 PDT 2021,52,326,0
1627439527021,Tue Jul 27 19:32:07 PDT 2021,52,327,0
1627451563510,Tue Jul 27 22:52:43 PDT 2021,52,329,1
1627503185302,Wed Jul 28 13:13:05 PDT 2021,52,334,1
1627503911173,Wed Jul 28 13:25:11 PDT 2021,52,335,0
1627505322913,Wed Jul 28 13:48:42 PDT 2021,52,337,1
1627509119813,Wed Jul 28 14:51:59 PDT 2021,52,343,1
1627515506837,Wed Jul 28 16:38:26 PDT 2021,52,348,-1
1627515442188,Wed Jul 28 16:37:22 PDT 2021,52,350,1
1627522921251,Wed Jul 28 18:42:01 PDT 2021,52,353,-1
1627522241753,Wed Jul 28 18:30:41 PDT 2021,52,356,-1
1627530564007,Wed Jul 28 20:49:24 PDT 2021,52,357,1
1627532208872,Wed Jul 28 21:16:48 PDT 2021,52,358,1
1627544687626,Thu Jul 29 00:44:47 PDT 2021,52,364,-1
1627574036242,Thu Jul 29 08:53:56 PDT 2021,52,366,1
1627578744132,Thu Jul 29 10:12:24 PDT 2021,52,368,0
1627587045819,Thu Jul 29 12:30:45 PDT 2021,52,373,-1
1627608292447,Thu Jul 29 18:24:52 PDT 2021,52,376,0
1627655495812,Fri Jul 30 07:31:35 PDT 2021,52,380,-1
1627656374830,Fri Jul 30 07:46:14 PDT 2021,52,381,0
1627663953911,Fri Jul 30 09:52:33 PDT 2021,52,382,1
1627666793160,Fri Jul 30 10:39:53 PDT 2021,52,384,1
1627676429154,Fri Jul 30 13:20:29 PDT 2021,52,386,-1
1627681296944,Fri Jul 30 14:41:36 PDT 2021,52,388,-1
1627682587602,Fri Jul 30 15:03:07 PDT 2021,52,389,1
1627690277234,Fri Jul 30 17:11:17 PDT 2021,52,395,1
1627702869629,Fri Jul 30 20:41:09 PDT 2021,52,396,0
1627757063460,Sat Jul 31 11:44:23 PDT 2021,52,399,0
1627759869907,Sat Jul 31 12:31:09 PDT 2021,52,400,-1
1627770276421,Sat Jul 31 15:24:36 PDT 2021,52,401,-1
1627771980049,Sat Jul 31 15:53:00 PDT 2021,52,402,1
1627776784496,Sat Jul 31 17:13:04 PDT 2021,52,403,-1
1627837614135,Sun Aug 01 10:06:54 PDT 2021,52,404,0
1624994607577,Tue Jun 29 12:23:27 PDT 2021,53,0,-1
1624917411298,Mon Jun 28 14:56:51 PDT 2021,53,1,1
1624924397489,Mon Jun 28 16:53:17 PDT 2021,53,2,1
1624978196548,Tue Jun 29 07:49:56 PDT 2021,53,3,1
1624979862799,Tue Jun 29 08:17:42 PDT 2021,53,5,1
1624980700723,Tue Jun 29 08:31:40 PDT 2021,53,6,1
1624982910199,Tue Jun 29 09:08:30 PDT 2021,53,7,1
1624995132466,Tue Jun 29 12:32:12 PDT 2021,53,8,-1
1624995585950,Tue Jun 29 12:39:45 PDT 2021,53,9,1
1624996953483,Tue Jun 29 13:02:33 PDT 2021,53,10,1
1624999085506,Tue Jun 29 13:38:05 PDT 2021,53,11,1
1625000147727,Tue Jun 29 13:55:47 PDT 2021,53,12,1
1625000266817,Tue Jun 29 13:57:46 PDT 2021,53,13,1
1625002028301,Tue Jun 29 14:27:08 PDT 2021,53,14,1
1625003225764,Tue Jun 29 14:47:05 PDT 2021,53,15,1
1625003742059,Tue Jun 29 14:55:42 PDT 2021,53,16,1
1625007054520,Tue Jun 29 15:50:54 PDT 2021,53,17,1
1625007228511,Tue Jun 29 15:53:48 PDT 2021,53,18,1
1625008211127,Tue Jun 29 16:10:11 PDT 2021,53,19,-1
1625008661958,Tue Jun 29 16:17:41 PDT 2021,53,21,1
1625008882780,Tue Jun 29 16:21:22 PDT 2021,53,22,-1
1625019525076,Tue Jun 29 19:18:45 PDT 2021,53,24,1
1625019693910,Tue Jun 29 19:21:33 PDT 2021,53,25,1
1625019654990,Tue Jun 29 19:20:54 PDT 2021,53,26,1
1625021480254,Tue Jun 29 19:51:20 PDT 2021,53,27,1
1625055376943,Wed Jun 30 05:16:16 PDT 2021,53,28,1
1625057711913,Wed Jun 30 05:55:11 PDT 2021,53,30,1
1625064207908,Wed Jun 30 07:43:27 PDT 2021,53,33,1
1625066128976,Wed Jun 30 08:15:28 PDT 2021,53,34,1
1625068083344,Wed Jun 30 08:48:03 PDT 2021,53,35,1
1625068514150,Wed Jun 30 08:55:14 PDT 2021,53,36,1
1625071374249,Wed Jun 30 09:42:54 PDT 2021,53,37,1
1625071764309,Wed Jun 30 09:49:24 PDT 2021,53,38,1
1625082210820,Wed Jun 30 12:43:30 PDT 2021,53,40,1
1625098966610,Wed Jun 30 17:22:46 PDT 2021,53,41,1
1625085894299,Wed Jun 30 13:44:54 PDT 2021,53,42,1
1625089405612,Wed Jun 30 14:43:25 PDT 2021,53,43,1
1625092092504,Wed Jun 30 15:28:12 PDT 2021,53,44,1
1625092799898,Wed Jun 30 15:39:59 PDT 2021,53,45,1
1625094790995,Wed Jun 30 16:13:10 PDT 2021,53,46,1
1625094900051,Wed Jun 30 16:15:00 PDT 2021,53,47,1
1625095775614,Wed Jun 30 16:29:35 PDT 2021,53,48,-1
1625098954259,Wed Jun 30 17:22:34 PDT 2021,53,50,-1
1625100905653,Wed Jun 30 17:55:05 PDT 2021,53,51,1
1625100870885,Wed Jun 30 17:54:30 PDT 2021,53,52,1
1625101176076,Wed Jun 30 17:59:36 PDT 2021,53,53,1
1625101175863,Wed Jun 30 17:59:35 PDT 2021,53,54,1
1625107892997,Wed Jun 30 19:51:32 PDT 2021,53,55,1
1625112071717,Wed Jun 30 21:01:11 PDT 2021,53,56,1
1625115879688,Wed Jun 30 22:04:39 PDT 2021,53,57,1
1625117234416,Wed Jun 30 22:27:14 PDT 2021,53,58,1
1625117564662,Wed Jun 30 22:32:44 PDT 2021,53,59,1
1625120592538,Wed Jun 30 23:23:12 PDT 2021,53,60,1
1625149935495,Thu Jul 01 07:32:15 PDT 2021,53,61,1
1625150903289,Thu Jul 01 07:48:23 PDT 2021,53,62,1
1625152854872,Thu Jul 01 08:20:54 PDT 2021,53,63,1
1625155400250,Thu Jul 01 09:03:20 PDT 2021,53,64,1
1625157743001,Thu Jul 01 09:42:23 PDT 2021,53,65,-1
1625158698901,Thu Jul 01 09:58:18 PDT 2021,53,66,1
1625159352434,Thu Jul 01 10:09:12 PDT 2021,53,68,1
1625159735674,Thu Jul 01 10:15:35 PDT 2021,53,69,1
1625159892107,Thu Jul 01 10:18:12 PDT 2021,53,70,1
1625160745810,Thu Jul 01 10:32:25 PDT 2021,53,71,1
1625163117433,Thu Jul 01 11:11:57 PDT 2021,53,72,1
1625163199054,Thu Jul 01 11:13:19 PDT 2021,53,73,1
1625163686828,Thu Jul 01 11:21:26 PDT 2021,53,74,0
1625163863991,Thu Jul 01 11:24:23 PDT 2021,53,80,1
1625163972757,Thu Jul 01 11:26:12 PDT 2021,53,82,1
1625164017847,Thu Jul 01 11:26:57 PDT 2021,53,83,1
1625164385169,Thu Jul 01 11:33:05 PDT 2021,53,84,1
1625164569360,Thu Jul 01 11:36:09 PDT 2021,53,85,1
1625165243881,Thu Jul 01 11:47:23 PDT 2021,53,86,1
1625165634600,Thu Jul 01 11:53:54 PDT 2021,53,87,1
1625165760987,Thu Jul 01 11:56:00 PDT 2021,53,88,1
1625165851372,Thu Jul 01 11:57:31 PDT 2021,53,89,1
1625165957867,Thu Jul 01 11:59:17 PDT 2021,53,90,1
1625168058037,Thu Jul 01 12:34:18 PDT 2021,53,92,-1
1625173285804,Thu Jul 01 14:01:25 PDT 2021,53,93,1
1625174361278,Thu Jul 01 14:19:21 PDT 2021,53,94,1
1625174663563,Thu Jul 01 14:24:23 PDT 2021,53,95,1
1625182613485,Thu Jul 01 16:36:53 PDT 2021,53,96,1
1625185367662,Thu Jul 01 17:22:47 PDT 2021,53,97,1
1625185907301,Thu Jul 01 17:31:47 PDT 2021,53,98,1
1625189748770,Thu Jul 01 18:35:48 PDT 2021,53,99,1
1625190089248,Thu Jul 01 18:41:29 PDT 2021,53,100,1
1625190783604,Thu Jul 01 18:53:03 PDT 2021,53,101,1
1625199579278,Thu Jul 01 21:19:39 PDT 2021,53,102,1
1625237956568,Fri Jul 02 07:59:16 PDT 2021,53,103,1
1625241122411,Fri Jul 02 08:52:02 PDT 2021,53,104,1
1625241656604,Fri Jul 02 09:00:56 PDT 2021,53,105,1
1625241741945,Fri Jul 02 09:02:21 PDT 2021,53,106,1
1625245294741,Fri Jul 02 10:01:34 PDT 2021,53,107,1
1625251325659,Fri Jul 02 11:42:05 PDT 2021,53,108,1
1625252363865,Fri Jul 02 11:59:23 PDT 2021,53,109,1
1625265185130,Fri Jul 02 15:33:05 PDT 2021,53,110,-1
1625266071414,Fri Jul 02 15:47:51 PDT 2021,53,111,1
1625273971734,Fri Jul 02 17:59:31 PDT 2021,53,112,1
1625281755842,Fri Jul 02 20:09:15 PDT 2021,53,113,0
1625295350104,Fri Jul 02 23:55:50 PDT 2021,53,115,1
1625320277781,Sat Jul 03 06:51:17 PDT 2021,53,116,-1
1625328940140,Sat Jul 03 09:15:40 PDT 2021,53,118,1
1625333182110,Sat Jul 03 10:26:22 PDT 2021,53,119,1
1625361757241,Sat Jul 03 18:22:37 PDT 2021,53,120,1
1625364344130,Sat Jul 03 19:05:44 PDT 2021,53,121,-1
1625365177817,Sat Jul 03 19:19:37 PDT 2021,53,122,1
1625365560561,Sat Jul 03 19:26:00 PDT 2021,53,123,1
1625374430390,Sat Jul 03 21:53:50 PDT 2021,53,124,1
1625383680659,Sun Jul 04 00:28:00 PDT 2021,53,125,1
1625410049007,Sun Jul 04 07:47:29 PDT 2021,53,126,1
1625413269943,Sun Jul 04 08:41:09 PDT 2021,53,127,1
1625415901647,Sun Jul 04 09:25:01 PDT 2021,53,128,1
1625416016961,Sun Jul 04 09:26:56 PDT 2021,53,130,1
1625424139558,Sun Jul 04 11:42:19 PDT 2021,53,131,1
1625428699138,Sun Jul 04 12:58:19 PDT 2021,53,132,1
1625428747236,Sun Jul 04 12:59:07 PDT 2021,53,133,-1
1625435001550,Sun Jul 04 14:43:21 PDT 2021,53,135,1
1625435940958,Sun Jul 04 14:59:00 PDT 2021,53,136,1
1625436753414,Sun Jul 04 15:12:33 PDT 2021,53,137,-1
1625451874913,Sun Jul 04 19:24:34 PDT 2021,53,141,1
1625454415305,Sun Jul 04 20:06:55 PDT 2021,53,142,1
1625460920984,Sun Jul 04 21:55:20 PDT 2021,53,144,1
1625461685347,Sun Jul 04 22:08:05 PDT 2021,53,145,1
1625543038890,Mon Jul 05 20:43:58 PDT 2021,53,146,1
1625495436675,Mon Jul 05 07:30:36 PDT 2021,53,147,1
1625528603685,Mon Jul 05 16:43:23 PDT 2021,53,148,1
1625593538697,Tue Jul 06 10:45:38 PDT 2021,53,151,1
1625597464138,Tue Jul 06 11:51:04 PDT 2021,53,152,1
1625597889398,Tue Jul 06 11:58:09 PDT 2021,53,153,1
1625601350805,Tue Jul 06 12:55:50 PDT 2021,53,154,1
1625611132548,Tue Jul 06 15:38:52 PDT 2021,53,155,-1
1625626870335,Tue Jul 06 20:01:10 PDT 2021,53,156,-1
1625635621098,Tue Jul 06 22:27:01 PDT 2021,53,157,-1
1625671515481,Wed Jul 07 08:25:15 PDT 2021,53,158,1
1625672295826,Wed Jul 07 08:38:15 PDT 2021,53,159,1
1625672677450,Wed Jul 07 08:44:37 PDT 2021,53,160,1
1625674399177,Wed Jul 07 09:13:19 PDT 2021,53,161,-1
1625674865476,Wed Jul 07 09:21:05 PDT 2021,53,162,1
1625676350582,Wed Jul 07 09:45:50 PDT 2021,53,163,1
1625676964190,Wed Jul 07 09:56:04 PDT 2021,53,164,1
1625677316960,Wed Jul 07 10:01:56 PDT 2021,53,165,1
1625677561163,Wed Jul 07 10:06:01 PDT 2021,53,166,1
1625677579447,Wed Jul 07 10:06:19 PDT 2021,53,167,1
1625677697079,Wed Jul 07 10:08:17 PDT 2021,53,168,1
1625678839886,Wed Jul 07 10:27:19 PDT 2021,53,169,1
1625686098373,Wed Jul 07 12:28:18 PDT 2021,53,170,1
1625689294523,Wed Jul 07 13:21:34 PDT 2021,53,171,1
1625690020589,Wed Jul 07 13:33:40 PDT 2021,53,172,1
1625692937851,Wed Jul 07 14:22:17 PDT 2021,53,173,1
1625693788185,Wed Jul 07 14:36:28 PDT 2021,53,174,1
1625693753945,Wed Jul 07 14:35:53 PDT 2021,53,175,1
1625694343995,Wed Jul 07 14:45:43 PDT 2021,53,176,1
1625694384283,Wed Jul 07 14:46:24 PDT 2021,53,177,-1
1625695194161,Wed Jul 07 14:59:54 PDT 2021,53,178,1
1625695458582,Wed Jul 07 15:04:18 PDT 2021,53,179,1
1625696049746,Wed Jul 07 15:14:09 PDT 2021,53,180,0
1625696332526,Wed Jul 07 15:18:52 PDT 2021,53,181,-1
1625697106032,Wed Jul 07 15:31:46 PDT 2021,53,182,1
1625697552189,Wed Jul 07 15:39:12 PDT 2021,53,183,1
1625699225301,Wed Jul 07 16:07:05 PDT 2021,53,184,1
1625699636247,Wed Jul 07 16:13:56 PDT 2021,53,186,1
1625699970484,Wed Jul 07 16:19:30 PDT 2021,53,187,1
1625700271194,Wed Jul 07 16:24:31 PDT 2021,53,188,0
1625702465278,Wed Jul 07 17:01:05 PDT 2021,53,189,1
1625706874804,Wed Jul 07 18:14:34 PDT 2021,53,191,0
1625709837105,Wed Jul 07 19:03:57 PDT 2021,53,193,1
1625710177494,Wed Jul 07 19:09:37 PDT 2021,53,194,1
1625714362299,Wed Jul 07 20:19:22 PDT 2021,53,195,1
1625722608796,Wed Jul 07 22:36:48 PDT 2021,53,196,1
1625752442359,Thu Jul 08 06:54:02 PDT 2021,53,197,1
1625755278294,Thu Jul 08 07:41:18 PDT 2021,53,198,0
1625758762453,Thu Jul 08 08:39:22 PDT 2021,53,199,1
1625760041136,Thu Jul 08 09:00:41 PDT 2021,53,200,-1
1625762325587,Thu Jul 08 09:38:45 PDT 2021,53,201,1
1625763291647,Thu Jul 08 09:54:51 PDT 2021,53,203,1
1625767992721,Thu Jul 08 11:13:12 PDT 2021,53,204,-1
1625770188919,Thu Jul 08 11:49:48 PDT 2021,53,205,1
1625772340198,Thu Jul 08 12:25:40 PDT 2021,53,206,1
1625781379278,Thu Jul 08 14:56:19 PDT 2021,53,207,1
1625783508657,Thu Jul 08 15:31:48 PDT 2021,53,208,1
1625786113759,Thu Jul 08 16:15:13 PDT 2021,53,209,1
1625787116792,Thu Jul 08 16:31:56 PDT 2021,53,210,-1
1625796182303,Thu Jul 08 19:03:02 PDT 2021,53,212,1
1625801455737,Thu Jul 08 20:30:55 PDT 2021,53,213,1
1625805385081,Thu Jul 08 21:36:25 PDT 2021,53,214,1
1625844294937,Fri Jul 09 08:24:54 PDT 2021,53,215,1
1625851222944,Fri Jul 09 10:20:22 PDT 2021,53,216,1
1625855199185,Fri Jul 09 11:26:39 PDT 2021,53,217,1
1625863307606,Fri Jul 09 13:41:47 PDT 2021,53,218,-1
1625867911761,Fri Jul 09 14:58:31 PDT 2021,53,219,1
1625921012116,Sat Jul 10 05:43:32 PDT 2021,53,223,-1
1625921784536,Sat Jul 10 05:56:24 PDT 2021,53,224,1
1625926418384,Sat Jul 10 07:13:38 PDT 2021,53,225,0
1625928652813,Sat Jul 10 07:50:52 PDT 2021,53,226,-1
1625932371562,Sat Jul 10 08:52:51 PDT 2021,53,227,1
1625939214259,Sat Jul 10 10:46:54 PDT 2021,53,228,1
1625957535632,Sat Jul 10 15:52:15 PDT 2021,53,230,1
1625961421397,Sat Jul 10 16:57:01 PDT 2021,53,231,1
1625964230680,Sat Jul 10 17:43:50 PDT 2021,53,232,1
1625971287012,Sat Jul 10 19:41:27 PDT 2021,53,233,1
1625981966994,Sat Jul 10 22:39:26 PDT 2021,53,234,1
1626008487427,Sun Jul 11 06:01:27 PDT 2021,53,235,1
1626011232554,Sun Jul 11 06:47:12 PDT 2021,53,236,1
1626014860316,Sun Jul 11 07:47:40 PDT 2021,53,237,1
1626015066391,Sun Jul 11 07:51:06 PDT 2021,53,238,1
1626016178019,Sun Jul 11 08:09:38 PDT 2021,53,239,1
1626027200527,Sun Jul 11 11:13:20 PDT 2021,53,240,1
1626029727590,Sun Jul 11 11:55:27 PDT 2021,53,241,-1
1626033088034,Sun Jul 11 12:51:28 PDT 2021,53,243,1
1626041764110,Sun Jul 11 15:16:04 PDT 2021,53,245,0
1626050829383,Sun Jul 11 17:47:09 PDT 2021,53,246,1
1626055619608,Sun Jul 11 19:06:59 PDT 2021,53,247,1
1626062826997,Sun Jul 11 21:07:06 PDT 2021,53,248,1
1626096868527,Mon Jul 12 06:34:28 PDT 2021,53,249,1
1626097045130,Mon Jul 12 06:37:25 PDT 2021,53,250,1
1626100615591,Mon Jul 12 07:36:55 PDT 2021,53,251,1
1626103783397,Mon Jul 12 08:29:43 PDT 2021,53,252,-1
1626133588479,Mon Jul 12 16:46:28 PDT 2021,53,254,-1
1626160008861,Tue Jul 13 00:06:48 PDT 2021,53,255,1
1626184076867,Tue Jul 13 06:47:56 PDT 2021,53,256,1
1626197905493,Tue Jul 13 10:38:25 PDT 2021,53,257,1
1626204103254,Tue Jul 13 12:21:43 PDT 2021,53,258,1
1626228008169,Tue Jul 13 19:00:08 PDT 2021,53,259,1
1626213656429,Tue Jul 13 15:00:56 PDT 2021,53,260,-1
1626215302255,Tue Jul 13 15:28:22 PDT 2021,53,261,1
1626218674915,Tue Jul 13 16:24:34 PDT 2021,53,262,0
1626220493653,Tue Jul 13 16:54:53 PDT 2021,53,263,1
1626234467074,Tue Jul 13 20:47:47 PDT 2021,53,264,-1
1626235215310,Tue Jul 13 21:00:15 PDT 2021,53,265,1
1626276022108,Wed Jul 14 08:20:22 PDT 2021,53,266,0
1626383149730,Thu Jul 15 14:05:49 PDT 2021,53,267,-1
1626328170325,Wed Jul 14 22:49:30 PDT 2021,53,268,1
1626360376473,Thu Jul 15 07:46:16 PDT 2021,53,269,1
1626362854521,Thu Jul 15 08:27:34 PDT 2021,53,270,1
1626385468559,Thu Jul 15 14:44:28 PDT 2021,53,271,0
1626455017190,Fri Jul 16 10:03:37 PDT 2021,53,273,-1
1626455251141,Fri Jul 16 10:07:31 PDT 2021,53,274,1
1626470809017,Fri Jul 16 14:26:49 PDT 2021,53,275,1
1626492450205,Fri Jul 16 20:27:30 PDT 2021,53,276,1
1626540269928,Sat Jul 17 09:44:29 PDT 2021,53,278,1
1626540271151,Sat Jul 17 09:44:31 PDT 2021,53,279,1
1626544853523,Sat Jul 17 11:00:53 PDT 2021,53,280,1
1626552245211,Sat Jul 17 13:04:05 PDT 2021,53,281,1
1626553270765,Sat Jul 17 13:21:10 PDT 2021,53,282,1
1626567886026,Sat Jul 17 17:24:46 PDT 2021,53,284,1
1626577969944,Sat Jul 17 20:12:49 PDT 2021,53,285,1
1626584445390,Sat Jul 17 22:00:45 PDT 2021,53,286,1
1626712788303,Mon Jul 19 09:39:48 PDT 2021,53,288,1
1626716246793,Mon Jul 19 10:37:26 PDT 2021,53,290,1
1626718797405,Mon Jul 19 11:19:57 PDT 2021,53,291,1
1626723819135,Mon Jul 19 12:43:39 PDT 2021,53,292,1
1626737305670,Mon Jul 19 16:28:25 PDT 2021,53,294,1
1626751770204,Mon Jul 19 20:29:30 PDT 2021,53,295,1
1626791586399,Tue Jul 20 07:33:06 PDT 2021,53,296,1
1626798457768,Tue Jul 20 09:27:37 PDT 2021,53,298,1
1626907946058,Wed Jul 21 15:52:26 PDT 2021,53,299,1
1626910708698,Wed Jul 21 16:38:28 PDT 2021,53,300,1
1626918930701,Wed Jul 21 18:55:30 PDT 2021,53,301,1
1627000732350,Thu Jul 22 17:38:52 PDT 2021,53,302,1
1627002291075,Thu Jul 22 18:04:51 PDT 2021,53,303,1
1627007592063,Thu Jul 22 19:33:12 PDT 2021,53,304,1
1627008282426,Thu Jul 22 19:44:42 PDT 2021,53,305,-1
1627019948001,Thu Jul 22 22:59:08 PDT 2021,53,306,0
1627070195575,Fri Jul 23 12:56:35 PDT 2021,53,307,1
1627082434634,Fri Jul 23 16:20:34 PDT 2021,53,308,1
1627083580646,Fri Jul 23 16:39:40 PDT 2021,53,309,1
1627084956891,Fri Jul 23 17:02:36 PDT 2021,53,310,1
1627086428187,Fri Jul 23 17:27:08 PDT 2021,53,311,1
1627087659506,Fri Jul 23 17:47:39 PDT 2021,53,312,1
1627099468633,Fri Jul 23 21:04:28 PDT 2021,53,313,1
1627100446935,Fri Jul 23 21:20:46 PDT 2021,53,314,1
1627101406743,Fri Jul 23 21:36:46 PDT 2021,53,315,1
1627131472501,Sat Jul 24 05:57:52 PDT 2021,53,316,-1
1627162355624,Sat Jul 24 14:32:35 PDT 2021,53,317,1
1627186934867,Sat Jul 24 21:22:14 PDT 2021,53,318,1
1627191293929,Sat Jul 24 22:34:53 PDT 2021,53,319,1
1627404800781,Tue Jul 27 09:53:20 PDT 2021,53,321,1
1627407237026,Tue Jul 27 10:33:57 PDT 2021,53,322,1
1627409344154,Tue Jul 27 11:09:04 PDT 2021,53,323,1
1627414036889,Tue Jul 27 12:27:16 PDT 2021,53,324,1
1627414631919,Tue Jul 27 12:37:11 PDT 2021,53,325,1
1627424491396,Tue Jul 27 15:21:31 PDT 2021,53,326,1
1627439284195,Tue Jul 27 19:28:04 PDT 2021,53,327,1
1627451058632,Tue Jul 27 22:44:18 PDT 2021,53,328,1
1627451348158,Tue Jul 27 22:49:08 PDT 2021,53,329,1
1627451637214,Tue Jul 27 22:53:57 PDT 2021,53,330,1
1627501549514,Wed Jul 28 12:45:49 PDT 2021,53,332,1
1627503064787,Wed Jul 28 13:11:04 PDT 2021,53,333,1
1627503127149,Wed Jul 28 13:12:07 PDT 2021,53,334,1
1627503878387,Wed Jul 28 13:24:38 PDT 2021,53,335,1
1627503887747,Wed Jul 28 13:24:47 PDT 2021,53,335,0
1627503902400,Wed Jul 28 13:25:02 PDT 2021,53,335,1
1627504601187,Wed Jul 28 13:36:41 PDT 2021,53,336,1
1627504822483,Wed Jul 28 13:40:22 PDT 2021,53,337,1
1627505087977,Wed Jul 28 13:44:47 PDT 2021,53,338,1
1627505465439,Wed Jul 28 13:51:05 PDT 2021,53,339,1
1627506051608,Wed Jul 28 14:00:51 PDT 2021,53,340,1
1627506580033,Wed Jul 28 14:09:40 PDT 2021,53,341,1
1627506725913,Wed Jul 28 14:12:05 PDT 2021,53,342,1
1627508409016,Wed Jul 28 14:40:09 PDT 2021,53,343,1
1627508583066,Wed Jul 28 14:43:03 PDT 2021,53,344,1
1627508840674,Wed Jul 28 14:47:20 PDT 2021,53,345,1
1627509853874,Wed Jul 28 15:04:13 PDT 2021,53,346,1
1627510246126,Wed Jul 28 15:10:46 PDT 2021,53,347,1
1627514891008,Wed Jul 28 16:28:11 PDT 2021,53,348,1
1627515087746,Wed Jul 28 16:31:27 PDT 2021,53,349,0
1627515284766,Wed Jul 28 16:34:44 PDT 2021,53,350,-1
1627518127064,Wed Jul 28 17:22:07 PDT 2021,53,352,1
1627522349184,Wed Jul 28 18:32:29 PDT 2021,53,353,1
1627521572657,Wed Jul 28 18:19:32 PDT 2021,53,356,-1
1627528949725,Wed Jul 28 20:22:29 PDT 2021,53,357,-1
1627531451677,Wed Jul 28 21:04:11 PDT 2021,53,358,1
1627532133928,Wed Jul 28 21:15:33 PDT 2021,53,359,1
1627535224434,Wed Jul 28 22:07:04 PDT 2021,53,361,1
1627535364412,Wed Jul 28 22:09:24 PDT 2021,53,362,1
1627536425956,Wed Jul 28 22:27:05 PDT 2021,53,363,-1
1627543150603,Thu Jul 29 00:19:10 PDT 2021,53,364,1
1627543150629,Thu Jul 29 00:19:10 PDT 2021,53,364,1
1627567920665,Thu Jul 29 07:12:00 PDT 2021,53,365,1
1627573233199,Thu Jul 29 08:40:33 PDT 2021,53,366,1
1627577114667,Thu Jul 29 09:45:14 PDT 2021,53,367,1
1627577783054,Thu Jul 29 09:56:23 PDT 2021,53,368,1
1627577871794,Thu Jul 29 09:57:51 PDT 2021,53,369,1
1627579526857,Thu Jul 29 10:25:26 PDT 2021,53,370,1
1627583748625,Thu Jul 29 11:35:48 PDT 2021,53,371,1
1627585104300,Thu Jul 29 11:58:24 PDT 2021,53,372,0
1627586432315,Thu Jul 29 12:20:32 PDT 2021,53,373,1
1627595200545,Thu Jul 29 14:46:40 PDT 2021,53,375,1
1627607196184,Thu Jul 29 18:06:36 PDT 2021,53,376,-1
1627611759688,Thu Jul 29 19:22:39 PDT 2021,53,377,1
1627613574518,Thu Jul 29 19:52:54 PDT 2021,53,378,1
1627617952290,Thu Jul 29 21:05:52 PDT 2021,53,379,1
1627654797996,Fri Jul 30 07:19:57 PDT 2021,53,380,1
1627655831988,Fri Jul 30 07:37:11 PDT 2021,53,381,1
1627663547778,Fri Jul 30 09:45:47 PDT 2021,53,382,1
1627664892990,Fri Jul 30 10:08:12 PDT 2021,53,383,1
1627666269986,Fri Jul 30 10:31:09 PDT 2021,53,384,1
1627673645474,Fri Jul 30 12:34:05 PDT 2021,53,385,1
1627675172229,Fri Jul 30 12:59:32 PDT 2021,53,386,1
1627675525672,Fri Jul 30 13:05:25 PDT 2021,53,387,1
1627679983585,Fri Jul 30 14:19:43 PDT 2021,53,388,1
1627681259613,Fri Jul 30 14:40:59 PDT 2021,53,389,1
1627682227584,Fri Jul 30 14:57:07 PDT 2021,53,390,-1
1627683963126,Fri Jul 30 15:26:03 PDT 2021,53,391,1
1627684440507,Fri Jul 30 15:34:00 PDT 2021,53,392,1
1627685043042,Fri Jul 30 15:44:03 PDT 2021,53,393,1
1627685981867,Fri Jul 30 15:59:41 PDT 2021,53,394,1
1627689836358,Fri Jul 30 17:03:56 PDT 2021,53,395,1
1627701928033,Fri Jul 30 20:25:28 PDT 2021,53,396,1
1627752357112,Sat Jul 31 10:25:57 PDT 2021,53,397,1
1627752512935,Sat Jul 31 10:28:32 PDT 2021,53,398,1
1627756864670,Sat Jul 31 11:41:04 PDT 2021,53,399,0
1627759679630,Sat Jul 31 12:27:59 PDT 2021,53,400,1
1627769520121,Sat Jul 31 15:12:00 PDT 2021,53,401,1
1627771606465,Sat Jul 31 15:46:46 PDT 2021,53,402,1
1627775143545,Sat Jul 31 16:45:43 PDT 2021,53,403,1
1627837556462,Sun Aug 01 10:05:56 PDT 2021,53,404,1
1624994660450,Tue Jun 29 12:24:20 PDT 2021,54,0,1
1624917591442,Mon Jun 28 14:59:51 PDT 2021,54,1,1
1624924517548,Mon Jun 28 16:55:17 PDT 2021,54,2,-1
1624978146736,Tue Jun 29 07:49:06 PDT 2021,54,3,1
1624979916621,Tue Jun 29 08:18:36 PDT 2021,54,5,1
1624980706052,Tue Jun 29 08:31:46 PDT 2021,54,6,1
1624982908081,Tue Jun 29 09:08:28 PDT 2021,54,7,1
1624995176187,Tue Jun 29 12:32:56 PDT 2021,54,8,1
1624995200816,Tue Jun 29 12:33:20 PDT 2021,54,9,1
1624996988076,Tue Jun 29 13:03:08 PDT 2021,54,10,1
1624999099241,Tue Jun 29 13:38:19 PDT 2021,54,11,-1
1625000106030,Tue Jun 29 13:55:06 PDT 2021,54,12,1
1625000259754,Tue Jun 29 13:57:39 PDT 2021,54,13,1
1625002005265,Tue Jun 29 14:26:45 PDT 2021,54,14,1
1625003273739,Tue Jun 29 14:47:53 PDT 2021,54,15,1
1625003891624,Tue Jun 29 14:58:11 PDT 2021,54,16,1
1625007132125,Tue Jun 29 15:52:12 PDT 2021,54,17,1
1625007236728,Tue Jun 29 15:53:56 PDT 2021,54,18,1
1625008204525,Tue Jun 29 16:10:04 PDT 2021,54,19,1
1625008651529,Tue Jun 29 16:17:31 PDT 2021,54,21,1
1625008872322,Tue Jun 29 16:21:12 PDT 2021,54,22,1
1625008967908,Tue Jun 29 16:22:47 PDT 2021,54,23,0
1625019296627,Tue Jun 29 19:14:56 PDT 2021,54,24,-1
1625019679318,Tue Jun 29 19:21:19 PDT 2021,54,25,1
1625019728037,Tue Jun 29 19:22:08 PDT 2021,54,26,1
1625021627667,Tue Jun 29 19:53:47 PDT 2021,54,27,1
1625055337118,Wed Jun 30 05:15:37 PDT 2021,54,28,1
1625057709241,Wed Jun 30 05:55:09 PDT 2021,54,30,1
1625064248202,Wed Jun 30 07:44:08 PDT 2021,54,33,1
1625066167069,Wed Jun 30 08:16:07 PDT 2021,54,34,1
1625068144649,Wed Jun 30 08:49:04 PDT 2021,54,35,1
1625068633478,Wed Jun 30 08:57:13 PDT 2021,54,36,1
1625071327518,Wed Jun 30 09:42:07 PDT 2021,54,37,1
1625071814802,Wed Jun 30 09:50:14 PDT 2021,54,38,1
1625082212458,Wed Jun 30 12:43:32 PDT 2021,54,40,1
1625098940706,Wed Jun 30 17:22:20 PDT 2021,54,41,1
1625085847941,Wed Jun 30 13:44:07 PDT 2021,54,42,1
1625089368528,Wed Jun 30 14:42:48 PDT 2021,54,43,1
1625092053736,Wed Jun 30 15:27:33 PDT 2021,54,44,1
1625092816112,Wed Jun 30 15:40:16 PDT 2021,54,45,1
1625094793478,Wed Jun 30 16:13:13 PDT 2021,54,46,1
1625094920382,Wed Jun 30 16:15:20 PDT 2021,54,47,1
1625095712150,Wed Jun 30 16:28:32 PDT 2021,54,48,1
1625099023367,Wed Jun 30 17:23:43 PDT 2021,54,50,1
1625100857378,Wed Jun 30 17:54:17 PDT 2021,54,51,1
1625100856030,Wed Jun 30 17:54:16 PDT 2021,54,52,1
1625101186881,Wed Jun 30 17:59:46 PDT 2021,54,53,1
1625101231275,Wed Jun 30 18:00:31 PDT 2021,54,54,1
1625107902801,Wed Jun 30 19:51:42 PDT 2021,54,55,1
1625112118748,Wed Jun 30 21:01:58 PDT 2021,54,56,1
1625115837091,Wed Jun 30 22:03:57 PDT 2021,54,57,1
1625117159650,Wed Jun 30 22:25:59 PDT 2021,54,58,1
1625117655625,Wed Jun 30 22:34:15 PDT 2021,54,59,1
1625120634204,Wed Jun 30 23:23:54 PDT 2021,54,60,1
1625149937963,Thu Jul 01 07:32:17 PDT 2021,54,61,1
1625150945489,Thu Jul 01 07:49:05 PDT 2021,54,62,1
1625152853097,Thu Jul 01 08:20:53 PDT 2021,54,63,1
1625155339821,Thu Jul 01 09:02:19 PDT 2021,54,64,1
1625157786731,Thu Jul 01 09:43:06 PDT 2021,54,65,0
1625158674151,Thu Jul 01 09:57:54 PDT 2021,54,66,1
1625159000704,Thu Jul 01 10:03:20 PDT 2021,54,67,1
1625159360801,Thu Jul 01 10:09:20 PDT 2021,54,68,1
1625159746923,Thu Jul 01 10:15:46 PDT 2021,54,69,1
1625159898964,Thu Jul 01 10:18:18 PDT 2021,54,70,1
1625160747472,Thu Jul 01 10:32:27 PDT 2021,54,71,1
1625163067920,Thu Jul 01 11:11:07 PDT 2021,54,72,1
1625163218255,Thu Jul 01 11:13:38 PDT 2021,54,73,1
1625163632895,Thu Jul 01 11:20:32 PDT 2021,54,74,0
1625163846905,Thu Jul 01 11:24:06 PDT 2021,54,80,1
1625163945274,Thu Jul 01 11:25:45 PDT 2021,54,81,-1
1625163955020,Thu Jul 01 11:25:55 PDT 2021,54,82,1
1625163998160,Thu Jul 01 11:26:38 PDT 2021,54,83,1
1625164387360,Thu Jul 01 11:33:07 PDT 2021,54,84,1
1625164556633,Thu Jul 01 11:35:56 PDT 2021,54,85,1
1625165239491,Thu Jul 01 11:47:19 PDT 2021,54,86,1
1625165621518,Thu Jul 01 11:53:41 PDT 2021,54,87,1
1625165748940,Thu Jul 01 11:55:48 PDT 2021,54,88,1
1625165993189,Thu Jul 01 11:59:53 PDT 2021,54,90,1
1625168074361,Thu Jul 01 12:34:34 PDT 2021,54,92,-1
1625173328621,Thu Jul 01 14:02:08 PDT 2021,54,93,1
1625174355527,Thu Jul 01 14:19:15 PDT 2021,54,94,1
1625174667366,Thu Jul 01 14:24:27 PDT 2021,54,95,1
1625182604924,Thu Jul 01 16:36:44 PDT 2021,54,96,1
1625185370158,Thu Jul 01 17:22:50 PDT 2021,54,97,1
1625186529863,Thu Jul 01 17:42:09 PDT 2021,54,98,1
1625189729529,Thu Jul 01 18:35:29 PDT 2021,54,99,1
1625190038257,Thu Jul 01 18:40:38 PDT 2021,54,100,1
1625190520645,Thu Jul 01 18:48:40 PDT 2021,54,101,1
1625199503686,Thu Jul 01 21:18:23 PDT 2021,54,102,1
1625237957221,Fri Jul 02 07:59:17 PDT 2021,54,103,1
1625241043922,Fri Jul 02 08:50:43 PDT 2021,54,104,1
1625241616743,Fri Jul 02 09:00:16 PDT 2021,54,105,1
1625241744478,Fri Jul 02 09:02:24 PDT 2021,54,106,1
1625245339032,Fri Jul 02 10:02:19 PDT 2021,54,107,1
1625251329840,Fri Jul 02 11:42:09 PDT 2021,54,108,1
1625252361953,Fri Jul 02 11:59:21 PDT 2021,54,109,1
1625265187518,Fri Jul 02 15:33:07 PDT 2021,54,110,1
1625266103347,Fri Jul 02 15:48:23 PDT 2021,54,111,1
1625273913733,Fri Jul 02 17:58:33 PDT 2021,54,112,1
1625280251662,Fri Jul 02 19:44:11 PDT 2021,54,113,0
1625295383309,Fri Jul 02 23:56:23 PDT 2021,54,115,-1
1625320279654,Sat Jul 03 06:51:19 PDT 2021,54,116,-1
1625329012957,Sat Jul 03 09:16:52 PDT 2021,54,118,1
1625333227654,Sat Jul 03 10:27:07 PDT 2021,54,119,1
1625361764396,Sat Jul 03 18:22:44 PDT 2021,54,120,1
1625364339996,Sat Jul 03 19:05:39 PDT 2021,54,121,1
1625365160107,Sat Jul 03 19:19:20 PDT 2021,54,122,1
1625365547564,Sat Jul 03 19:25:47 PDT 2021,54,123,1
1625374459285,Sat Jul 03 21:54:19 PDT 2021,54,124,1
1625383687429,Sun Jul 04 00:28:07 PDT 2021,54,125,1
1625410066744,Sun Jul 04 07:47:46 PDT 2021,54,126,1
1625413280075,Sun Jul 04 08:41:20 PDT 2021,54,127,1
1625416029521,Sun Jul 04 09:27:09 PDT 2021,54,130,1
1625424087284,Sun Jul 04 11:41:27 PDT 2021,54,131,1
1625428723086,Sun Jul 04 12:58:43 PDT 2021,54,132,1
1625428756112,Sun Jul 04 12:59:16 PDT 2021,54,133,-1
1625435012754,Sun Jul 04 14:43:32 PDT 2021,54,135,1
1625435989978,Sun Jul 04 14:59:49 PDT 2021,54,136,1
1625436764037,Sun Jul 04 15:12:44 PDT 2021,54,137,1
1625451833317,Sun Jul 04 19:23:53 PDT 2021,54,141,1
1625454472196,Sun Jul 04 20:07:52 PDT 2021,54,142,1
1625460906794,Sun Jul 04 21:55:06 PDT 2021,54,144,1
1625461655564,Sun Jul 04 22:07:35 PDT 2021,54,145,1
1625543036459,Mon Jul 05 20:43:56 PDT 2021,54,146,1
1625495430129,Mon Jul 05 07:30:30 PDT 2021,54,147,1
1625528582003,Mon Jul 05 16:43:02 PDT 2021,54,148,1
1625593556549,Tue Jul 06 10:45:56 PDT 2021,54,151,1
1625597458686,Tue Jul 06 11:50:58 PDT 2021,54,152,1
1625597876938,Tue Jul 06 11:57:56 PDT 2021,54,153,1
1625601331299,Tue Jul 06 12:55:31 PDT 2021,54,154,1
1625611142568,Tue Jul 06 15:39:02 PDT 2021,54,155,1
1625626877875,Tue Jul 06 20:01:17 PDT 2021,54,156,1
1625635628773,Tue Jul 06 22:27:08 PDT 2021,54,157,1
1625671461487,Wed Jul 07 08:24:21 PDT 2021,54,158,1
1625672274175,Wed Jul 07 08:37:54 PDT 2021,54,159,1
1625672687198,Wed Jul 07 08:44:47 PDT 2021,54,160,1
1625674351888,Wed Jul 07 09:12:31 PDT 2021,54,161,1
1625674894675,Wed Jul 07 09:21:34 PDT 2021,54,162,1
1625676344021,Wed Jul 07 09:45:44 PDT 2021,54,163,1
1625677325246,Wed Jul 07 10:02:05 PDT 2021,54,165,1
1625677553867,Wed Jul 07 10:05:53 PDT 2021,54,166,1
1625677588144,Wed Jul 07 10:06:28 PDT 2021,54,167,1
1625677721981,Wed Jul 07 10:08:41 PDT 2021,54,168,1
1625677722179,Wed Jul 07 10:08:42 PDT 2021,54,168,1
1625678871310,Wed Jul 07 10:27:51 PDT 2021,54,169,1
1625686156215,Wed Jul 07 12:29:16 PDT 2021,54,170,1
1625689292481,Wed Jul 07 13:21:32 PDT 2021,54,171,0
1625690013056,Wed Jul 07 13:33:33 PDT 2021,54,172,1
1625692942935,Wed Jul 07 14:22:22 PDT 2021,54,173,1
1625693779880,Wed Jul 07 14:36:19 PDT 2021,54,174,1
1625694389446,Wed Jul 07 14:46:29 PDT 2021,54,176,1
1625694403522,Wed Jul 07 14:46:43 PDT 2021,54,177,-1
1625695190809,Wed Jul 07 14:59:50 PDT 2021,54,178,1
1625695472556,Wed Jul 07 15:04:32 PDT 2021,54,179,-1
1625696141755,Wed Jul 07 15:15:41 PDT 2021,54,180,1
1625696337174,Wed Jul 07 15:18:57 PDT 2021,54,181,1
1625697128374,Wed Jul 07 15:32:08 PDT 2021,54,182,1
1625697504318,Wed Jul 07 15:38:24 PDT 2021,54,183,1
1625699252264,Wed Jul 07 16:07:32 PDT 2021,54,184,1
1625699596868,Wed Jul 07 16:13:16 PDT 2021,54,186,1
1625699998226,Wed Jul 07 16:19:58 PDT 2021,54,187,1
1625700246022,Wed Jul 07 16:24:06 PDT 2021,54,188,0
1625702392487,Wed Jul 07 16:59:52 PDT 2021,54,189,1
1625706876639,Wed Jul 07 18:14:36 PDT 2021,54,191,0
1625709839578,Wed Jul 07 19:03:59 PDT 2021,54,193,1
1625710242913,Wed Jul 07 19:10:42 PDT 2021,54,194,1
1625714348832,Wed Jul 07 20:19:08 PDT 2021,54,195,1
1625722632725,Wed Jul 07 22:37:12 PDT 2021,54,196,-1
1625752498936,Thu Jul 08 06:54:58 PDT 2021,54,197,1
1625755282603,Thu Jul 08 07:41:22 PDT 2021,54,198,1
1625758758426,Thu Jul 08 08:39:18 PDT 2021,54,199,1
1625760031735,Thu Jul 08 09:00:31 PDT 2021,54,200,1
1625762301731,Thu Jul 08 09:38:21 PDT 2021,54,201,1
1625762604795,Thu Jul 08 09:43:24 PDT 2021,54,202,1
1625763281563,Thu Jul 08 09:54:41 PDT 2021,54,203,1
1625768093783,Thu Jul 08 11:14:53 PDT 2021,54,204,1
1625770178756,Thu Jul 08 11:49:38 PDT 2021,54,205,1
1625772333748,Thu Jul 08 12:25:33 PDT 2021,54,206,1
1625781447640,Thu Jul 08 14:57:27 PDT 2021,54,207,1
1625783582382,Thu Jul 08 15:33:02 PDT 2021,54,208,1
1625786090982,Thu Jul 08 16:14:50 PDT 2021,54,209,1
1625787133930,Thu Jul 08 16:32:13 PDT 2021,54,210,1
1625796167353,Thu Jul 08 19:02:47 PDT 2021,54,212,1
1625801453329,Thu Jul 08 20:30:53 PDT 2021,54,213,-1
1625805411547,Thu Jul 08 21:36:51 PDT 2021,54,214,1
1625844255071,Fri Jul 09 08:24:15 PDT 2021,54,215,1
1625852913569,Fri Jul 09 10:48:33 PDT 2021,54,216,1
1625855085040,Fri Jul 09 11:24:45 PDT 2021,54,217,1
1625863313716,Fri Jul 09 13:41:53 PDT 2021,54,218,1
1625867979155,Fri Jul 09 14:59:39 PDT 2021,54,219,1
1625889792762,Fri Jul 09 21:03:12 PDT 2021,54,221,0
1625920971024,Sat Jul 10 05:42:51 PDT 2021,54,223,1
1625921786440,Sat Jul 10 05:56:26 PDT 2021,54,224,1
1625926435963,Sat Jul 10 07:13:55 PDT 2021,54,225,0
1625928658147,Sat Jul 10 07:50:58 PDT 2021,54,226,1
1625932345790,Sat Jul 10 08:52:25 PDT 2021,54,227,1
1625939231755,Sat Jul 10 10:47:11 PDT 2021,54,228,1
1625957548970,Sat Jul 10 15:52:28 PDT 2021,54,230,1
1625961399615,Sat Jul 10 16:56:39 PDT 2021,54,231,1
1625964102365,Sat Jul 10 17:41:42 PDT 2021,54,232,1
1625971218920,Sat Jul 10 19:40:18 PDT 2021,54,233,1
1625982040948,Sat Jul 10 22:40:40 PDT 2021,54,234,1
1626008489816,Sun Jul 11 06:01:29 PDT 2021,54,235,1
1626011268269,Sun Jul 11 06:47:48 PDT 2021,54,236,1
1626014870864,Sun Jul 11 07:47:50 PDT 2021,54,237,1
1626015087382,Sun Jul 11 07:51:27 PDT 2021,54,238,1
1626016190805,Sun Jul 11 08:09:50 PDT 2021,54,239,1
1626027202752,Sun Jul 11 11:13:22 PDT 2021,54,240,1
1626029722538,Sun Jul 11 11:55:22 PDT 2021,54,241,1
1626029697212,Sun Jul 11 11:54:57 PDT 2021,54,242,1
1626033078556,Sun Jul 11 12:51:18 PDT 2021,54,243,1
1626041767738,Sun Jul 11 15:16:07 PDT 2021,54,245,0
1626050851542,Sun Jul 11 17:47:31 PDT 2021,54,246,1
1626055631936,Sun Jul 11 19:07:11 PDT 2021,54,247,1
1626062766399,Sun Jul 11 21:06:06 PDT 2021,54,248,1
1626096856302,Mon Jul 12 06:34:16 PDT 2021,54,249,1
1626097028728,Mon Jul 12 06:37:08 PDT 2021,54,250,-1
1626100713395,Mon Jul 12 07:38:33 PDT 2021,54,251,-1
1626103798573,Mon Jul 12 08:29:58 PDT 2021,54,252,1
1626160004571,Tue Jul 13 00:06:44 PDT 2021,54,255,1
1626184075021,Tue Jul 13 06:47:55 PDT 2021,54,256,1
1626197886769,Tue Jul 13 10:38:06 PDT 2021,54,257,1
1626204122516,Tue Jul 13 12:22:02 PDT 2021,54,258,1
1626204122819,Tue Jul 13 12:22:02 PDT 2021,54,258,1
1626227933040,Tue Jul 13 18:58:53 PDT 2021,54,259,1
1626213678049,Tue Jul 13 15:01:18 PDT 2021,54,260,1
1626215314023,Tue Jul 13 15:28:34 PDT 2021,54,261,1
1626218680639,Tue Jul 13 16:24:40 PDT 2021,54,262,0
1626220542357,Tue Jul 13 16:55:42 PDT 2021,54,263,1
1626234465185,Tue Jul 13 20:47:45 PDT 2021,54,264,-1
1626235242116,Tue Jul 13 21:00:42 PDT 2021,54,265,1
1626276020054,Wed Jul 14 08:20:20 PDT 2021,54,266,0
1626383167875,Thu Jul 15 14:06:07 PDT 2021,54,267,0
1626328175559,Wed Jul 14 22:49:35 PDT 2021,54,268,1
1626360284619,Thu Jul 15 07:44:44 PDT 2021,54,269,1
1626385485091,Thu Jul 15 14:44:45 PDT 2021,54,271,0
1626415287582,Thu Jul 15 23:01:27 PDT 2021,54,272,-1
1626455024732,Fri Jul 16 10:03:44 PDT 2021,54,273,-1
1626455192070,Fri Jul 16 10:06:32 PDT 2021,54,274,1
1626470858540,Fri Jul 16 14:27:38 PDT 2021,54,275,1
1626492507330,Fri Jul 16 20:28:27 PDT 2021,54,276,1
1626540234796,Sat Jul 17 09:43:54 PDT 2021,54,278,1
1626540343258,Sat Jul 17 09:45:43 PDT 2021,54,279,1
1626544845169,Sat Jul 17 11:00:45 PDT 2021,54,280,1
1626552219935,Sat Jul 17 13:03:39 PDT 2021,54,281,1
1626553268940,Sat Jul 17 13:21:08 PDT 2021,54,282,1
1626567921501,Sat Jul 17 17:25:21 PDT 2021,54,284,1
1626578010950,Sat Jul 17 20:13:30 PDT 2021,54,285,1
1626584456735,Sat Jul 17 22:00:56 PDT 2021,54,286,1
1626712758980,Mon Jul 19 09:39:18 PDT 2021,54,288,1
1626716228258,Mon Jul 19 10:37:08 PDT 2021,54,290,1
1626719663526,Mon Jul 19 11:34:23 PDT 2021,54,291,1
1626723792057,Mon Jul 19 12:43:12 PDT 2021,54,292,1
1626726256747,Mon Jul 19 13:24:16 PDT 2021,54,293,1
1626737210755,Mon Jul 19 16:26:50 PDT 2021,54,294,1
1626751810583,Mon Jul 19 20:30:10 PDT 2021,54,295,1
1626791605027,Tue Jul 20 07:33:25 PDT 2021,54,296,1
1626798412404,Tue Jul 20 09:26:52 PDT 2021,54,298,1
1626907972521,Wed Jul 21 15:52:52 PDT 2021,54,299,1
1626910707225,Wed Jul 21 16:38:27 PDT 2021,54,300,1
1626918951801,Wed Jul 21 18:55:51 PDT 2021,54,301,1
1627000792897,Thu Jul 22 17:39:52 PDT 2021,54,302,1
1627002286904,Thu Jul 22 18:04:46 PDT 2021,54,303,1
1627007672592,Thu Jul 22 19:34:32 PDT 2021,54,304,1
1627008303623,Thu Jul 22 19:45:03 PDT 2021,54,305,1
1627019953044,Thu Jul 22 22:59:13 PDT 2021,54,306,0
1627070197522,Fri Jul 23 12:56:37 PDT 2021,54,307,1
1627082344434,Fri Jul 23 16:19:04 PDT 2021,54,308,1
1627083578390,Fri Jul 23 16:39:38 PDT 2021,54,309,1
1627084986730,Fri Jul 23 17:03:06 PDT 2021,54,310,-1
1627086426157,Fri Jul 23 17:27:06 PDT 2021,54,311,1
1627087679587,Fri Jul 23 17:47:59 PDT 2021,54,312,1
1627099502272,Fri Jul 23 21:05:02 PDT 2021,54,313,1
1627100475989,Fri Jul 23 21:21:15 PDT 2021,54,314,1
1627101392264,Fri Jul 23 21:36:32 PDT 2021,54,315,1
1627131552875,Sat Jul 24 05:59:12 PDT 2021,54,316,1
1627162309954,Sat Jul 24 14:31:49 PDT 2021,54,317,1
1627186977292,Sat Jul 24 21:22:57 PDT 2021,54,318,1
1627191352174,Sat Jul 24 22:35:52 PDT 2021,54,319,1
1627404814483,Tue Jul 27 09:53:34 PDT 2021,54,321,-1
1627407222008,Tue Jul 27 10:33:42 PDT 2021,54,322,1
1627409533946,Tue Jul 27 11:12:13 PDT 2021,54,323,1
1627414622467,Tue Jul 27 12:37:02 PDT 2021,54,325,1
1627424682326,Tue Jul 27 15:24:42 PDT 2021,54,326,1
1627439289882,Tue Jul 27 19:28:09 PDT 2021,54,327,0
1627451072476,Tue Jul 27 22:44:32 PDT 2021,54,328,1
1627451437076,Tue Jul 27 22:50:37 PDT 2021,54,329,1
1627501555471,Wed Jul 28 12:45:55 PDT 2021,54,332,1
1627503058808,Wed Jul 28 13:10:58 PDT 2021,54,333,1
1627503153223,Wed Jul 28 13:12:33 PDT 2021,54,334,1
1627503865019,Wed Jul 28 13:24:25 PDT 2021,54,335,1
1627504594898,Wed Jul 28 13:36:34 PDT 2021,54,336,1
1627504812604,Wed Jul 28 13:40:12 PDT 2021,54,337,1
1627505454444,Wed Jul 28 13:50:54 PDT 2021,54,339,1
1627506054474,Wed Jul 28 14:00:54 PDT 2021,54,340,1
1627506578591,Wed Jul 28 14:09:38 PDT 2021,54,341,1
1627506789012,Wed Jul 28 14:13:09 PDT 2021,54,342,1
1627508405745,Wed Jul 28 14:40:05 PDT 2021,54,343,1
1627508632913,Wed Jul 28 14:43:52 PDT 2021,54,344,1
1627508774680,Wed Jul 28 14:46:14 PDT 2021,54,345,1
1627509870854,Wed Jul 28 15:04:30 PDT 2021,54,346,1
1627570904304,Thu Jul 29 08:01:44 PDT 2021,54,347,1
1627514947136,Wed Jul 28 16:29:07 PDT 2021,54,348,1
1627515011426,Wed Jul 28 16:30:11 PDT 2021,54,349,1
1627515282798,Wed Jul 28 16:34:42 PDT 2021,54,350,-1
1627517995572,Wed Jul 28 17:19:55 PDT 2021,54,352,1
1627522336236,Wed Jul 28 18:32:16 PDT 2021,54,353,1
1627521474849,Wed Jul 28 18:17:54 PDT 2021,54,356,-1
1627528965165,Wed Jul 28 20:22:45 PDT 2021,54,357,1
1627531473441,Wed Jul 28 21:04:33 PDT 2021,54,358,1
1627532125378,Wed Jul 28 21:15:25 PDT 2021,54,359,1
1627535135758,Wed Jul 28 22:05:35 PDT 2021,54,361,-1
1627535385099,Wed Jul 28 22:09:45 PDT 2021,54,362,1
1627536432145,Wed Jul 28 22:27:12 PDT 2021,54,363,1
1627542848309,Thu Jul 29 00:14:08 PDT 2021,54,364,1
1627568111880,Thu Jul 29 07:15:11 PDT 2021,54,365,1
1627573227108,Thu Jul 29 08:40:27 PDT 2021,54,366,1
1627577143999,Thu Jul 29 09:45:43 PDT 2021,54,367,1
1627577761016,Thu Jul 29 09:56:01 PDT 2021,54,368,1
1627577881276,Thu Jul 29 09:58:01 PDT 2021,54,369,1
1627579461075,Thu Jul 29 10:24:21 PDT 2021,54,370,1
1627583737022,Thu Jul 29 11:35:37 PDT 2021,54,371,1
1627585086979,Thu Jul 29 11:58:06 PDT 2021,54,372,1
1627586470729,Thu Jul 29 12:21:10 PDT 2021,54,373,-1
1627595213061,Thu Jul 29 14:46:53 PDT 2021,54,375,1
1627607259374,Thu Jul 29 18:07:39 PDT 2021,54,376,1
1627611768871,Thu Jul 29 19:22:48 PDT 2021,54,377,1
1627613485677,Thu Jul 29 19:51:25 PDT 2021,54,378,1
1627617923087,Thu Jul 29 21:05:23 PDT 2021,54,379,1
1627654870282,Fri Jul 30 07:21:10 PDT 2021,54,380,1
1627655787463,Fri Jul 30 07:36:27 PDT 2021,54,381,1
1627663555511,Fri Jul 30 09:45:55 PDT 2021,54,382,1
1627664874589,Fri Jul 30 10:07:54 PDT 2021,54,383,1
1627666348291,Fri Jul 30 10:32:28 PDT 2021,54,384,1
1627673647701,Fri Jul 30 12:34:07 PDT 2021,54,385,1
1627675170120,Fri Jul 30 12:59:30 PDT 2021,54,386,1
1627675562885,Fri Jul 30 13:06:02 PDT 2021,54,387,1
1627679990927,Fri Jul 30 14:19:50 PDT 2021,54,388,1
1627681221171,Fri Jul 30 14:40:21 PDT 2021,54,389,1
1627682223837,Fri Jul 30 14:57:03 PDT 2021,54,390,-1
1627683969635,Fri Jul 30 15:26:09 PDT 2021,54,391,1
1627684528561,Fri Jul 30 15:35:28 PDT 2021,54,392,1
1627685038221,Fri Jul 30 15:43:58 PDT 2021,54,393,1
1627685961479,Fri Jul 30 15:59:21 PDT 2021,54,394,1
1627689843654,Fri Jul 30 17:04:03 PDT 2021,54,395,1
1627701741207,Fri Jul 30 20:22:21 PDT 2021,54,396,1
1627752355277,Sat Jul 31 10:25:55 PDT 2021,54,397,1
1627752506969,Sat Jul 31 10:28:26 PDT 2021,54,398,1
1627756908930,Sat Jul 31 11:41:48 PDT 2021,54,399,0
1627759652642,Sat Jul 31 12:27:32 PDT 2021,54,400,1
1627769545316,Sat Jul 31 15:12:25 PDT 2021,54,401,1
1627771649118,Sat Jul 31 15:47:29 PDT 2021,54,402,1
1627775153608,Sat Jul 31 16:45:53 PDT 2021,54,403,1
1627837550865,Sun Aug 01 10:05:50 PDT 2021,54,404,1
1624994666543,Tue Jun 29 12:24:26 PDT 2021,55,0,-1
1624917380147,Mon Jun 28 14:56:20 PDT 2021,55,1,1
1624924521197,Mon Jun 28 16:55:21 PDT 2021,55,2,-1
1624978132482,Tue Jun 29 07:48:52 PDT 2021,55,3,1
1624978702649,Tue Jun 29 07:58:22 PDT 2021,55,4,1
1624979902930,Tue Jun 29 08:18:22 PDT 2021,55,5,1
1624980749808,Tue Jun 29 08:32:29 PDT 2021,55,6,1
1624982999877,Tue Jun 29 09:09:59 PDT 2021,55,7,1
1624995128973,Tue Jun 29 12:32:08 PDT 2021,55,8,1
1624995630346,Tue Jun 29 12:40:30 PDT 2021,55,9,1
1624996964926,Tue Jun 29 13:02:44 PDT 2021,55,10,1
1624999079095,Tue Jun 29 13:37:59 PDT 2021,55,11,-1
1625000108142,Tue Jun 29 13:55:08 PDT 2021,55,12,1
1625000233580,Tue Jun 29 13:57:13 PDT 2021,55,13,1
1625001948407,Tue Jun 29 14:25:48 PDT 2021,55,14,1
1625003213251,Tue Jun 29 14:46:53 PDT 2021,55,15,1
1625003948476,Tue Jun 29 14:59:08 PDT 2021,55,16,1
1625007110985,Tue Jun 29 15:51:50 PDT 2021,55,17,1
1625007232865,Tue Jun 29 15:53:52 PDT 2021,55,18,1
1625008227286,Tue Jun 29 16:10:27 PDT 2021,55,19,1
1625008646417,Tue Jun 29 16:17:26 PDT 2021,55,21,1
1625008846932,Tue Jun 29 16:20:46 PDT 2021,55,22,1
1625008969469,Tue Jun 29 16:22:49 PDT 2021,55,23,0
1625019264080,Tue Jun 29 19:14:24 PDT 2021,55,24,1
1625019691322,Tue Jun 29 19:21:31 PDT 2021,55,25,1
1625019626145,Tue Jun 29 19:20:26 PDT 2021,55,26,1
1625021502073,Tue Jun 29 19:51:42 PDT 2021,55,27,1
1625055315351,Wed Jun 30 05:15:15 PDT 2021,55,28,1
1625057729256,Wed Jun 30 05:55:29 PDT 2021,55,30,0
1625059682768,Wed Jun 30 06:28:02 PDT 2021,55,31,1
1625064244266,Wed Jun 30 07:44:04 PDT 2021,55,33,1
1625066205925,Wed Jun 30 08:16:45 PDT 2021,55,34,1
1625068087805,Wed Jun 30 08:48:07 PDT 2021,55,35,1
1625068781639,Wed Jun 30 08:59:41 PDT 2021,55,36,1
1625071346314,Wed Jun 30 09:42:26 PDT 2021,55,37,1
1625071730520,Wed Jun 30 09:48:50 PDT 2021,55,38,1
1625082192581,Wed Jun 30 12:43:12 PDT 2021,55,40,1
1625083140536,Wed Jun 30 12:59:00 PDT 2021,55,41,1
1625085852738,Wed Jun 30 13:44:12 PDT 2021,55,42,1
1625089507061,Wed Jun 30 14:45:07 PDT 2021,55,43,1
1625092049287,Wed Jun 30 15:27:29 PDT 2021,55,44,1
1625092786828,Wed Jun 30 15:39:46 PDT 2021,55,45,1
1625094761304,Wed Jun 30 16:12:41 PDT 2021,55,46,1
1625094894602,Wed Jun 30 16:14:54 PDT 2021,55,47,1
1625095739755,Wed Jun 30 16:28:59 PDT 2021,55,48,1
1625098944930,Wed Jun 30 17:22:24 PDT 2021,55,50,1
1625100858972,Wed Jun 30 17:54:18 PDT 2021,55,51,1
1625100872697,Wed Jun 30 17:54:32 PDT 2021,55,52,1
1625101180643,Wed Jun 30 17:59:40 PDT 2021,55,53,1
1625101233082,Wed Jun 30 18:00:33 PDT 2021,55,54,1
1625107845771,Wed Jun 30 19:50:45 PDT 2021,55,55,1
1625112093553,Wed Jun 30 21:01:33 PDT 2021,55,56,-1
1625115849900,Wed Jun 30 22:04:09 PDT 2021,55,57,1
1625117117130,Wed Jun 30 22:25:17 PDT 2021,55,58,1
1625117679022,Wed Jun 30 22:34:39 PDT 2021,55,59,1
1625120647473,Wed Jun 30 23:24:07 PDT 2021,55,60,1
1625149939702,Thu Jul 01 07:32:19 PDT 2021,55,61,1
1625150962484,Thu Jul 01 07:49:22 PDT 2021,55,62,1
1625152804978,Thu Jul 01 08:20:04 PDT 2021,55,63,1
1625155341718,Thu Jul 01 09:02:21 PDT 2021,55,64,1
1625157769664,Thu Jul 01 09:42:49 PDT 2021,55,65,0
1625158691191,Thu Jul 01 09:58:11 PDT 2021,55,66,1
1625159375942,Thu Jul 01 10:09:35 PDT 2021,55,68,1
1625159733413,Thu Jul 01 10:15:33 PDT 2021,55,69,1
1625159905114,Thu Jul 01 10:18:25 PDT 2021,55,70,1
1625160763000,Thu Jul 01 10:32:43 PDT 2021,55,71,1
1625163066265,Thu Jul 01 11:11:06 PDT 2021,55,72,1
1625163202034,Thu Jul 01 11:13:22 PDT 2021,55,73,1
1625163689537,Thu Jul 01 11:21:29 PDT 2021,55,74,0
1625163747258,Thu Jul 01 11:22:27 PDT 2021,55,75,0
1625163841009,Thu Jul 01 11:24:01 PDT 2021,55,80,1
1625163978743,Thu Jul 01 11:26:18 PDT 2021,55,82,1
1625164001589,Thu Jul 01 11:26:41 PDT 2021,55,83,1
1625164405929,Thu Jul 01 11:33:25 PDT 2021,55,84,1
1625164559054,Thu Jul 01 11:35:59 PDT 2021,55,85,1
1625165235865,Thu Jul 01 11:47:15 PDT 2021,55,86,1
1625165599815,Thu Jul 01 11:53:19 PDT 2021,55,87,1
1625165756038,Thu Jul 01 11:55:56 PDT 2021,55,88,1
1625165854712,Thu Jul 01 11:57:34 PDT 2021,55,89,1
1625165954110,Thu Jul 01 11:59:14 PDT 2021,55,90,1
1625168071562,Thu Jul 01 12:34:31 PDT 2021,55,92,-1
1625173331608,Thu Jul 01 14:02:11 PDT 2021,55,93,1
1625174347355,Thu Jul 01 14:19:07 PDT 2021,55,94,1
1625174675464,Thu Jul 01 14:24:35 PDT 2021,55,95,1
1625182602625,Thu Jul 01 16:36:42 PDT 2021,55,96,1
1625185176794,Thu Jul 01 17:19:36 PDT 2021,55,97,1
1625185894645,Thu Jul 01 17:31:34 PDT 2021,55,98,1
1625189724221,Thu Jul 01 18:35:24 PDT 2021,55,99,1
1625190054412,Thu Jul 01 18:40:54 PDT 2021,55,100,1
1625190790464,Thu Jul 01 18:53:10 PDT 2021,55,101,1
1625199508284,Thu Jul 01 21:18:28 PDT 2021,55,102,1
1625199526149,Thu Jul 01 21:18:46 PDT 2021,55,102,1
1625237946209,Fri Jul 02 07:59:06 PDT 2021,55,103,1
1625241067901,Fri Jul 02 08:51:07 PDT 2021,55,104,1
1625241618812,Fri Jul 02 09:00:18 PDT 2021,55,105,1
1625241740455,Fri Jul 02 09:02:20 PDT 2021,55,106,1
1625245308293,Fri Jul 02 10:01:48 PDT 2021,55,107,1
1625251387891,Fri Jul 02 11:43:07 PDT 2021,55,108,-1
1625252369627,Fri Jul 02 11:59:29 PDT 2021,55,109,1
1625265240847,Fri Jul 02 15:34:00 PDT 2021,55,110,1
1625266065120,Fri Jul 02 15:47:45 PDT 2021,55,111,1
1625273894289,Fri Jul 02 17:58:14 PDT 2021,55,112,1
1625281758040,Fri Jul 02 20:09:18 PDT 2021,55,113,0
1625295445833,Fri Jul 02 23:57:25 PDT 2021,55,115,-1
1625320273057,Sat Jul 03 06:51:13 PDT 2021,55,116,-1
1625322510962,Sat Jul 03 07:28:30 PDT 2021,55,117,1
1625329002295,Sat Jul 03 09:16:42 PDT 2021,55,118,1
1625333179823,Sat Jul 03 10:26:19 PDT 2021,55,119,1
1625361766629,Sat Jul 03 18:22:46 PDT 2021,55,120,1
1625364384983,Sat Jul 03 19:06:24 PDT 2021,55,121,1
1625365196992,Sat Jul 03 19:19:56 PDT 2021,55,122,1
1625365538800,Sat Jul 03 19:25:38 PDT 2021,55,123,1
1625374433723,Sat Jul 03 21:53:53 PDT 2021,55,124,1
1625383683585,Sun Jul 04 00:28:03 PDT 2021,55,125,1
1625410041479,Sun Jul 04 07:47:21 PDT 2021,55,126,1
1625413350566,Sun Jul 04 08:42:30 PDT 2021,55,127,1
1625416011036,Sun Jul 04 09:26:51 PDT 2021,55,130,1
1625424111323,Sun Jul 04 11:41:51 PDT 2021,55,131,1
1625428701083,Sun Jul 04 12:58:21 PDT 2021,55,132,1
1625428765484,Sun Jul 04 12:59:25 PDT 2021,55,133,-1
1625434935153,Sun Jul 04 14:42:15 PDT 2021,55,134,1
1625435186448,Sun Jul 04 14:46:26 PDT 2021,55,135,1
1625436028363,Sun Jul 04 15:00:28 PDT 2021,55,136,1
1625436771583,Sun Jul 04 15:12:51 PDT 2021,55,137,1
1625451841330,Sun Jul 04 19:24:01 PDT 2021,55,141,1
1625454445322,Sun Jul 04 20:07:25 PDT 2021,55,142,1
1625460918468,Sun Jul 04 21:55:18 PDT 2021,55,144,1
1625461690144,Sun Jul 04 22:08:10 PDT 2021,55,145,1
1625465152671,Sun Jul 04 23:05:52 PDT 2021,55,146,1
1625495380048,Mon Jul 05 07:29:40 PDT 2021,55,147,1
1625528592943,Mon Jul 05 16:43:12 PDT 2021,55,148,1
1625578840047,Tue Jul 06 06:40:40 PDT 2021,55,150,1
1625593516301,Tue Jul 06 10:45:16 PDT 2021,55,151,1
1625597465996,Tue Jul 06 11:51:05 PDT 2021,55,152,1
1625597882091,Tue Jul 06 11:58:02 PDT 2021,55,153,1
1625601305816,Tue Jul 06 12:55:05 PDT 2021,55,154,1
1625611153620,Tue Jul 06 15:39:13 PDT 2021,55,155,1
1625626890571,Tue Jul 06 20:01:30 PDT 2021,55,156,1
1625635642277,Tue Jul 06 22:27:22 PDT 2021,55,157,-1
1625671512465,Wed Jul 07 08:25:12 PDT 2021,55,158,1
1625672508636,Wed Jul 07 08:41:48 PDT 2021,55,159,1
1625672573109,Wed Jul 07 08:42:53 PDT 2021,55,160,1
1625674370505,Wed Jul 07 09:12:50 PDT 2021,55,161,1
1625674860873,Wed Jul 07 09:21:00 PDT 2021,55,162,1
1625676359696,Wed Jul 07 09:45:59 PDT 2021,55,163,1
1625676933834,Wed Jul 07 09:55:33 PDT 2021,55,164,1
1625677323077,Wed Jul 07 10:02:03 PDT 2021,55,165,1
1625677492478,Wed Jul 07 10:04:52 PDT 2021,55,166,1
1625677573996,Wed Jul 07 10:06:13 PDT 2021,55,167,1
1625677750402,Wed Jul 07 10:09:10 PDT 2021,55,168,1
1625678837266,Wed Jul 07 10:27:17 PDT 2021,55,169,1
1625686125093,Wed Jul 07 12:28:45 PDT 2021,55,170,1
1625689316827,Wed Jul 07 13:21:56 PDT 2021,55,171,0
1625690055996,Wed Jul 07 13:34:15 PDT 2021,55,172,1
1625692947504,Wed Jul 07 14:22:27 PDT 2021,55,173,1
1625693769378,Wed Jul 07 14:36:09 PDT 2021,55,174,1
1625694435005,Wed Jul 07 14:47:15 PDT 2021,55,176,1
1625694436234,Wed Jul 07 14:47:16 PDT 2021,55,177,1
1625695214001,Wed Jul 07 15:00:14 PDT 2021,55,178,1
1625695460705,Wed Jul 07 15:04:20 PDT 2021,55,179,-1
1625696083865,Wed Jul 07 15:14:43 PDT 2021,55,180,1
1625696338826,Wed Jul 07 15:18:58 PDT 2021,55,181,1
1625697110918,Wed Jul 07 15:31:50 PDT 2021,55,182,1
1625697518801,Wed Jul 07 15:38:38 PDT 2021,55,183,1
1625699222088,Wed Jul 07 16:07:02 PDT 2021,55,184,1
1625699412708,Wed Jul 07 16:10:12 PDT 2021,55,185,1
1625699618137,Wed Jul 07 16:13:38 PDT 2021,55,186,1
1625699992795,Wed Jul 07 16:19:52 PDT 2021,55,187,1
1625700247869,Wed Jul 07 16:24:07 PDT 2021,55,188,0
1625702467638,Wed Jul 07 17:01:07 PDT 2021,55,189,1
1625707015825,Wed Jul 07 18:16:55 PDT 2021,55,191,0
1625709771961,Wed Jul 07 19:02:51 PDT 2021,55,193,1
1625710174814,Wed Jul 07 19:09:34 PDT 2021,55,194,1
1625714413706,Wed Jul 07 20:20:13 PDT 2021,55,195,1
1625722612896,Wed Jul 07 22:36:52 PDT 2021,55,196,1
1625722613038,Wed Jul 07 22:36:53 PDT 2021,55,196,1
1625752463767,Thu Jul 08 06:54:23 PDT 2021,55,197,1
1625755280368,Thu Jul 08 07:41:20 PDT 2021,55,198,1
1625758699682,Thu Jul 08 08:38:19 PDT 2021,55,199,1
1625760012220,Thu Jul 08 09:00:12 PDT 2021,55,200,1
1625762322790,Thu Jul 08 09:38:42 PDT 2021,55,201,1
1625763286183,Thu Jul 08 09:54:46 PDT 2021,55,203,1
1625768106449,Thu Jul 08 11:15:06 PDT 2021,55,204,1
1625770158023,Thu Jul 08 11:49:18 PDT 2021,55,205,1
1625772292942,Thu Jul 08 12:24:52 PDT 2021,55,206,1
1625781376034,Thu Jul 08 14:56:16 PDT 2021,55,207,1
1625783512273,Thu Jul 08 15:31:52 PDT 2021,55,208,1
1625785959538,Thu Jul 08 16:12:39 PDT 2021,55,209,1
1625787127910,Thu Jul 08 16:32:07 PDT 2021,55,210,1
1625796163855,Thu Jul 08 19:02:43 PDT 2021,55,212,1
1625801341708,Thu Jul 08 20:29:01 PDT 2021,55,213,-1
1625805426051,Thu Jul 08 21:37:06 PDT 2021,55,214,1
1625844261041,Fri Jul 09 08:24:21 PDT 2021,55,215,1
1625851226151,Fri Jul 09 10:20:26 PDT 2021,55,216,1
1625855129847,Fri Jul 09 11:25:29 PDT 2021,55,217,0
1625863304868,Fri Jul 09 13:41:44 PDT 2021,55,218,1
1625867930058,Fri Jul 09 14:58:50 PDT 2021,55,219,1
1625921021165,Sat Jul 10 05:43:41 PDT 2021,55,223,-1
1625921793093,Sat Jul 10 05:56:33 PDT 2021,55,224,1
1625926425352,Sat Jul 10 07:13:45 PDT 2021,55,225,0
1625928643969,Sat Jul 10 07:50:43 PDT 2021,55,226,1
1625932388467,Sat Jul 10 08:53:08 PDT 2021,55,227,1
1625939280674,Sat Jul 10 10:48:00 PDT 2021,55,228,1
1625957541566,Sat Jul 10 15:52:21 PDT 2021,55,230,1
1625961419273,Sat Jul 10 16:56:59 PDT 2021,55,231,1
1625964206638,Sat Jul 10 17:43:26 PDT 2021,55,232,1
1625971268590,Sat Jul 10 19:41:08 PDT 2021,55,233,1
1625981945436,Sat Jul 10 22:39:05 PDT 2021,55,234,1
1626008483494,Sun Jul 11 06:01:23 PDT 2021,55,235,0
1626011283284,Sun Jul 11 06:48:03 PDT 2021,55,236,1
1626014877825,Sun Jul 11 07:47:57 PDT 2021,55,237,1
1626015063456,Sun Jul 11 07:51:03 PDT 2021,55,238,1
1626016188251,Sun Jul 11 08:09:48 PDT 2021,55,239,1
1626027218713,Sun Jul 11 11:13:38 PDT 2021,55,240,1
1626029778074,Sun Jul 11 11:56:18 PDT 2021,55,241,1
1626033127380,Sun Jul 11 12:52:07 PDT 2021,55,243,1
1626041765738,Sun Jul 11 15:16:05 PDT 2021,55,245,0
1626050848470,Sun Jul 11 17:47:28 PDT 2021,55,246,1
1626055724337,Sun Jul 11 19:08:44 PDT 2021,55,247,1
1626062797412,Sun Jul 11 21:06:37 PDT 2021,55,248,1
1626096879780,Mon Jul 12 06:34:39 PDT 2021,55,249,1
1626097020961,Mon Jul 12 06:37:00 PDT 2021,55,250,-1
1626100691883,Mon Jul 12 07:38:11 PDT 2021,55,251,1
1626103794058,Mon Jul 12 08:29:54 PDT 2021,55,252,1
1626160000885,Tue Jul 13 00:06:40 PDT 2021,55,255,-1
1626184053020,Tue Jul 13 06:47:33 PDT 2021,55,256,1
1626197885147,Tue Jul 13 10:38:05 PDT 2021,55,257,1
1626640980019,Sun Jul 18 13:43:00 PDT 2021,55,258,1
1626228067185,Tue Jul 13 19:01:07 PDT 2021,55,259,1
1626213682508,Tue Jul 13 15:01:22 PDT 2021,55,260,1
1626215312052,Tue Jul 13 15:28:32 PDT 2021,55,261,1
1626218725973,Tue Jul 13 16:25:25 PDT 2021,55,262,1
1626220584795,Tue Jul 13 16:56:24 PDT 2021,55,263,1
1626234507328,Tue Jul 13 20:48:27 PDT 2021,55,264,-1
1626235213778,Tue Jul 13 21:00:13 PDT 2021,55,265,1
1626275989114,Wed Jul 14 08:19:49 PDT 2021,55,266,0
1626383165791,Thu Jul 15 14:06:05 PDT 2021,55,267,0
1626328205621,Wed Jul 14 22:50:05 PDT 2021,55,268,-1
1626360364108,Thu Jul 15 07:46:04 PDT 2021,55,269,1
1626385474174,Thu Jul 15 14:44:34 PDT 2021,55,271,0
1626455020559,Fri Jul 16 10:03:40 PDT 2021,55,273,1
1626455244784,Fri Jul 16 10:07:24 PDT 2021,55,274,1
1626470828248,Fri Jul 16 14:27:08 PDT 2021,55,275,1
1626492447276,Fri Jul 16 20:27:27 PDT 2021,55,276,1
1626540292609,Sat Jul 17 09:44:52 PDT 2021,55,278,1
1626540325363,Sat Jul 17 09:45:25 PDT 2021,55,279,1
1626544819681,Sat Jul 17 11:00:19 PDT 2021,55,280,1
1626552203019,Sat Jul 17 13:03:23 PDT 2021,55,281,1
1626553230550,Sat Jul 17 13:20:30 PDT 2021,55,282,1
1626567916076,Sat Jul 17 17:25:16 PDT 2021,55,284,1
1626577989048,Sat Jul 17 20:13:09 PDT 2021,55,285,1
1626584458617,Sat Jul 17 22:00:58 PDT 2021,55,286,1
1626712761513,Mon Jul 19 09:39:21 PDT 2021,55,288,1
1626716245368,Mon Jul 19 10:37:25 PDT 2021,55,290,1
1626719688514,Mon Jul 19 11:34:48 PDT 2021,55,291,1
1626723872858,Mon Jul 19 12:44:32 PDT 2021,55,292,1
1626726272308,Mon Jul 19 13:24:32 PDT 2021,55,293,0
1626737257698,Mon Jul 19 16:27:37 PDT 2021,55,294,1
1626751777528,Mon Jul 19 20:29:37 PDT 2021,55,295,1
1626791588784,Tue Jul 20 07:33:08 PDT 2021,55,296,1
1626798423299,Tue Jul 20 09:27:03 PDT 2021,55,298,1
1626907948304,Wed Jul 21 15:52:28 PDT 2021,55,299,1
1626910686891,Wed Jul 21 16:38:06 PDT 2021,55,300,1
1626918958597,Wed Jul 21 18:55:58 PDT 2021,55,301,1
1627000722728,Thu Jul 22 17:38:42 PDT 2021,55,302,1
1627002303289,Thu Jul 22 18:05:03 PDT 2021,55,303,1
1627007589673,Thu Jul 22 19:33:09 PDT 2021,55,304,1
1627008242855,Thu Jul 22 19:44:02 PDT 2021,55,305,1
1627082391143,Fri Jul 23 16:19:51 PDT 2021,55,308,1
1627083567856,Fri Jul 23 16:39:27 PDT 2021,55,309,1
1627085003863,Fri Jul 23 17:03:23 PDT 2021,55,310,1
1627086434451,Fri Jul 23 17:27:14 PDT 2021,55,311,1
1627087662123,Fri Jul 23 17:47:42 PDT 2021,55,312,1
1627099483742,Fri Jul 23 21:04:43 PDT 2021,55,313,1
1627100462429,Fri Jul 23 21:21:02 PDT 2021,55,314,1
1627101383739,Fri Jul 23 21:36:23 PDT 2021,55,315,1
1627131568584,Sat Jul 24 05:59:28 PDT 2021,55,316,0
1627162363924,Sat Jul 24 14:32:43 PDT 2021,55,317,1
1627186997625,Sat Jul 24 21:23:17 PDT 2021,55,318,1
1627191284326,Sat Jul 24 22:34:44 PDT 2021,55,319,1
1627404845773,Tue Jul 27 09:54:05 PDT 2021,55,321,1
1627407204326,Tue Jul 27 10:33:24 PDT 2021,55,322,1
1627409328514,Tue Jul 27 11:08:48 PDT 2021,55,323,1
1627414653199,Tue Jul 27 12:37:33 PDT 2021,55,325,1
1627424672731,Tue Jul 27 15:24:32 PDT 2021,55,326,1
1627439275997,Tue Jul 27 19:27:55 PDT 2021,55,327,1
1627451122216,Tue Jul 27 22:45:22 PDT 2021,55,328,1
1627451406959,Tue Jul 27 22:50:06 PDT 2021,55,329,1
1627451639227,Tue Jul 27 22:53:59 PDT 2021,55,330,1
1627500186449,Wed Jul 28 12:23:06 PDT 2021,55,331,1
1627501548172,Wed Jul 28 12:45:48 PDT 2021,55,332,1
1627503048835,Wed Jul 28 13:10:48 PDT 2021,55,333,1
1627503115531,Wed Jul 28 13:11:55 PDT 2021,55,334,1
1627503926907,Wed Jul 28 13:25:26 PDT 2021,55,335,1
1627504582416,Wed Jul 28 13:36:22 PDT 2021,55,336,0
1627504804149,Wed Jul 28 13:40:04 PDT 2021,55,337,1
1627505089658,Wed Jul 28 13:44:49 PDT 2021,55,338,1
1627505456384,Wed Jul 28 13:50:56 PDT 2021,55,339,1
1627506059643,Wed Jul 28 14:00:59 PDT 2021,55,340,1
1627506574900,Wed Jul 28 14:09:34 PDT 2021,55,341,1
1627506736506,Wed Jul 28 14:12:16 PDT 2021,55,342,1
1627508407393,Wed Jul 28 14:40:07 PDT 2021,55,343,1
1627508635428,Wed Jul 28 14:43:55 PDT 2021,55,344,1
1627508808122,Wed Jul 28 14:46:48 PDT 2021,55,345,1
1627509877971,Wed Jul 28 15:04:37 PDT 2021,55,346,1
1627510242743,Wed Jul 28 15:10:42 PDT 2021,55,347,1
1627514939358,Wed Jul 28 16:28:59 PDT 2021,55,348,-1
1627514983327,Wed Jul 28 16:29:43 PDT 2021,55,349,0
1627515340879,Wed Jul 28 16:35:40 PDT 2021,55,350,-1
1627518152581,Wed Jul 28 17:22:32 PDT 2021,55,352,1
1627522346840,Wed Jul 28 18:32:26 PDT 2021,55,353,1
1627520273526,Wed Jul 28 17:57:53 PDT 2021,55,354,1
1627521471240,Wed Jul 28 18:17:51 PDT 2021,55,356,-1
1627528937067,Wed Jul 28 20:22:17 PDT 2021,55,357,1
1627531562705,Wed Jul 28 21:06:02 PDT 2021,55,358,1
1627532108237,Wed Jul 28 21:15:08 PDT 2021,55,359,1
1627532414403,Wed Jul 28 21:20:14 PDT 2021,55,360,1
1627535210188,Wed Jul 28 22:06:50 PDT 2021,55,361,1
1627535381709,Wed Jul 28 22:09:41 PDT 2021,55,362,1
1627536378956,Wed Jul 28 22:26:18 PDT 2021,55,363,-1
1627542876522,Thu Jul 29 00:14:36 PDT 2021,55,364,1
1627567917203,Thu Jul 29 07:11:57 PDT 2021,55,365,1
1627573219435,Thu Jul 29 08:40:19 PDT 2021,55,366,1
1627577117720,Thu Jul 29 09:45:17 PDT 2021,55,367,1
1627577765221,Thu Jul 29 09:56:05 PDT 2021,55,368,1
1627577885411,Thu Jul 29 09:58:05 PDT 2021,55,369,1
1627583734743,Thu Jul 29 11:35:34 PDT 2021,55,371,1
1627585085029,Thu Jul 29 11:58:05 PDT 2021,55,372,1
1627586425475,Thu Jul 29 12:20:25 PDT 2021,55,373,1
1627593541677,Thu Jul 29 14:19:01 PDT 2021,55,374,1
1627595316491,Thu Jul 29 14:48:36 PDT 2021,55,375,-1
1627607432955,Thu Jul 29 18:10:32 PDT 2021,55,376,-1
1627611780088,Thu Jul 29 19:23:00 PDT 2021,55,377,1
1627613522393,Thu Jul 29 19:52:02 PDT 2021,55,378,1
1627617920310,Thu Jul 29 21:05:20 PDT 2021,55,379,1
1627654775623,Fri Jul 30 07:19:35 PDT 2021,55,380,1
1627655926537,Fri Jul 30 07:38:46 PDT 2021,55,381,1
1627663549646,Fri Jul 30 09:45:49 PDT 2021,55,382,1
1627666369469,Fri Jul 30 10:32:49 PDT 2021,55,384,1
1627673653279,Fri Jul 30 12:34:13 PDT 2021,55,385,1
1627675270462,Fri Jul 30 13:01:10 PDT 2021,55,386,1
1627675549479,Fri Jul 30 13:05:49 PDT 2021,55,387,1
1627680019039,Fri Jul 30 14:20:19 PDT 2021,55,388,1
1627681261531,Fri Jul 30 14:41:01 PDT 2021,55,389,1
1627682229881,Fri Jul 30 14:57:09 PDT 2021,55,390,-1
1627683981503,Fri Jul 30 15:26:21 PDT 2021,55,391,1
1627684438811,Fri Jul 30 15:33:58 PDT 2021,55,392,1
1627685136801,Fri Jul 30 15:45:36 PDT 2021,55,393,1
1627685136809,Fri Jul 30 15:45:36 PDT 2021,55,393,1
1627686011541,Fri Jul 30 16:00:11 PDT 2021,55,394,1
1627689847859,Fri Jul 30 17:04:07 PDT 2021,55,395,1
1627701850702,Fri Jul 30 20:24:10 PDT 2021,55,396,1
1627752377310,Sat Jul 31 10:26:17 PDT 2021,55,397,1
1627752520005,Sat Jul 31 10:28:40 PDT 2021,55,398,1
1627756898952,Sat Jul 31 11:41:38 PDT 2021,55,399,0
1627759617432,Sat Jul 31 12:26:57 PDT 2021,55,400,1
1627769533835,Sat Jul 31 15:12:13 PDT 2021,55,401,1
1627771677013,Sat Jul 31 15:47:57 PDT 2021,55,402,1
1627775139663,Sat Jul 31 16:45:39 PDT 2021,55,403,1
1627837536365,Sun Aug 01 10:05:36 PDT 2021,55,404,1
1624995194607,Tue Jun 29 12:33:14 PDT 2021,56,0,1
1624917516391,Mon Jun 28 14:58:36 PDT 2021,56,1,1
1624924418631,Mon Jun 28 16:53:38 PDT 2021,56,2,0
1624978181641,Tue Jun 29 07:49:41 PDT 2021,56,3,0
1624980330184,Tue Jun 29 08:25:30 PDT 2021,56,5,-1
1624981006227,Tue Jun 29 08:36:46 PDT 2021,56,6,0
1624983214310,Tue Jun 29 09:13:34 PDT 2021,56,7,0
1624995906666,Tue Jun 29 12:45:06 PDT 2021,56,9,0
1624997177768,Tue Jun 29 13:06:17 PDT 2021,56,10,-1
1624999631528,Tue Jun 29 13:47:11 PDT 2021,56,11,0
1625000444943,Tue Jun 29 14:00:44 PDT 2021,56,12,1
1625000508823,Tue Jun 29 14:01:48 PDT 2021,56,13,-1
1625002326840,Tue Jun 29 14:32:06 PDT 2021,56,14,1
1625003424986,Tue Jun 29 14:50:24 PDT 2021,56,15,1
1625004051796,Tue Jun 29 15:00:51 PDT 2021,56,16,1
1625007373379,Tue Jun 29 15:56:13 PDT 2021,56,17,1
1625007540010,Tue Jun 29 15:59:00 PDT 2021,56,18,1
1625008295248,Tue Jun 29 16:11:35 PDT 2021,56,19,1
1625008879755,Tue Jun 29 16:21:19 PDT 2021,56,21,0
1625008864040,Tue Jun 29 16:21:04 PDT 2021,56,22,1
1625019613656,Tue Jun 29 19:20:13 PDT 2021,56,24,1
1625019843268,Tue Jun 29 19:24:03 PDT 2021,56,25,1
1625019879576,Tue Jun 29 19:24:39 PDT 2021,56,26,0
1625021795912,Tue Jun 29 19:56:35 PDT 2021,56,27,-1
1625055491991,Wed Jun 30 05:18:11 PDT 2021,56,28,0
1625057893809,Wed Jun 30 05:58:13 PDT 2021,56,30,1
1625064466238,Wed Jun 30 07:47:46 PDT 2021,56,33,1
1625066309943,Wed Jun 30 08:18:29 PDT 2021,56,34,1
1625068321230,Wed Jun 30 08:52:01 PDT 2021,56,35,1
1625068773558,Wed Jun 30 08:59:33 PDT 2021,56,36,1
1625071586600,Wed Jun 30 09:46:26 PDT 2021,56,37,1
1625072148405,Wed Jun 30 09:55:48 PDT 2021,56,38,0
1625082429559,Wed Jun 30 12:47:09 PDT 2021,56,40,0
1625099149728,Wed Jun 30 17:25:49 PDT 2021,56,41,-1
1625086620645,Wed Jun 30 13:57:00 PDT 2021,56,42,1
1625089793649,Wed Jun 30 14:49:53 PDT 2021,56,43,1
1625093052217,Wed Jun 30 15:44:12 PDT 2021,56,45,1
1625094900278,Wed Jun 30 16:15:00 PDT 2021,56,46,-1
1625095125578,Wed Jun 30 16:18:45 PDT 2021,56,47,0
1625096059075,Wed Jun 30 16:34:19 PDT 2021,56,48,-1
1625099195102,Wed Jun 30 17:26:35 PDT 2021,56,50,1
1625101052362,Wed Jun 30 17:57:32 PDT 2021,56,52,1
1625101702604,Wed Jun 30 18:08:22 PDT 2021,56,53,-1
1625101399482,Wed Jun 30 18:03:19 PDT 2021,56,54,0
1625107951265,Wed Jun 30 19:52:31 PDT 2021,56,55,1
1625115994900,Wed Jun 30 22:06:34 PDT 2021,56,57,0
1625117571572,Wed Jun 30 22:32:51 PDT 2021,56,58,0
1625117903622,Wed Jun 30 22:38:23 PDT 2021,56,59,1
1625150712531,Thu Jul 01 07:45:12 PDT 2021,56,61,1
1625151307798,Thu Jul 01 07:55:07 PDT 2021,56,62,0
1625154172932,Thu Jul 01 08:42:52 PDT 2021,56,63,0
1625155943667,Thu Jul 01 09:12:23 PDT 2021,56,64,-1
1625157832361,Thu Jul 01 09:43:52 PDT 2021,56,65,1
1625158773520,Thu Jul 01 09:59:33 PDT 2021,56,66,1
1625159757576,Thu Jul 01 10:15:57 PDT 2021,56,68,0
1625159930765,Thu Jul 01 10:18:50 PDT 2021,56,69,1
1625160106683,Thu Jul 01 10:21:46 PDT 2021,56,70,1
1625160860931,Thu Jul 01 10:34:20 PDT 2021,56,71,-1
1625163347065,Thu Jul 01 11:15:47 PDT 2021,56,73,-1
1625164888771,Thu Jul 01 11:41:28 PDT 2021,56,74,0
1625164069857,Thu Jul 01 11:27:49 PDT 2021,56,83,-1
1625164938233,Thu Jul 01 11:42:18 PDT 2021,56,85,-1
1625165318210,Thu Jul 01 11:48:38 PDT 2021,56,86,-1
1625168376134,Thu Jul 01 12:39:36 PDT 2021,56,92,0
1625173827021,Thu Jul 01 14:10:27 PDT 2021,56,93,1
1625175005967,Thu Jul 01 14:30:05 PDT 2021,56,94,0
1625179480710,Thu Jul 01 15:44:40 PDT 2021,56,95,1
1625182651000,Thu Jul 01 16:37:31 PDT 2021,56,96,0
1626133818732,Mon Jul 12 16:50:18 PDT 2021,56,98,-1
1625191525816,Thu Jul 01 19:05:25 PDT 2021,56,100,1
1625190929258,Thu Jul 01 18:55:29 PDT 2021,56,101,1
1625199910013,Thu Jul 01 21:25:10 PDT 2021,56,102,-1
1625238326138,Fri Jul 02 08:05:26 PDT 2021,56,103,-1
1625241450005,Fri Jul 02 08:57:30 PDT 2021,56,104,1
1625241614546,Fri Jul 02 09:00:14 PDT 2021,56,105,1
1625241810768,Fri Jul 02 09:03:30 PDT 2021,56,106,0
1625246328989,Fri Jul 02 10:18:48 PDT 2021,56,107,1
1625251494062,Fri Jul 02 11:44:54 PDT 2021,56,108,0
1625266825940,Fri Jul 02 16:00:25 PDT 2021,56,111,1
1625273891745,Fri Jul 02 17:58:11 PDT 2021,56,112,1
1625320298717,Sat Jul 03 06:51:38 PDT 2021,56,116,0
1625329180497,Sat Jul 03 09:19:40 PDT 2021,56,118,-1
1625333742758,Sat Jul 03 10:35:42 PDT 2021,56,119,-1
1625362002157,Sat Jul 03 18:26:42 PDT 2021,56,120,-1
1625364701581,Sat Jul 03 19:11:41 PDT 2021,56,121,-1
1625365739172,Sat Jul 03 19:28:59 PDT 2021,56,122,-1
1625366143012,Sat Jul 03 19:35:43 PDT 2021,56,123,1
1625375160727,Sat Jul 03 22:06:00 PDT 2021,56,124,1
1625384232411,Sun Jul 04 00:37:12 PDT 2021,56,125,1
1625410352871,Sun Jul 04 07:52:32 PDT 2021,56,126,1
1625414037039,Sun Jul 04 08:53:57 PDT 2021,56,127,0
1625424136218,Sun Jul 04 11:42:16 PDT 2021,56,131,0
1625429000317,Sun Jul 04 13:03:20 PDT 2021,56,132,1
1625428770523,Sun Jul 04 12:59:30 PDT 2021,56,133,1
1625435278071,Sun Jul 04 14:47:58 PDT 2021,56,135,1
1625436736856,Sun Jul 04 15:12:16 PDT 2021,56,136,1
1625437145698,Sun Jul 04 15:19:05 PDT 2021,56,137,0
1625452228681,Sun Jul 04 19:30:28 PDT 2021,56,141,1
1625454833717,Sun Jul 04 20:13:53 PDT 2021,56,142,1
1625461059607,Sun Jul 04 21:57:39 PDT 2021,56,144,1
1625461733403,Sun Jul 04 22:08:53 PDT 2021,56,145,1
1625495692243,Mon Jul 05 07:34:52 PDT 2021,56,147,0
1625593722444,Tue Jul 06 10:48:42 PDT 2021,56,151,1
1625597502946,Tue Jul 06 11:51:42 PDT 2021,56,152,1
1625598084814,Tue Jul 06 12:01:24 PDT 2021,56,153,1
1625611228454,Tue Jul 06 15:40:28 PDT 2021,56,155,1
1625627489668,Tue Jul 06 20:11:29 PDT 2021,56,156,0
1625635735260,Tue Jul 06 22:28:55 PDT 2021,56,157,1
1625672989339,Wed Jul 07 08:49:49 PDT 2021,56,160,0
1625674485297,Wed Jul 07 09:14:45 PDT 2021,56,161,0
1625674889436,Wed Jul 07 09:21:29 PDT 2021,56,162,0
1625676557543,Wed Jul 07 09:49:17 PDT 2021,56,163,0
1625678046451,Wed Jul 07 10:14:06 PDT 2021,56,166,0
1625677793301,Wed Jul 07 10:09:53 PDT 2021,56,168,1
1625686289464,Wed Jul 07 12:31:29 PDT 2021,56,170,0
1625693347283,Wed Jul 07 14:29:07 PDT 2021,56,173,1
1625693895055,Wed Jul 07 14:38:15 PDT 2021,56,174,1
1625694680476,Wed Jul 07 14:51:20 PDT 2021,56,177,0
1625695826864,Wed Jul 07 15:10:26 PDT 2021,56,178,1
1625696466426,Wed Jul 07 15:21:06 PDT 2021,56,181,1
1625698555560,Wed Jul 07 15:55:55 PDT 2021,56,183,0
1625699762365,Wed Jul 07 16:16:02 PDT 2021,56,184,1
1625700016627,Wed Jul 07 16:20:16 PDT 2021,56,186,0
1625700460757,Wed Jul 07 16:27:40 PDT 2021,56,187,1
1625700414721,Wed Jul 07 16:26:54 PDT 2021,56,188,0
1625702343915,Wed Jul 07 16:59:03 PDT 2021,56,189,-1
1625709719701,Wed Jul 07 19:01:59 PDT 2021,56,191,0
1625709982028,Wed Jul 07 19:06:22 PDT 2021,56,193,0
1625710773174,Wed Jul 07 19:19:33 PDT 2021,56,194,-1
1625722747494,Wed Jul 07 22:39:07 PDT 2021,56,196,0
1625752719641,Thu Jul 08 06:58:39 PDT 2021,56,197,0
1625755946818,Thu Jul 08 07:52:26 PDT 2021,56,198,0
1625758934671,Thu Jul 08 08:42:14 PDT 2021,56,199,1
1625760354604,Thu Jul 08 09:05:54 PDT 2021,56,200,1
1625762751931,Thu Jul 08 09:45:51 PDT 2021,56,201,0
1625763516489,Thu Jul 08 09:58:36 PDT 2021,56,203,-1
1625770539306,Thu Jul 08 11:55:39 PDT 2021,56,205,0
1625781521730,Thu Jul 08 14:58:41 PDT 2021,56,207,1
1625783923592,Thu Jul 08 15:38:43 PDT 2021,56,208,1
1625786448265,Thu Jul 08 16:20:48 PDT 2021,56,209,1
1625788512239,Thu Jul 08 16:55:12 PDT 2021,56,210,1
1625801680769,Thu Jul 08 20:34:40 PDT 2021,56,213,0
1625845424413,Fri Jul 09 08:43:44 PDT 2021,56,215,1
1625856049780,Fri Jul 09 11:40:49 PDT 2021,56,217,1
1625863543114,Fri Jul 09 13:45:43 PDT 2021,56,218,1
1625868176085,Fri Jul 09 15:02:56 PDT 2021,56,219,1
1625921035201,Sat Jul 10 05:43:55 PDT 2021,56,223,1
1625922159802,Sat Jul 10 06:02:39 PDT 2021,56,224,1
1625926557402,Sat Jul 10 07:15:57 PDT 2021,56,225,-1
1625929494691,Sat Jul 10 08:04:54 PDT 2021,56,226,-1
1625961492741,Sat Jul 10 16:58:12 PDT 2021,56,231,1
1625965009224,Sat Jul 10 17:56:49 PDT 2021,56,232,1
1625971614347,Sat Jul 10 19:46:54 PDT 2021,56,233,0
1625982387748,Sat Jul 10 22:46:27 PDT 2021,56,234,1
1626012597522,Sun Jul 11 07:09:57 PDT 2021,56,236,0
1626015239173,Sun Jul 11 07:53:59 PDT 2021,56,237,1
1626015587683,Sun Jul 11 07:59:47 PDT 2021,56,238,1
1626016222721,Sun Jul 11 08:10:22 PDT 2021,56,239,-1
1626027479913,Sun Jul 11 11:17:59 PDT 2021,56,240,1
1626031494257,Sun Jul 11 12:24:54 PDT 2021,56,241,0
1626033426684,Sun Jul 11 12:57:06 PDT 2021,56,243,0
1626055648855,Sun Jul 11 19:07:28 PDT 2021,56,247,1
1626063127642,Sun Jul 11 21:12:07 PDT 2021,56,248,1
1626096863203,Mon Jul 12 06:34:23 PDT 2021,56,249,0
1626097497981,Mon Jul 12 06:44:57 PDT 2021,56,250,0
1626160052953,Tue Jul 13 00:07:32 PDT 2021,56,255,1
1626184181032,Tue Jul 13 06:49:41 PDT 2021,56,256,1
1626197910524,Tue Jul 13 10:38:30 PDT 2021,56,257,0
1626641115056,Sun Jul 18 13:45:15 PDT 2021,56,258,-1
1626214190161,Tue Jul 13 15:09:50 PDT 2021,56,260,1
1626218714124,Tue Jul 13 16:25:14 PDT 2021,56,262,1
1626235383646,Tue Jul 13 21:03:03 PDT 2021,56,265,1
1626383753312,Thu Jul 15 14:15:53 PDT 2021,56,267,-1
1626360780852,Thu Jul 15 07:53:00 PDT 2021,56,269,0
1626386142349,Thu Jul 15 14:55:42 PDT 2021,56,271,0
1626455591695,Fri Jul 16 10:13:11 PDT 2021,56,274,0
1626471882563,Fri Jul 16 14:44:42 PDT 2021,56,275,1
1626492819693,Fri Jul 16 20:33:39 PDT 2021,56,276,0
1626540989843,Sat Jul 17 09:56:29 PDT 2021,56,278,1
1626540639394,Sat Jul 17 09:50:39 PDT 2021,56,279,1
1626545001625,Sat Jul 17 11:03:21 PDT 2021,56,280,-1
1626552411667,Sat Jul 17 13:06:51 PDT 2021,56,281,1
1626553655617,Sat Jul 17 13:27:35 PDT 2021,56,282,1
1626568175479,Sat Jul 17 17:29:35 PDT 2021,56,284,-1
1626578270178,Sat Jul 17 20:17:50 PDT 2021,56,285,1
1626584682582,Sat Jul 17 22:04:42 PDT 2021,56,286,-1
1626712892218,Mon Jul 19 09:41:32 PDT 2021,56,288,0
1626716523265,Mon Jul 19 10:42:03 PDT 2021,56,290,-1
1626720152629,Mon Jul 19 11:42:32 PDT 2021,56,291,0
1626724217441,Mon Jul 19 12:50:17 PDT 2021,56,292,0
1626737884743,Mon Jul 19 16:38:04 PDT 2021,56,294,1
1626752030766,Mon Jul 19 20:33:50 PDT 2021,56,295,1
1626791794639,Tue Jul 20 07:36:34 PDT 2021,56,296,1
1626799099857,Tue Jul 20 09:38:19 PDT 2021,56,298,1
1626909850145,Wed Jul 21 16:24:10 PDT 2021,56,299,0
1626965308617,Thu Jul 22 07:48:28 PDT 2021,56,300,0
1626919084689,Wed Jul 21 18:58:04 PDT 2021,56,301,1
1627001263383,Thu Jul 22 17:47:43 PDT 2021,56,302,1
1627002516691,Thu Jul 22 18:08:36 PDT 2021,56,303,-1
1627009005557,Thu Jul 22 19:56:45 PDT 2021,56,305,1
1627082508873,Fri Jul 23 16:21:48 PDT 2021,56,308,-1
1627084346957,Fri Jul 23 16:52:26 PDT 2021,56,309,-1
1627085022093,Fri Jul 23 17:03:42 PDT 2021,56,310,-1
1627086959334,Fri Jul 23 17:35:59 PDT 2021,56,311,-1
1627088004172,Fri Jul 23 17:53:24 PDT 2021,56,312,-1
1627099708456,Fri Jul 23 21:08:28 PDT 2021,56,313,-1
1627100565652,Fri Jul 23 21:22:45 PDT 2021,56,314,-1
1627101550527,Fri Jul 23 21:39:10 PDT 2021,56,315,-1
1627162973018,Sat Jul 24 14:42:53 PDT 2021,56,317,1
1627187557310,Sat Jul 24 21:32:37 PDT 2021,56,318,-1
1627191233846,Sat Jul 24 22:33:53 PDT 2021,56,319,-1
1627404923600,Tue Jul 27 09:55:23 PDT 2021,56,321,0
1627407784278,Tue Jul 27 10:43:04 PDT 2021,56,322,-1
1627414785591,Tue Jul 27 12:39:45 PDT 2021,56,325,-1
1627424572252,Tue Jul 27 15:22:52 PDT 2021,56,326,0
1627439396341,Tue Jul 27 19:29:56 PDT 2021,56,327,0
1627451239681,Tue Jul 27 22:47:19 PDT 2021,56,328,-1
1627451442611,Tue Jul 27 22:50:42 PDT 2021,56,329,-1
1627502675359,Wed Jul 28 13:04:35 PDT 2021,56,332,-1
1627503070490,Wed Jul 28 13:11:10 PDT 2021,56,333,-1
1627503142040,Wed Jul 28 13:12:22 PDT 2021,56,334,-1
1627504105987,Wed Jul 28 13:28:25 PDT 2021,56,335,0
1627504819684,Wed Jul 28 13:40:19 PDT 2021,56,337,-1
1627505484439,Wed Jul 28 13:51:24 PDT 2021,56,339,-1
1627506069329,Wed Jul 28 14:01:09 PDT 2021,56,340,-1
1627506611683,Wed Jul 28 14:10:11 PDT 2021,56,341,-1
1627508896471,Wed Jul 28 14:48:16 PDT 2021,56,343,-1
1627509048700,Wed Jul 28 14:50:48 PDT 2021,56,345,-1
1627515267858,Wed Jul 28 16:34:27 PDT 2021,56,348,1
1627518109297,Wed Jul 28 17:21:49 PDT 2021,56,352,0
1627523717970,Wed Jul 28 18:55:17 PDT 2021,56,353,1
1627521756583,Wed Jul 28 18:22:36 PDT 2021,56,356,1
1627529434498,Wed Jul 28 20:30:34 PDT 2021,56,357,-1
1627543431259,Thu Jul 29 00:23:51 PDT 2021,56,364,1
1627573235854,Thu Jul 29 08:40:35 PDT 2021,56,366,-1
1627578040951,Thu Jul 29 10:00:40 PDT 2021,56,368,1
1627582630725,Thu Jul 29 11:17:10 PDT 2021,56,369,-1
1627586561583,Thu Jul 29 12:22:41 PDT 2021,56,373,1
1627607944100,Thu Jul 29 18:19:04 PDT 2021,56,376,1
1627613529025,Thu Jul 29 19:52:09 PDT 2021,56,378,0
1627617991813,Thu Jul 29 21:06:31 PDT 2021,56,379,-1
1627655157795,Fri Jul 30 07:25:57 PDT 2021,56,380,1
1627656045533,Fri Jul 30 07:40:45 PDT 2021,56,381,1
1627663862778,Fri Jul 30 09:51:02 PDT 2021,56,382,-1
1627666729563,Fri Jul 30 10:38:49 PDT 2021,56,384,0
1627673901756,Fri Jul 30 12:38:21 PDT 2021,56,385,-1
1627675268125,Fri Jul 30 13:01:08 PDT 2021,56,386,0
1627681329486,Fri Jul 30 14:42:09 PDT 2021,56,388,0
1627681959734,Fri Jul 30 14:52:39 PDT 2021,56,389,1
1627684048486,Fri Jul 30 15:27:28 PDT 2021,56,391,-1
1627686066743,Fri Jul 30 16:01:06 PDT 2021,56,394,-1
1627702583167,Fri Jul 30 20:36:23 PDT 2021,56,396,0
1627752462315,Sat Jul 31 10:27:42 PDT 2021,56,397,-1
1627752603482,Sat Jul 31 10:30:03 PDT 2021,56,398,-1
1627770006116,Sat Jul 31 15:20:06 PDT 2021,56,401,0
1627771780113,Sat Jul 31 15:49:40 PDT 2021,56,402,-1
1627776901547,Sat Jul 31 17:15:01 PDT 2021,56,403,1
1627837862639,Sun Aug 01 10:11:02 PDT 2021,56,404,-1
1624994596463,Tue Jun 29 12:23:16 PDT 2021,57,0,-1
1624917598644,Mon Jun 28 14:59:58 PDT 2021,57,1,-1
1624924334635,Mon Jun 28 16:52:14 PDT 2021,57,2,1
1624978083477,Tue Jun 29 07:48:03 PDT 2021,57,3,-1
1624980209885,Tue Jun 29 08:23:29 PDT 2021,57,5,-1
1624980737784,Tue Jun 29 08:32:17 PDT 2021,57,6,-1
1624983086191,Tue Jun 29 09:11:26 PDT 2021,57,7,-1
1624995172011,Tue Jun 29 12:32:52 PDT 2021,57,8,-1
1624995836862,Tue Jun 29 12:43:56 PDT 2021,57,9,0
1624997153080,Tue Jun 29 13:05:53 PDT 2021,57,10,0
1624999299819,Tue Jun 29 13:41:39 PDT 2021,57,11,0
1625000190647,Tue Jun 29 13:56:30 PDT 2021,57,12,-1
1625000492984,Tue Jun 29 14:01:32 PDT 2021,57,13,0
1625002318134,Tue Jun 29 14:31:58 PDT 2021,57,14,-1
1625003469402,Tue Jun 29 14:51:09 PDT 2021,57,15,-1
1625005077759,Tue Jun 29 15:17:57 PDT 2021,57,16,-1
1625007126860,Tue Jun 29 15:52:06 PDT 2021,57,17,-1
1625007535673,Tue Jun 29 15:58:55 PDT 2021,57,18,-1
1625008586965,Tue Jun 29 16:16:26 PDT 2021,57,19,-1
1625009040789,Tue Jun 29 16:24:00 PDT 2021,57,21,-1
1625009269373,Tue Jun 29 16:27:49 PDT 2021,57,22,-1
1625020076300,Tue Jun 29 19:27:56 PDT 2021,57,24,-1
1625019939943,Tue Jun 29 19:25:39 PDT 2021,57,25,-1
1625020136329,Tue Jun 29 19:28:56 PDT 2021,57,26,-1
1625022141231,Tue Jun 29 20:02:21 PDT 2021,57,27,-1
1625055684102,Wed Jun 30 05:21:24 PDT 2021,57,28,-1
1625058162846,Wed Jun 30 06:02:42 PDT 2021,57,30,-1
1625065246734,Wed Jun 30 08:00:46 PDT 2021,57,33,-1
1625066634125,Wed Jun 30 08:23:54 PDT 2021,57,34,0
1625068617267,Wed Jun 30 08:56:57 PDT 2021,57,35,-1
1625069508665,Wed Jun 30 09:11:48 PDT 2021,57,36,-1
1625071904714,Wed Jun 30 09:51:44 PDT 2021,57,37,-1
1625072267516,Wed Jun 30 09:57:47 PDT 2021,57,38,-1
1625082608811,Wed Jun 30 12:50:08 PDT 2021,57,40,-1
1625099645432,Wed Jun 30 17:34:05 PDT 2021,57,41,-1
1625086752101,Wed Jun 30 13:59:12 PDT 2021,57,42,-1
1625090160714,Wed Jun 30 14:56:00 PDT 2021,57,43,-1
1625093194539,Wed Jun 30 15:46:34 PDT 2021,57,45,0
1625095381367,Wed Jun 30 16:23:01 PDT 2021,57,46,-1
1625095314173,Wed Jun 30 16:21:54 PDT 2021,57,47,-1
1625096457311,Wed Jun 30 16:40:57 PDT 2021,57,48,-1
1625099562569,Wed Jun 30 17:32:42 PDT 2021,57,50,-1
1625102976780,Wed Jun 30 18:29:36 PDT 2021,57,52,-1
1625101874149,Wed Jun 30 18:11:14 PDT 2021,57,53,1
1625101790592,Wed Jun 30 18:09:50 PDT 2021,57,54,0
1625108402119,Wed Jun 30 20:00:02 PDT 2021,57,55,-1
1625116528210,Wed Jun 30 22:15:28 PDT 2021,57,57,-1
1625118398895,Wed Jun 30 22:46:38 PDT 2021,57,59,0
1625151024234,Thu Jul 01 07:50:24 PDT 2021,57,61,0
1625152760693,Thu Jul 01 08:19:20 PDT 2021,57,62,-1
1625154645650,Thu Jul 01 08:50:45 PDT 2021,57,63,-1
1625156056161,Thu Jul 01 09:14:16 PDT 2021,57,64,0
1625158338630,Thu Jul 01 09:52:18 PDT 2021,57,65,-1
1625410965611,Sun Jul 04 08:02:45 PDT 2021,57,66,-1
1625160009359,Thu Jul 01 10:20:09 PDT 2021,57,68,-1
1625160390197,Thu Jul 01 10:26:30 PDT 2021,57,69,-1
1625168087773,Thu Jul 01 12:34:47 PDT 2021,57,70,-1
1625162873267,Thu Jul 01 11:07:53 PDT 2021,57,71,1
1625163693499,Thu Jul 01 11:21:33 PDT 2021,57,73,1
1625167029295,Thu Jul 01 12:17:09 PDT 2021,57,74,0
1625165211159,Thu Jul 01 11:46:51 PDT 2021,57,85,1
1625168935403,Thu Jul 01 12:48:55 PDT 2021,57,92,-1
1625175109537,Thu Jul 01 14:31:49 PDT 2021,57,94,0
1625179747054,Thu Jul 01 15:49:07 PDT 2021,57,95,-1
1625183157960,Thu Jul 01 16:45:57 PDT 2021,57,96,-1
1626145327477,Mon Jul 12 20:02:07 PDT 2021,57,98,1
1625191673705,Thu Jul 01 19:07:53 PDT 2021,57,100,-1
1625191341233,Thu Jul 01 19:02:21 PDT 2021,57,101,-1
1625200309091,Thu Jul 01 21:31:49 PDT 2021,57,102,-1
1625238457487,Fri Jul 02 08:07:37 PDT 2021,57,103,1
1625242033806,Fri Jul 02 09:07:13 PDT 2021,57,104,-1
1625242473111,Fri Jul 02 09:14:33 PDT 2021,57,106,0
1625245481765,Fri Jul 02 10:04:41 PDT 2021,57,107,-1
1625267085077,Fri Jul 02 16:04:45 PDT 2021,57,111,-1
1625275862097,Fri Jul 02 18:31:02 PDT 2021,57,112,-1
1625329717285,Sat Jul 03 09:28:37 PDT 2021,57,118,-1
1625334307815,Sat Jul 03 10:45:07 PDT 2021,57,119,-1
1625365079696,Sat Jul 03 19:17:59 PDT 2021,57,121,1
1625365643442,Sat Jul 03 19:27:23 PDT 2021,57,122,-1
1625366540235,Sat Jul 03 19:42:20 PDT 2021,57,123,-1
1625376329438,Sat Jul 03 22:25:29 PDT 2021,57,124,-1
1625415061964,Sun Jul 04 09:11:01 PDT 2021,57,127,-1
1625425142705,Sun Jul 04 11:59:02 PDT 2021,57,131,-1
1625429309839,Sun Jul 04 13:08:29 PDT 2021,57,132,-1
1625435363662,Sun Jul 04 14:49:23 PDT 2021,57,135,-1
1625436851358,Sun Jul 04 15:14:11 PDT 2021,57,136,-1
1625437432851,Sun Jul 04 15:23:52 PDT 2021,57,137,-1
1625452462141,Sun Jul 04 19:34:22 PDT 2021,57,141,-1
1625463400178,Sun Jul 04 22:36:40 PDT 2021,57,145,0
1625496845056,Mon Jul 05 07:54:05 PDT 2021,57,147,-1
1625594165325,Tue Jul 06 10:56:05 PDT 2021,57,151,-1
1625603043855,Tue Jul 06 13:24:03 PDT 2021,57,152,-1
1625614263419,Tue Jul 06 16:31:03 PDT 2021,57,153,-1
1625611906605,Tue Jul 06 15:51:46 PDT 2021,57,155,-1
1625627641584,Tue Jul 06 20:14:01 PDT 2021,57,156,-1
1625636074219,Tue Jul 06 22:34:34 PDT 2021,57,157,-1
1625673165516,Wed Jul 07 08:52:45 PDT 2021,57,160,0
1625675001922,Wed Jul 07 09:23:21 PDT 2021,57,161,-1
1625675349160,Wed Jul 07 09:29:09 PDT 2021,57,162,0
1625676588576,Wed Jul 07 09:49:48 PDT 2021,57,163,-1
1625678843090,Wed Jul 07 10:27:23 PDT 2021,57,166,-1
1625694398480,Wed Jul 07 14:46:38 PDT 2021,57,173,0
1625694374505,Wed Jul 07 14:46:14 PDT 2021,57,174,-1
1625696868877,Wed Jul 07 15:27:48 PDT 2021,57,181,-1
1625698907351,Wed Jul 07 16:01:47 PDT 2021,57,183,0
1625700231077,Wed Jul 07 16:23:51 PDT 2021,57,186,-1
1625700182985,Wed Jul 07 16:23:02 PDT 2021,57,187,-1
1625701017976,Wed Jul 07 16:36:57 PDT 2021,57,188,-1
1625703282799,Wed Jul 07 17:14:42 PDT 2021,57,189,1
1625710582399,Wed Jul 07 19:16:22 PDT 2021,57,193,1
1625711192512,Wed Jul 07 19:26:32 PDT 2021,57,194,-1
1625723244933,Wed Jul 07 22:47:24 PDT 2021,57,196,0
1625753213183,Thu Jul 08 07:06:53 PDT 2021,57,197,-1
1625772977954,Thu Jul 08 12:36:17 PDT 2021,57,198,0
1625759417476,Thu Jul 08 08:50:17 PDT 2021,57,199,-1
1625762970208,Thu Jul 08 09:49:30 PDT 2021,57,201,1
1625763897323,Thu Jul 08 10:04:57 PDT 2021,57,203,-1
1625770562853,Thu Jul 08 11:56:02 PDT 2021,57,205,-1
1625782398555,Thu Jul 08 15:13:18 PDT 2021,57,207,-1
1625784277018,Thu Jul 08 15:44:37 PDT 2021,57,208,-1
1625787135785,Thu Jul 08 16:32:15 PDT 2021,57,209,-1
1625845527629,Fri Jul 09 08:45:27 PDT 2021,57,215,-1
1625856211112,Fri Jul 09 11:43:31 PDT 2021,57,217,-1
1625865090416,Fri Jul 09 14:11:30 PDT 2021,57,218,-1
1625868682236,Fri Jul 09 15:11:22 PDT 2021,57,219,-1
1625921927104,Sat Jul 10 05:58:47 PDT 2021,57,223,-1
1625922674905,Sat Jul 10 06:11:14 PDT 2021,57,224,-1
1625930019730,Sat Jul 10 08:13:39 PDT 2021,57,226,-1
1625965971709,Sat Jul 10 18:12:51 PDT 2021,57,232,-1
1625982575806,Sat Jul 10 22:49:35 PDT 2021,57,234,-1
1626012838452,Sun Jul 11 07:13:58 PDT 2021,57,236,0
1626015680216,Sun Jul 11 08:01:20 PDT 2021,57,237,-1
1626015742043,Sun Jul 11 08:02:22 PDT 2021,57,238,-1
1626018887754,Sun Jul 11 08:54:47 PDT 2021,57,239,0
1626027430444,Sun Jul 11 11:17:10 PDT 2021,57,240,-1
1626032021938,Sun Jul 11 12:33:41 PDT 2021,57,241,0
1626034130319,Sun Jul 11 13:08:50 PDT 2021,57,243,-1
1626063896378,Sun Jul 11 21:24:56 PDT 2021,57,248,-1
1626097696025,Mon Jul 12 06:48:16 PDT 2021,57,250,0
1626160579313,Tue Jul 13 00:16:19 PDT 2021,57,255,0
1626184621581,Tue Jul 13 06:57:01 PDT 2021,57,256,-1
1626214536926,Tue Jul 13 15:15:36 PDT 2021,57,260,-1
1626298464629,Wed Jul 14 14:34:24 PDT 2021,57,265,-1
1626384372436,Thu Jul 15 14:26:12 PDT 2021,57,267,-1
1626386487246,Thu Jul 15 15:01:27 PDT 2021,57,271,-1
1626456329799,Fri Jul 16 10:25:29 PDT 2021,57,274,-1
1626472160447,Fri Jul 16 14:49:20 PDT 2021,57,275,-1
1626493187984,Fri Jul 16 20:39:47 PDT 2021,57,276,0
1626541281898,Sat Jul 17 10:01:21 PDT 2021,57,278,-1
1626546440190,Sat Jul 17 11:27:20 PDT 2021,57,280,0
1626552793256,Sat Jul 17 13:13:13 PDT 2021,57,281,-1
1626554159028,Sat Jul 17 13:35:59 PDT 2021,57,282,-1
1626571179643,Sat Jul 17 18:19:39 PDT 2021,57,284,-1
1626584924466,Sat Jul 17 22:08:44 PDT 2021,57,286,-1
1626713409596,Mon Jul 19 09:50:09 PDT 2021,57,288,-1
1626720768384,Mon Jul 19 11:52:48 PDT 2021,57,291,0
1626738081044,Mon Jul 19 16:41:21 PDT 2021,57,294,-1
1626752306842,Mon Jul 19 20:38:26 PDT 2021,57,295,0
1626792529802,Tue Jul 20 07:48:49 PDT 2021,57,296,1
1626798747199,Tue Jul 20 09:32:27 PDT 2021,57,298,-1
1626910346608,Wed Jul 21 16:32:26 PDT 2021,57,299,1
1626965454003,Thu Jul 22 07:50:54 PDT 2021,57,300,0
1627001627821,Thu Jul 22 17:53:47 PDT 2021,57,302,-1
1627002627341,Thu Jul 22 18:10:27 PDT 2021,57,303,1
1627009207318,Thu Jul 22 20:00:07 PDT 2021,57,305,-1
1627084310369,Fri Jul 23 16:51:50 PDT 2021,57,309,-1
1627085859412,Fri Jul 23 17:17:39 PDT 2021,57,310,1
1627087406896,Fri Jul 23 17:43:26 PDT 2021,57,311,1
1627088579832,Fri Jul 23 18:02:59 PDT 2021,57,312,1
1627100343683,Fri Jul 23 21:19:03 PDT 2021,57,313,1
1627101029579,Fri Jul 23 21:30:29 PDT 2021,57,314,1
1627102121532,Fri Jul 23 21:48:41 PDT 2021,57,315,1
1627163283430,Sat Jul 24 14:48:03 PDT 2021,57,317,-1
1627188077122,Sat Jul 24 21:41:17 PDT 2021,57,318,-1
1627191683714,Sat Jul 24 22:41:23 PDT 2021,57,319,-1
1627407723264,Tue Jul 27 10:42:03 PDT 2021,57,322,-1
1627699814195,Fri Jul 30 19:50:14 PDT 2021,57,326,0
1627505333349,Wed Jul 28 13:48:53 PDT 2021,57,337,-1
1627505745872,Wed Jul 28 13:55:45 PDT 2021,57,339,-1
1627508683459,Wed Jul 28 14:44:43 PDT 2021,57,343,1
1627515625699,Wed Jul 28 16:40:25 PDT 2021,57,348,-1
1627523331631,Wed Jul 28 18:48:51 PDT 2021,57,353,-1
1627522310786,Wed Jul 28 18:31:50 PDT 2021,57,356,-1
1627529015379,Wed Jul 28 20:23:35 PDT 2021,57,357,1
1627532121933,Wed Jul 28 21:15:21 PDT 2021,57,358,0
1627573684079,Thu Jul 29 08:48:04 PDT 2021,57,366,1
1627587354873,Thu Jul 29 12:35:54 PDT 2021,57,373,-1
1627608109342,Thu Jul 29 18:21:49 PDT 2021,57,376,0
1627613997187,Thu Jul 29 19:59:57 PDT 2021,57,378,0
1627655892859,Fri Jul 30 07:38:12 PDT 2021,57,380,-1
1627664196018,Fri Jul 30 09:56:36 PDT 2021,57,382,-1
1627668047938,Fri Jul 30 11:00:47 PDT 2021,57,384,-1
1627675949414,Fri Jul 30 13:12:29 PDT 2021,57,386,0
1627680865801,Fri Jul 30 14:34:25 PDT 2021,57,388,-1
1627683079631,Fri Jul 30 15:11:19 PDT 2021,57,389,-1
1627686262206,Fri Jul 30 16:04:22 PDT 2021,57,394,-1
1627703791385,Fri Jul 30 20:56:31 PDT 2021,57,396,-1
1627752441613,Sat Jul 31 10:27:21 PDT 2021,57,397,1
1627770849079,Sat Jul 31 15:34:09 PDT 2021,57,401,-1
1627772202878,Sat Jul 31 15:56:42 PDT 2021,57,402,-1
1627777351739,Sat Jul 31 17:22:31 PDT 2021,57,403,-1
1627838206143,Sun Aug 01 10:16:46 PDT 2021,57,404,-1
1624995987951,Tue Jun 29 12:46:27 PDT 2021,58,0,1
1624995855067,Tue Jun 29 12:44:15 PDT 2021,58,9,0
1624997075515,Tue Jun 29 13:04:35 PDT 2021,58,10,-1
1624999106419,Tue Jun 29 13:38:26 PDT 2021,58,11,0
1625000362923,Tue Jun 29 13:59:22 PDT 2021,58,12,1
1625000423647,Tue Jun 29 14:00:23 PDT 2021,58,13,-1
1625002124117,Tue Jun 29 14:28:44 PDT 2021,58,14,1
1625003387160,Tue Jun 29 14:49:47 PDT 2021,58,15,1
1625003775717,Tue Jun 29 14:56:15 PDT 2021,58,16,1
1625007311689,Tue Jun 29 15:55:11 PDT 2021,58,17,1
1625007266159,Tue Jun 29 15:54:26 PDT 2021,58,18,1
1625008251439,Tue Jun 29 16:10:51 PDT 2021,58,19,1
1625008657649,Tue Jun 29 16:17:37 PDT 2021,58,21,1
1625008950196,Tue Jun 29 16:22:30 PDT 2021,58,22,-1
1625019839470,Tue Jun 29 19:23:59 PDT 2021,58,24,1
1625019699391,Tue Jun 29 19:21:39 PDT 2021,58,25,1
1625019660363,Tue Jun 29 19:21:00 PDT 2021,58,26,1
1625021944564,Tue Jun 29 19:59:04 PDT 2021,58,27,1
1625055508744,Wed Jun 30 05:18:28 PDT 2021,58,28,1
1625057683331,Wed Jun 30 05:54:43 PDT 2021,58,30,1
1625064621411,Wed Jun 30 07:50:21 PDT 2021,58,33,1
1625066341627,Wed Jun 30 08:19:01 PDT 2021,58,34,1
1625068367862,Wed Jun 30 08:52:47 PDT 2021,58,35,1
1625069303726,Wed Jun 30 09:08:23 PDT 2021,58,36,1
1625071628172,Wed Jun 30 09:47:08 PDT 2021,58,37,1
1625071801266,Wed Jun 30 09:50:01 PDT 2021,58,38,0
1625082294608,Wed Jun 30 12:44:54 PDT 2021,58,40,1
1625099037722,Wed Jun 30 17:23:57 PDT 2021,58,41,0
1625085899404,Wed Jun 30 13:44:59 PDT 2021,58,42,1
1625089917398,Wed Jun 30 14:51:57 PDT 2021,58,43,-1
1625092189482,Wed Jun 30 15:29:49 PDT 2021,58,44,-1
1625093088255,Wed Jun 30 15:44:48 PDT 2021,58,45,0
1625095133352,Wed Jun 30 16:18:53 PDT 2021,58,46,-1
1625095268414,Wed Jun 30 16:21:08 PDT 2021,58,47,1
1625095876660,Wed Jun 30 16:31:16 PDT 2021,58,48,1
1625099140276,Wed Jun 30 17:25:40 PDT 2021,58,50,1
1625100934093,Wed Jun 30 17:55:34 PDT 2021,58,52,1
1625101827152,Wed Jun 30 18:10:27 PDT 2021,58,53,-1
1625101470877,Wed Jun 30 18:04:30 PDT 2021,58,54,1
1625108256893,Wed Jun 30 19:57:36 PDT 2021,58,55,1
1625116116468,Wed Jun 30 22:08:36 PDT 2021,58,57,0
1625117499121,Wed Jun 30 22:31:39 PDT 2021,58,58,1
1625117735190,Wed Jun 30 22:35:35 PDT 2021,58,59,1
1625150110316,Thu Jul 01 07:35:10 PDT 2021,58,61,1
1625151071650,Thu Jul 01 07:51:11 PDT 2021,58,62,-1
1625152999455,Thu Jul 01 08:23:19 PDT 2021,58,63,0
1625155337093,Thu Jul 01 09:02:17 PDT 2021,58,64,-1
1625157924249,Thu Jul 01 09:45:24 PDT 2021,58,65,0
1625410085881,Sun Jul 04 07:48:05 PDT 2021,58,66,1
1625159735934,Thu Jul 01 10:15:35 PDT 2021,58,68,1
1625160034868,Thu Jul 01 10:20:34 PDT 2021,58,69,-1
1625167794265,Thu Jul 01 12:29:54 PDT 2021,58,70,1
1625161461139,Thu Jul 01 10:44:21 PDT 2021,58,71,-1
1625163510045,Thu Jul 01 11:18:30 PDT 2021,58,73,-1
1625164411899,Thu Jul 01 11:33:31 PDT 2021,58,74,0
1625163878608,Thu Jul 01 11:24:38 PDT 2021,58,80,-1
1625164210676,Thu Jul 01 11:30:10 PDT 2021,58,83,-1
1625164612523,Thu Jul 01 11:36:52 PDT 2021,58,85,-1
1625165397653,Thu Jul 01 11:49:57 PDT 2021,58,86,-1
1625165633006,Thu Jul 01 11:53:53 PDT 2021,58,87,-1
1625168509885,Thu Jul 01 12:41:49 PDT 2021,58,92,1
1625173519754,Thu Jul 01 14:05:19 PDT 2021,58,93,1
1625174531083,Thu Jul 01 14:22:11 PDT 2021,58,94,-1
1625175081540,Thu Jul 01 14:31:21 PDT 2021,58,95,1
1625182980293,Thu Jul 01 16:43:00 PDT 2021,58,96,0
1625185459470,Thu Jul 01 17:24:19 PDT 2021,58,97,1
1626141111883,Mon Jul 12 18:51:51 PDT 2021,58,98,-1
1625189788972,Thu Jul 01 18:36:28 PDT 2021,58,99,-1
1625190153132,Thu Jul 01 18:42:33 PDT 2021,58,100,1
1625191087065,Thu Jul 01 18:58:07 PDT 2021,58,101,0
1625200026928,Thu Jul 01 21:27:06 PDT 2021,58,102,-1
1625238164478,Fri Jul 02 08:02:44 PDT 2021,58,103,-1
1625241239911,Fri Jul 02 08:53:59 PDT 2021,58,104,0
1625241670366,Fri Jul 02 09:01:10 PDT 2021,58,105,1
1625242186188,Fri Jul 02 09:09:46 PDT 2021,58,106,0
1625245458182,Fri Jul 02 10:04:18 PDT 2021,58,107,1
1625251603454,Fri Jul 02 11:46:43 PDT 2021,58,108,1
1625266179421,Fri Jul 02 15:49:39 PDT 2021,58,111,1
1625275584352,Fri Jul 02 18:26:24 PDT 2021,58,112,1
1625281820069,Fri Jul 02 20:10:20 PDT 2021,58,113,0
1625295614948,Sat Jul 03 00:00:14 PDT 2021,58,115,0
1625320343383,Sat Jul 03 06:52:23 PDT 2021,58,116,0
1625329232855,Sat Jul 03 09:20:32 PDT 2021,58,118,-1
1625333505954,Sat Jul 03 10:31:45 PDT 2021,58,119,1
1625362077837,Sat Jul 03 18:27:57 PDT 2021,58,120,1
1625364741639,Sat Jul 03 19:12:21 PDT 2021,58,121,-1
1625365270841,Sat Jul 03 19:21:10 PDT 2021,58,122,-1
1625366505148,Sat Jul 03 19:41:45 PDT 2021,58,123,1
1625375898526,Sat Jul 03 22:18:18 PDT 2021,58,124,1
1625383964367,Sun Jul 04 00:32:44 PDT 2021,58,125,1
1625410093387,Sun Jul 04 07:48:13 PDT 2021,58,126,1
1625413685819,Sun Jul 04 08:48:05 PDT 2021,58,127,0
1625424243794,Sun Jul 04 11:44:03 PDT 2021,58,131,1
1625428714447,Sun Jul 04 12:58:34 PDT 2021,58,132,1
1625435384974,Sun Jul 04 14:49:44 PDT 2021,58,135,1
1625435937162,Sun Jul 04 14:58:57 PDT 2021,58,136,1
1625436760156,Sun Jul 04 15:12:40 PDT 2021,58,137,0
1625451907819,Sun Jul 04 19:25:07 PDT 2021,58,141,1
1625454623436,Sun Jul 04 20:10:23 PDT 2021,58,142,1
1625462790139,Sun Jul 04 22:26:30 PDT 2021,58,145,1
1625496304548,Mon Jul 05 07:45:04 PDT 2021,58,147,1
1625528782081,Mon Jul 05 16:46:22 PDT 2021,58,148,0
1625594003280,Tue Jul 06 10:53:23 PDT 2021,58,151,1
1625602547386,Tue Jul 06 13:15:47 PDT 2021,58,152,1
1625613314783,Tue Jul 06 16:15:14 PDT 2021,58,153,1
1625611547391,Tue Jul 06 15:45:47 PDT 2021,58,155,0
1625627046984,Tue Jul 06 20:04:06 PDT 2021,58,156,-1
1625635679599,Tue Jul 06 22:27:59 PDT 2021,58,157,-1
1625672843321,Wed Jul 07 08:47:23 PDT 2021,58,160,0
1625674481712,Wed Jul 07 09:14:41 PDT 2021,58,161,1
1625675341388,Wed Jul 07 09:29:01 PDT 2021,58,162,1
1625676635296,Wed Jul 07 09:50:35 PDT 2021,58,163,1
1625677364823,Wed Jul 07 10:02:44 PDT 2021,58,165,0
1625678626037,Wed Jul 07 10:23:46 PDT 2021,58,166,1
1625677738699,Wed Jul 07 10:08:58 PDT 2021,58,168,1
1625686261139,Wed Jul 07 12:31:01 PDT 2021,58,170,0
1625693643198,Wed Jul 07 14:34:03 PDT 2021,58,173,0
1625694058466,Wed Jul 07 14:40:58 PDT 2021,58,174,1
1625694771884,Wed Jul 07 14:52:51 PDT 2021,58,177,1
1625696503304,Wed Jul 07 15:21:43 PDT 2021,58,180,1
1625696519983,Wed Jul 07 15:21:59 PDT 2021,58,181,1
1625698526054,Wed Jul 07 15:55:26 PDT 2021,58,183,0
1625699546779,Wed Jul 07 16:12:26 PDT 2021,58,184,1
1625699623378,Wed Jul 07 16:13:43 PDT 2021,58,186,0
1625700455300,Wed Jul 07 16:27:35 PDT 2021,58,187,1
1625700740706,Wed Jul 07 16:32:20 PDT 2021,58,188,1
1625702968289,Wed Jul 07 17:09:28 PDT 2021,58,189,-1
1625707385190,Wed Jul 07 18:23:05 PDT 2021,58,191,0
1625709843896,Wed Jul 07 19:04:03 PDT 2021,58,193,1
1625710411395,Wed Jul 07 19:13:31 PDT 2021,58,194,0
1625722834643,Wed Jul 07 22:40:34 PDT 2021,58,196,0
1625752998663,Thu Jul 08 07:03:18 PDT 2021,58,197,1
1625756075826,Thu Jul 08 07:54:35 PDT 2021,58,198,1
1625759464862,Thu Jul 08 08:51:04 PDT 2021,58,199,1
1625760200520,Thu Jul 08 09:03:20 PDT 2021,58,200,1
1625762448535,Thu Jul 08 09:40:48 PDT 2021,58,201,-1
1625763483610,Thu Jul 08 09:58:03 PDT 2021,58,203,1
1625770352442,Thu Jul 08 11:52:32 PDT 2021,58,205,0
1625781575194,Thu Jul 08 14:59:35 PDT 2021,58,207,1
1625783763487,Thu Jul 08 15:36:03 PDT 2021,58,208,1
1625786239845,Thu Jul 08 16:17:19 PDT 2021,58,209,1
1625788698148,Thu Jul 08 16:58:18 PDT 2021,58,210,0
1625796437449,Thu Jul 08 19:07:17 PDT 2021,58,212,0
1625801677118,Thu Jul 08 20:34:37 PDT 2021,58,213,0
1625842296548,Fri Jul 09 07:51:36 PDT 2021,58,214,1
1625844251834,Fri Jul 09 08:24:11 PDT 2021,58,215,1
1625855652733,Fri Jul 09 11:34:12 PDT 2021,58,217,1
1625863344070,Fri Jul 09 13:42:24 PDT 2021,58,218,0
1625868127570,Fri Jul 09 15:02:07 PDT 2021,58,219,0
1625921215880,Sat Jul 10 05:46:55 PDT 2021,58,223,1
1625921902396,Sat Jul 10 05:58:22 PDT 2021,58,224,1
1625928669956,Sat Jul 10 07:51:09 PDT 2021,58,226,1
1625937953924,Sat Jul 10 10:25:53 PDT 2021,58,227,0
1625939524557,Sat Jul 10 10:52:04 PDT 2021,58,228,0
1625961512226,Sat Jul 10 16:58:32 PDT 2021,58,231,1
1625965069793,Sat Jul 10 17:57:49 PDT 2021,58,232,1
1625971646403,Sat Jul 10 19:47:26 PDT 2021,58,233,1
1625981986979,Sat Jul 10 22:39:46 PDT 2021,58,234,-1
1626012003586,Sun Jul 11 07:00:03 PDT 2021,58,236,0
1626014979107,Sun Jul 11 07:49:39 PDT 2021,58,237,1
1626015442336,Sun Jul 11 07:57:22 PDT 2021,58,238,1
1626018154657,Sun Jul 11 08:42:34 PDT 2021,58,239,-1
1626027526636,Sun Jul 11 11:18:46 PDT 2021,58,240,1
1626029824664,Sun Jul 11 11:57:04 PDT 2021,58,241,1
1626033359406,Sun Jul 11 12:55:59 PDT 2021,58,243,0
1626063221238,Sun Jul 11 21:13:41 PDT 2021,58,248,1
1626097080874,Mon Jul 12 06:38:00 PDT 2021,58,249,0
1626097117618,Mon Jul 12 06:38:37 PDT 2021,58,250,0
1626101097507,Mon Jul 12 07:44:57 PDT 2021,58,251,1
1626160058860,Tue Jul 13 00:07:38 PDT 2021,58,255,-1
1626184044060,Tue Jul 13 06:47:24 PDT 2021,58,256,1
1626198192919,Tue Jul 13 10:43:12 PDT 2021,58,257,-1
1626641157683,Sun Jul 18 13:45:57 PDT 2021,58,258,-1
1626228081222,Tue Jul 13 19:01:21 PDT 2021,58,259,1
1626213742917,Tue Jul 13 15:02:22 PDT 2021,58,260,1
1626215421457,Tue Jul 13 15:30:21 PDT 2021,58,261,-1
1626220952261,Tue Jul 13 17:02:32 PDT 2021,58,263,-1
1626235406104,Tue Jul 13 21:03:26 PDT 2021,58,265,1
1626276068380,Wed Jul 14 08:21:08 PDT 2021,58,266,0
1626383931858,Thu Jul 15 14:18:51 PDT 2021,58,267,0
1626360394202,Thu Jul 15 07:46:34 PDT 2021,58,269,1
1626385761533,Thu Jul 15 14:49:21 PDT 2021,58,271,1
1626455429448,Fri Jul 16 10:10:29 PDT 2021,58,274,1
1626470889655,Fri Jul 16 14:28:09 PDT 2021,58,275,1
1626492964753,Fri Jul 16 20:36:04 PDT 2021,58,276,0
1626540540244,Sat Jul 17 09:49:00 PDT 2021,58,278,1
1626540702943,Sat Jul 17 09:51:42 PDT 2021,58,279,1
1626545486654,Sat Jul 17 11:11:26 PDT 2021,58,280,0
1626552468369,Sat Jul 17 13:07:48 PDT 2021,58,281,1
1626553334894,Sat Jul 17 13:22:14 PDT 2021,58,282,1
1626571057527,Sat Jul 17 18:17:37 PDT 2021,58,284,1
1626578180890,Sat Jul 17 20:16:20 PDT 2021,58,285,1
1626584762130,Sat Jul 17 22:06:02 PDT 2021,58,286,-1
1626712852291,Mon Jul 19 09:40:52 PDT 2021,58,288,1
1626716263169,Mon Jul 19 10:37:43 PDT 2021,58,290,-1
1626719719663,Mon Jul 19 11:35:19 PDT 2021,58,291,-1
1626723850616,Mon Jul 19 12:44:10 PDT 2021,58,292,1
1626737360448,Mon Jul 19 16:29:20 PDT 2021,58,294,1
1626752152056,Mon Jul 19 20:35:52 PDT 2021,58,295,1
1626791941012,Tue Jul 20 07:39:01 PDT 2021,58,296,0
1626798881263,Tue Jul 20 09:34:41 PDT 2021,58,298,1
1626908657746,Wed Jul 21 16:04:17 PDT 2021,58,299,1
1626910720574,Wed Jul 21 16:38:40 PDT 2021,58,300,0
1626919322424,Wed Jul 21 19:02:02 PDT 2021,58,301,1
1627001387753,Thu Jul 22 17:49:47 PDT 2021,58,302,1
1627002441113,Thu Jul 22 18:07:21 PDT 2021,58,303,-1
1627008370010,Thu Jul 22 19:46:10 PDT 2021,58,305,1
1627082432424,Fri Jul 23 16:20:32 PDT 2021,58,308,-1
1627083826644,Fri Jul 23 16:43:46 PDT 2021,58,309,1
1627085425949,Fri Jul 23 17:10:25 PDT 2021,58,310,-1
1627086563703,Fri Jul 23 17:29:23 PDT 2021,58,311,-1
1627087712414,Fri Jul 23 17:48:32 PDT 2021,58,312,-1
1627099700967,Fri Jul 23 21:08:20 PDT 2021,58,313,-1
1627100895912,Fri Jul 23 21:28:15 PDT 2021,58,314,1
1627101749293,Fri Jul 23 21:42:29 PDT 2021,58,315,1
1627162438627,Sat Jul 24 14:33:58 PDT 2021,58,317,1
1627187840493,Sat Jul 24 21:37:20 PDT 2021,58,318,-1
1627191809588,Sat Jul 24 22:43:29 PDT 2021,58,319,-1
1627407334439,Tue Jul 27 10:35:34 PDT 2021,58,322,-1
1627414808820,Tue Jul 27 12:40:08 PDT 2021,58,325,-1
1627425788091,Tue Jul 27 15:43:08 PDT 2021,58,326,1
1627439345964,Tue Jul 27 19:29:05 PDT 2021,58,327,0
1627451094125,Tue Jul 27 22:44:54 PDT 2021,58,328,0
1627451489376,Tue Jul 27 22:51:29 PDT 2021,58,329,0
1627502923633,Wed Jul 28 13:08:43 PDT 2021,58,332,1
1627505139708,Wed Jul 28 13:45:39 PDT 2021,58,337,-1
1627505814246,Wed Jul 28 13:56:54 PDT 2021,58,339,0
1627506613812,Wed Jul 28 14:10:13 PDT 2021,58,341,0
1627506908306,Wed Jul 28 14:15:08 PDT 2021,58,342,1
1627508748368,Wed Jul 28 14:45:48 PDT 2021,58,343,0
1627509319553,Wed Jul 28 14:55:19 PDT 2021,58,345,0
1627509902693,Wed Jul 28 15:05:02 PDT 2021,58,346,0
1627679584032,Fri Jul 30 14:13:04 PDT 2021,58,347,1
1627515297425,Wed Jul 28 16:34:57 PDT 2021,58,348,1
1627515466848,Wed Jul 28 16:37:46 PDT 2021,58,350,1
1627523706434,Wed Jul 28 18:55:06 PDT 2021,58,353,1
1627520305191,Wed Jul 28 17:58:25 PDT 2021,58,354,-1
1627521604467,Wed Jul 28 18:20:04 PDT 2021,58,356,1
1627529169280,Wed Jul 28 20:26:09 PDT 2021,58,357,-1
1627531954807,Wed Jul 28 21:12:34 PDT 2021,58,358,-1
1627535894391,Wed Jul 28 22:18:14 PDT 2021,58,361,1
1627535687934,Wed Jul 28 22:14:47 PDT 2021,58,362,1
1627536588501,Wed Jul 28 22:29:48 PDT 2021,58,363,0
1627544530976,Thu Jul 29 00:42:10 PDT 2021,58,364,1
1627573488061,Thu Jul 29 08:44:48 PDT 2021,58,366,-1
1627578175796,Thu Jul 29 10:02:55 PDT 2021,58,368,1
1627583194238,Thu Jul 29 11:26:34 PDT 2021,58,369,-1
1627586716512,Thu Jul 29 12:25:16 PDT 2021,58,373,1
1627607684367,Thu Jul 29 18:14:44 PDT 2021,58,376,0
1627613595471,Thu Jul 29 19:53:15 PDT 2021,58,378,1
1627655289099,Fri Jul 30 07:28:09 PDT 2021,58,380,1
1627656418990,Fri Jul 30 07:46:58 PDT 2021,58,381,1
1627663941163,Fri Jul 30 09:52:21 PDT 2021,58,382,1
1627666982202,Fri Jul 30 10:43:02 PDT 2021,58,384,1
1627675188690,Fri Jul 30 12:59:48 PDT 2021,58,386,1
1627675970189,Fri Jul 30 13:12:50 PDT 2021,58,387,0
1627681048213,Fri Jul 30 14:37:28 PDT 2021,58,388,1
1627682215768,Fri Jul 30 14:56:55 PDT 2021,58,389,1
1627683995826,Fri Jul 30 15:26:35 PDT 2021,58,391,0
1627685221231,Fri Jul 30 15:47:01 PDT 2021,58,393,0
1627686039422,Fri Jul 30 16:00:39 PDT 2021,58,394,-1
1627689886586,Fri Jul 30 17:04:46 PDT 2021,58,395,-1
1627701879617,Fri Jul 30 20:24:39 PDT 2021,58,396,0
1627752393910,Sat Jul 31 10:26:33 PDT 2021,58,397,0
1627756945423,Sat Jul 31 11:42:25 PDT 2021,58,399,0
1627759631527,Sat Jul 31 12:27:11 PDT 2021,58,400,1
1627769783968,Sat Jul 31 15:16:23 PDT 2021,58,401,1
1627771988314,Sat Jul 31 15:53:08 PDT 2021,58,402,1
1627775341309,Sat Jul 31 16:49:01 PDT 2021,58,403,1
1627837769796,Sun Aug 01 10:09:29 PDT 2021,58,404,-1
1624995984800,Tue Jun 29 12:46:24 PDT 2021,59,0,1
1624995866626,Tue Jun 29 12:44:26 PDT 2021,59,9,0
1624997008031,Tue Jun 29 13:03:28 PDT 2021,59,10,1
1624999074269,Tue Jun 29 13:37:54 PDT 2021,59,11,1
1625000303838,Tue Jun 29 13:58:23 PDT 2021,59,12,1
1625000304354,Tue Jun 29 13:58:24 PDT 2021,59,13,-1
1625000734558,Tue Jun 29 14:05:34 PDT 2021,59,14,1
1625003289677,Tue Jun 29 14:48:09 PDT 2021,59,15,-1
1625003911209,Tue Jun 29 14:58:31 PDT 2021,59,16,1
1625007287146,Tue Jun 29 15:54:47 PDT 2021,59,17,1
1625007244923,Tue Jun 29 15:54:04 PDT 2021,59,18,-1
1625008233360,Tue Jun 29 16:10:33 PDT 2021,59,19,1
1625008649844,Tue Jun 29 16:17:29 PDT 2021,59,21,1
1625008907035,Tue Jun 29 16:21:47 PDT 2021,59,22,1
1625019919463,Tue Jun 29 19:25:19 PDT 2021,59,24,-1
1625019804526,Tue Jun 29 19:23:24 PDT 2021,59,25,0
1625020021217,Tue Jun 29 19:27:01 PDT 2021,59,26,1
1625021835475,Tue Jun 29 19:57:15 PDT 2021,59,27,0
1625055554208,Wed Jun 30 05:19:14 PDT 2021,59,28,0
1625057848137,Wed Jun 30 05:57:28 PDT 2021,59,30,-1
1625064926593,Wed Jun 30 07:55:26 PDT 2021,59,33,0
1625066496281,Wed Jun 30 08:21:36 PDT 2021,59,34,0
1625068609755,Wed Jun 30 08:56:49 PDT 2021,59,35,1
1625069449305,Wed Jun 30 09:10:49 PDT 2021,59,36,1
1625071946869,Wed Jun 30 09:52:26 PDT 2021,59,37,1
1625072243999,Wed Jun 30 09:57:23 PDT 2021,59,38,0
1625082280185,Wed Jun 30 12:44:40 PDT 2021,59,40,0
1625099610715,Wed Jun 30 17:33:30 PDT 2021,59,41,-1
1625086312534,Wed Jun 30 13:51:52 PDT 2021,59,42,0
1625089790230,Wed Jun 30 14:49:50 PDT 2021,59,43,-1
1625092825486,Wed Jun 30 15:40:25 PDT 2021,59,45,1
1625095583856,Wed Jun 30 16:26:23 PDT 2021,59,46,0
1625095302926,Wed Jun 30 16:21:42 PDT 2021,59,47,1
1625096424108,Wed Jun 30 16:40:24 PDT 2021,59,48,1
1625099435038,Wed Jun 30 17:30:35 PDT 2021,59,50,1
1625100877459,Wed Jun 30 17:54:37 PDT 2021,59,51,1
1625102854746,Wed Jun 30 18:27:34 PDT 2021,59,52,-1
1625101846153,Wed Jun 30 18:10:46 PDT 2021,59,53,-1
1625101710319,Wed Jun 30 18:08:30 PDT 2021,59,54,1
1625108349881,Wed Jun 30 19:59:09 PDT 2021,59,55,1
1625116463667,Wed Jun 30 22:14:23 PDT 2021,59,57,1
1625117791255,Wed Jun 30 22:36:31 PDT 2021,59,59,0
1625150620848,Thu Jul 01 07:43:40 PDT 2021,59,61,-1
1625151047776,Thu Jul 01 07:50:47 PDT 2021,59,62,0
1625153014233,Thu Jul 01 08:23:34 PDT 2021,59,63,0
1625155472169,Thu Jul 01 09:04:32 PDT 2021,59,64,1
1625157937264,Thu Jul 01 09:45:37 PDT 2021,59,65,1
1625410452504,Sun Jul 04 07:54:12 PDT 2021,59,66,0
1625159435292,Thu Jul 01 10:10:35 PDT 2021,59,68,1
1625160169878,Thu Jul 01 10:22:49 PDT 2021,59,69,-1
1625167846836,Thu Jul 01 12:30:46 PDT 2021,59,70,-1
1625161793193,Thu Jul 01 10:49:53 PDT 2021,59,71,-1
1625163560389,Thu Jul 01 11:19:20 PDT 2021,59,73,-1
1625166990437,Thu Jul 01 12:16:30 PDT 2021,59,74,0
1625163887341,Thu Jul 01 11:24:47 PDT 2021,59,80,-1
1625164193963,Thu Jul 01 11:29:53 PDT 2021,59,83,-1
1625165042138,Thu Jul 01 11:44:02 PDT 2021,59,85,-1
1625165315843,Thu Jul 01 11:48:35 PDT 2021,59,86,-1
1625165980287,Thu Jul 01 11:59:40 PDT 2021,59,90,-1
1625168665399,Thu Jul 01 12:44:25 PDT 2021,59,92,-1
1625174936910,Thu Jul 01 14:28:56 PDT 2021,59,94,-1
1625179672309,Thu Jul 01 15:47:52 PDT 2021,59,95,1
1625183191611,Thu Jul 01 16:46:31 PDT 2021,59,96,0
1626145248713,Mon Jul 12 20:00:48 PDT 2021,59,98,1
1625190113223,Thu Jul 01 18:41:53 PDT 2021,59,99,-1
1625191406807,Thu Jul 01 19:03:26 PDT 2021,59,100,-1
1625191230385,Thu Jul 01 19:00:30 PDT 2021,59,101,1
1625200156894,Thu Jul 01 21:29:16 PDT 2021,59,102,-1
1625238302262,Fri Jul 02 08:05:02 PDT 2021,59,103,0
1625241632491,Fri Jul 02 09:00:32 PDT 2021,59,104,1
1625242035432,Fri Jul 02 09:07:15 PDT 2021,59,106,1
1625246408274,Fri Jul 02 10:20:08 PDT 2021,59,107,0
1625251382491,Fri Jul 02 11:43:02 PDT 2021,59,108,-1
1625266673346,Fri Jul 02 15:57:53 PDT 2021,59,111,1
1625274079010,Fri Jul 02 18:01:19 PDT 2021,59,112,1
1625281826637,Fri Jul 02 20:10:26 PDT 2021,59,113,0
1625329575929,Sat Jul 03 09:26:15 PDT 2021,59,118,-1
1625334278510,Sat Jul 03 10:44:38 PDT 2021,59,119,1
1625364526930,Sat Jul 03 19:08:46 PDT 2021,59,121,-1
1625365165345,Sat Jul 03 19:19:25 PDT 2021,59,122,1
1625365806063,Sat Jul 03 19:30:06 PDT 2021,59,123,0
1625375950982,Sat Jul 03 22:19:10 PDT 2021,59,124,0
1625414347510,Sun Jul 04 08:59:07 PDT 2021,59,127,1
1625424829619,Sun Jul 04 11:53:49 PDT 2021,59,131,1
1625428696617,Sun Jul 04 12:58:16 PDT 2021,59,132,1
1625428787660,Sun Jul 04 12:59:47 PDT 2021,59,133,1
1625436191377,Sun Jul 04 15:03:11 PDT 2021,59,135,0
1625436570941,Sun Jul 04 15:09:30 PDT 2021,59,136,0
1625437220197,Sun Jul 04 15:20:20 PDT 2021,59,137,0
1625452169061,Sun Jul 04 19:29:29 PDT 2021,59,141,1
1625463074656,Sun Jul 04 22:31:14 PDT 2021,59,145,1
1625496650379,Mon Jul 05 07:50:50 PDT 2021,59,147,1
1625594011720,Tue Jul 06 10:53:31 PDT 2021,59,151,-1
1625602898135,Tue Jul 06 13:21:38 PDT 2021,59,152,0
1625613839186,Tue Jul 06 16:23:59 PDT 2021,59,153,1
1625611325170,Tue Jul 06 15:42:05 PDT 2021,59,155,0
1625627533918,Tue Jul 06 20:12:13 PDT 2021,59,156,-1
1625636009737,Tue Jul 06 22:33:29 PDT 2021,59,157,-1
1625672854952,Wed Jul 07 08:47:34 PDT 2021,59,160,0
1625674899592,Wed Jul 07 09:21:39 PDT 2021,59,161,1
1625675271261,Wed Jul 07 09:27:51 PDT 2021,59,162,1
1625676673558,Wed Jul 07 09:51:13 PDT 2021,59,163,1
1625677741072,Wed Jul 07 10:09:01 PDT 2021,59,166,1
1625693903493,Wed Jul 07 14:38:23 PDT 2021,59,173,1
1625694353298,Wed Jul 07 14:45:53 PDT 2021,59,174,1
1625694729980,Wed Jul 07 14:52:09 PDT 2021,59,177,1
1625695468183,Wed Jul 07 15:04:28 PDT 2021,59,178,1
1625696744874,Wed Jul 07 15:25:44 PDT 2021,59,181,1
1625697764984,Wed Jul 07 15:42:44 PDT 2021,59,183,1
1625699360083,Wed Jul 07 16:09:20 PDT 2021,59,184,1
1625700097975,Wed Jul 07 16:21:37 PDT 2021,59,186,1
1625700987737,Wed Jul 07 16:36:27 PDT 2021,59,187,0
1625700515321,Wed Jul 07 16:28:35 PDT 2021,59,188,1
1625703009700,Wed Jul 07 17:10:09 PDT 2021,59,189,1
1625710364537,Wed Jul 07 19:12:44 PDT 2021,59,191,0
1625709788762,Wed Jul 07 19:03:08 PDT 2021,59,193,1
1625710586670,Wed Jul 07 19:16:26 PDT 2021,59,194,1
1625714507201,Wed Jul 07 20:21:47 PDT 2021,59,195,1
1625723018982,Wed Jul 07 22:43:38 PDT 2021,59,196,1
1625752978595,Thu Jul 08 07:02:58 PDT 2021,59,197,0
1625755879736,Thu Jul 08 07:51:19 PDT 2021,59,198,1
1625758987345,Thu Jul 08 08:43:07 PDT 2021,59,199,-1
1625763070195,Thu Jul 08 09:51:10 PDT 2021,59,201,0
1625763294871,Thu Jul 08 09:54:54 PDT 2021,59,203,1
1625770324497,Thu Jul 08 11:52:04 PDT 2021,59,205,-1
1625782215901,Thu Jul 08 15:10:15 PDT 2021,59,207,1
1625784363584,Thu Jul 08 15:46:03 PDT 2021,59,208,1
1625786269579,Thu Jul 08 16:17:49 PDT 2021,59,209,1
1625789548899,Thu Jul 08 17:12:28 PDT 2021,59,210,1
1625844456443,Fri Jul 09 08:27:36 PDT 2021,59,215,1
1625855618459,Fri Jul 09 11:33:38 PDT 2021,59,217,0
1625863539875,Fri Jul 09 13:45:39 PDT 2021,59,218,1
1625868015910,Fri Jul 09 15:00:15 PDT 2021,59,219,-1
1625921820718,Sat Jul 10 05:57:00 PDT 2021,59,223,1
1625922095578,Sat Jul 10 06:01:35 PDT 2021,59,224,1
1625929421174,Sat Jul 10 08:03:41 PDT 2021,59,226,1
1625932607480,Sat Jul 10 08:56:47 PDT 2021,59,227,0
1625939530686,Sat Jul 10 10:52:10 PDT 2021,59,228,1
1625965427139,Sat Jul 10 18:03:47 PDT 2021,59,232,0
1625982644774,Sat Jul 10 22:50:44 PDT 2021,59,234,-1
1626012454476,Sun Jul 11 07:07:34 PDT 2021,59,236,1
1626014974875,Sun Jul 11 07:49:34 PDT 2021,59,237,1
1626015678734,Sun Jul 11 08:01:18 PDT 2021,59,238,1
1626018481588,Sun Jul 11 08:48:01 PDT 2021,59,239,0
1626027523285,Sun Jul 11 11:18:43 PDT 2021,59,240,1
1626031543617,Sun Jul 11 12:25:43 PDT 2021,59,241,-1
1626033283631,Sun Jul 11 12:54:43 PDT 2021,59,243,1
1626055968382,Sun Jul 11 19:12:48 PDT 2021,59,247,1
1626063115820,Sun Jul 11 21:11:55 PDT 2021,59,248,1
1626097232973,Mon Jul 12 06:40:32 PDT 2021,59,250,0
1626160043916,Tue Jul 13 00:07:23 PDT 2021,59,255,-1
1626184473756,Tue Jul 13 06:54:33 PDT 2021,59,256,1
1626198196804,Tue Jul 13 10:43:16 PDT 2021,59,257,0
1626641290963,Sun Jul 18 13:48:10 PDT 2021,59,258,-1
1626214104591,Tue Jul 13 15:08:24 PDT 2021,59,260,-1
1626218990482,Tue Jul 13 16:29:50 PDT 2021,59,262,1
1626298350326,Wed Jul 14 14:32:30 PDT 2021,59,265,-1
1626383910394,Thu Jul 15 14:18:30 PDT 2021,59,267,0
1626360490997,Thu Jul 15 07:48:10 PDT 2021,59,269,-1
1626385992410,Thu Jul 15 14:53:12 PDT 2021,59,271,0
1626456197714,Fri Jul 16 10:23:17 PDT 2021,59,274,1
1626472062034,Fri Jul 16 14:47:42 PDT 2021,59,275,1
1626493039456,Fri Jul 16 20:37:19 PDT 2021,59,276,0
1626541127851,Sat Jul 17 09:58:47 PDT 2021,59,278,0
1626540264910,Sat Jul 17 09:44:24 PDT 2021,59,279,-1
1626545506428,Sat Jul 17 11:11:46 PDT 2021,59,280,0
1626552567883,Sat Jul 17 13:09:27 PDT 2021,59,281,0
1626554042688,Sat Jul 17 13:34:02 PDT 2021,59,282,1
1626570919696,Sat Jul 17 18:15:19 PDT 2021,59,284,1
1626584740136,Sat Jul 17 22:05:40 PDT 2021,59,286,1
1626713288053,Mon Jul 19 09:48:08 PDT 2021,59,288,1
1626716614824,Mon Jul 19 10:43:34 PDT 2021,59,290,-1
1626720635449,Mon Jul 19 11:50:35 PDT 2021,59,291,1
1626737444917,Mon Jul 19 16:30:44 PDT 2021,59,294,1
1626752462355,Mon Jul 19 20:41:02 PDT 2021,59,295,1
1626791638847,Tue Jul 20 07:33:58 PDT 2021,59,296,1
1626798849502,Tue Jul 20 09:34:09 PDT 2021,59,298,1
1626910127100,Wed Jul 21 16:28:47 PDT 2021,59,299,-1
1626965320916,Thu Jul 22 07:48:40 PDT 2021,59,300,0
1627001490687,Thu Jul 22 17:51:30 PDT 2021,59,302,1
1627002618016,Thu Jul 22 18:10:18 PDT 2021,59,303,-1
1627009071723,Thu Jul 22 19:57:51 PDT 2021,59,305,1
1627082474247,Fri Jul 23 16:21:14 PDT 2021,59,308,-1
1627083853051,Fri Jul 23 16:44:13 PDT 2021,59,309,-1
1627085418656,Fri Jul 23 17:10:18 PDT 2021,59,310,-1
1627086954400,Fri Jul 23 17:35:54 PDT 2021,59,311,-1
1627088426580,Fri Jul 23 18:00:26 PDT 2021,59,312,-1
1627100029544,Fri Jul 23 21:13:49 PDT 2021,59,313,-1
1627100551124,Fri Jul 23 21:22:31 PDT 2021,59,314,-1
1627101694837,Fri Jul 23 21:41:34 PDT 2021,59,315,-1
1627162931161,Sat Jul 24 14:42:11 PDT 2021,59,317,1
1627187164414,Sat Jul 24 21:26:04 PDT 2021,59,318,-1
1627191340086,Sat Jul 24 22:35:40 PDT 2021,59,319,-1
1627407217946,Tue Jul 27 10:33:37 PDT 2021,59,322,-1
1627414999212,Tue Jul 27 12:43:19 PDT 2021,59,325,1
1627698124588,Fri Jul 30 19:22:04 PDT 2021,59,326,1
1627451251457,Tue Jul 27 22:47:31 PDT 2021,59,328,-1
1627502519638,Wed Jul 28 13:01:59 PDT 2021,59,332,-1
1627503230642,Wed Jul 28 13:13:50 PDT 2021,59,334,1
1627504202726,Wed Jul 28 13:30:02 PDT 2021,59,335,1
1627504974345,Wed Jul 28 13:42:54 PDT 2021,59,337,-1
1627505750449,Wed Jul 28 13:55:50 PDT 2021,59,339,-1
1627506800458,Wed Jul 28 14:13:20 PDT 2021,59,341,-1
1627506944453,Wed Jul 28 14:15:44 PDT 2021,59,342,1
1627508448900,Wed Jul 28 14:40:48 PDT 2021,59,343,-1
1627509842074,Wed Jul 28 15:04:02 PDT 2021,59,346,-1
1627514965709,Wed Jul 28 16:29:25 PDT 2021,59,348,-1
1627522949111,Wed Jul 28 18:42:29 PDT 2021,59,353,1
1627522057966,Wed Jul 28 18:27:37 PDT 2021,59,356,1
1627529483434,Wed Jul 28 20:31:23 PDT 2021,59,357,-1
1627531695149,Wed Jul 28 21:08:15 PDT 2021,59,358,0
1627536541880,Wed Jul 28 22:29:01 PDT 2021,59,363,1
1627543376056,Thu Jul 29 00:22:56 PDT 2021,59,364,1
1627573437046,Thu Jul 29 08:43:57 PDT 2021,59,366,-1
1627585130841,Thu Jul 29 11:58:50 PDT 2021,59,372,-1
1627586795114,Thu Jul 29 12:26:35 PDT 2021,59,373,1
1627595444309,Thu Jul 29 14:50:44 PDT 2021,59,375,1
1627607539109,Thu Jul 29 18:12:19 PDT 2021,59,376,1
1627612150076,Thu Jul 29 19:29:10 PDT 2021,59,377,1
1627618006519,Thu Jul 29 21:06:46 PDT 2021,59,379,-1
1627655888917,Fri Jul 30 07:38:08 PDT 2021,59,380,1
1627656356153,Fri Jul 30 07:45:56 PDT 2021,59,381,1
1627663947166,Fri Jul 30 09:52:27 PDT 2021,59,382,0
1627667323382,Fri Jul 30 10:48:43 PDT 2021,59,384,0
1627676369056,Fri Jul 30 13:19:29 PDT 2021,59,386,1
1627681379959,Fri Jul 30 14:42:59 PDT 2021,59,388,1
1627681692962,Fri Jul 30 14:48:12 PDT 2021,59,389,1
1627684002525,Fri Jul 30 15:26:42 PDT 2021,59,391,1
1627686037813,Fri Jul 30 16:00:37 PDT 2021,59,394,-1
1627690226176,Fri Jul 30 17:10:26 PDT 2021,59,395,0
1627701999843,Fri Jul 30 20:26:39 PDT 2021,59,396,1
1627752585581,Sat Jul 31 10:29:45 PDT 2021,59,398,-1
1627770009095,Sat Jul 31 15:20:09 PDT 2021,59,401,1
1627771871046,Sat Jul 31 15:51:11 PDT 2021,59,402,-1
1627777061338,Sat Jul 31 17:17:41 PDT 2021,59,403,1
1627837859501,Sun Aug 01 10:10:59 PDT 2021,59,404,0
1624995996168,Tue Jun 29 12:46:36 PDT 2021,60,0,-1
1624995840634,Tue Jun 29 12:44:00 PDT 2021,60,9,0
1624997001011,Tue Jun 29 13:03:21 PDT 2021,60,10,0
1624999597748,Tue Jun 29 13:46:37 PDT 2021,60,11,-1
1625000433486,Tue Jun 29 14:00:33 PDT 2021,60,12,-1
1625000484744,Tue Jun 29 14:01:24 PDT 2021,60,13,0
1625002323374,Tue Jun 29 14:32:03 PDT 2021,60,14,-1
1625003519908,Tue Jun 29 14:51:59 PDT 2021,60,15,-1
1625004363466,Tue Jun 29 15:06:03 PDT 2021,60,16,-1
1625007479332,Tue Jun 29 15:57:59 PDT 2021,60,17,-1
1625007594035,Tue Jun 29 15:59:54 PDT 2021,60,18,-1
1625008289753,Tue Jun 29 16:11:29 PDT 2021,60,19,-1
1625009031321,Tue Jun 29 16:23:51 PDT 2021,60,21,0
1625009040488,Tue Jun 29 16:24:00 PDT 2021,60,22,0
1625020099620,Tue Jun 29 19:28:19 PDT 2021,60,24,0
1625019971021,Tue Jun 29 19:26:11 PDT 2021,60,25,-1
1625020201092,Tue Jun 29 19:30:01 PDT 2021,60,26,-1
1625022183637,Tue Jun 29 20:03:03 PDT 2021,60,27,-1
1625055693314,Wed Jun 30 05:21:33 PDT 2021,60,28,-1
1625058192259,Wed Jun 30 06:03:12 PDT 2021,60,30,0
1625065254895,Wed Jun 30 08:00:54 PDT 2021,60,33,-1
1625066644692,Wed Jun 30 08:24:04 PDT 2021,60,34,-1
1625068740450,Wed Jun 30 08:59:00 PDT 2021,60,35,-1
1625069519219,Wed Jun 30 09:11:59 PDT 2021,60,36,-1
1625071994498,Wed Jun 30 09:53:14 PDT 2021,60,37,-1
1625072270660,Wed Jun 30 09:57:50 PDT 2021,60,38,-1
1625082623566,Wed Jun 30 12:50:23 PDT 2021,60,40,-1
1625099650285,Wed Jun 30 17:34:10 PDT 2021,60,41,-1
1625086758768,Wed Jun 30 13:59:18 PDT 2021,60,42,-1
1625090240935,Wed Jun 30 14:57:20 PDT 2021,60,43,-1
1625093186357,Wed Jun 30 15:46:26 PDT 2021,60,45,0
1625095577480,Wed Jun 30 16:26:17 PDT 2021,60,46,-1
1625095324341,Wed Jun 30 16:22:04 PDT 2021,60,47,-1
1625096466841,Wed Jun 30 16:41:06 PDT 2021,60,48,0
1625099639127,Wed Jun 30 17:33:59 PDT 2021,60,50,-1
1625102987500,Wed Jun 30 18:29:47 PDT 2021,60,52,0
1625101877942,Wed Jun 30 18:11:17 PDT 2021,60,53,-1
1625101771914,Wed Jun 30 18:09:31 PDT 2021,60,54,0
1625108404827,Wed Jun 30 20:00:04 PDT 2021,60,55,-1
1625116568745,Wed Jun 30 22:16:08 PDT 2021,60,57,-1
1625118402476,Wed Jun 30 22:46:42 PDT 2021,60,59,-1
1625151119819,Thu Jul 01 07:51:59 PDT 2021,60,61,1
1625152706639,Thu Jul 01 08:18:26 PDT 2021,60,62,1
1625154613527,Thu Jul 01 08:50:13 PDT 2021,60,63,0
1625156063088,Thu Jul 01 09:14:23 PDT 2021,60,64,-1
1625158314980,Thu Jul 01 09:51:54 PDT 2021,60,65,0
1625410874952,Sun Jul 04 08:01:14 PDT 2021,60,66,0
1625159995626,Thu Jul 01 10:19:55 PDT 2021,60,68,-1
1625160384287,Thu Jul 01 10:26:24 PDT 2021,60,69,-1
1625168054941,Thu Jul 01 12:34:14 PDT 2021,60,70,0
1625162863112,Thu Jul 01 11:07:43 PDT 2021,60,71,1
1625163719189,Thu Jul 01 11:21:59 PDT 2021,60,73,1
1625166988512,Thu Jul 01 12:16:28 PDT 2021,60,74,0
1625164208145,Thu Jul 01 11:30:08 PDT 2021,60,83,1
1625165214325,Thu Jul 01 11:46:54 PDT 2021,60,85,1
1625165952357,Thu Jul 01 11:59:12 PDT 2021,60,90,1
1625168902174,Thu Jul 01 12:48:22 PDT 2021,60,92,-1
1625173918399,Thu Jul 01 14:11:58 PDT 2021,60,93,0
1625175213331,Thu Jul 01 14:33:33 PDT 2021,60,94,0
1625179803870,Thu Jul 01 15:50:03 PDT 2021,60,95,-1
1625183300082,Thu Jul 01 16:48:20 PDT 2021,60,96,1
1626145465535,Mon Jul 12 20:04:25 PDT 2021,60,98,1
1625191581173,Thu Jul 01 19:06:21 PDT 2021,60,100,-1
1625191155113,Thu Jul 01 18:59:15 PDT 2021,60,101,1
1625200263199,Thu Jul 01 21:31:03 PDT 2021,60,102,1
1625238465097,Fri Jul 02 08:07:45 PDT 2021,60,103,0
1625242023885,Fri Jul 02 09:07:03 PDT 2021,60,104,0
1625242376987,Fri Jul 02 09:12:56 PDT 2021,60,106,-1
1625246395348,Fri Jul 02 10:19:55 PDT 2021,60,107,-1
1625266996190,Fri Jul 02 16:03:16 PDT 2021,60,111,-1
1625276252983,Fri Jul 02 18:37:32 PDT 2021,60,112,-1
1625329313180,Sat Jul 03 09:21:53 PDT 2021,60,118,-1
1625334372819,Sat Jul 03 10:46:12 PDT 2021,60,119,-1
1625365179145,Sat Jul 03 19:19:39 PDT 2021,60,121,-1
1625365770594,Sat Jul 03 19:29:30 PDT 2021,60,122,-1
1625366098150,Sat Jul 03 19:34:58 PDT 2021,60,123,-1
1625376334338,Sat Jul 03 22:25:34 PDT 2021,60,124,-1
1625414669747,Sun Jul 04 09:04:29 PDT 2021,60,127,0
1625416079672,Sun Jul 04 09:27:59 PDT 2021,60,130,-1
1625425149517,Sun Jul 04 11:59:09 PDT 2021,60,131,-1
1625429087507,Sun Jul 04 13:04:47 PDT 2021,60,132,-1
1625436089728,Sun Jul 04 15:01:29 PDT 2021,60,135,0
1625437077504,Sun Jul 04 15:17:57 PDT 2021,60,136,-1
1625437315078,Sun Jul 04 15:21:55 PDT 2021,60,137,1
1625452472894,Sun Jul 04 19:34:32 PDT 2021,60,141,1
1625454657408,Sun Jul 04 20:10:57 PDT 2021,60,142,-1
1625461747073,Sun Jul 04 22:09:07 PDT 2021,60,145,-1
1625496188273,Mon Jul 05 07:43:08 PDT 2021,60,147,-1
1625528759681,Mon Jul 05 16:45:59 PDT 2021,60,148,0
1625594091690,Tue Jul 06 10:54:51 PDT 2021,60,151,-1
1625602981391,Tue Jul 06 13:23:01 PDT 2021,60,152,-1
1625613442069,Tue Jul 06 16:17:22 PDT 2021,60,153,-1
1625611465695,Tue Jul 06 15:44:25 PDT 2021,60,155,0
1625627795640,Tue Jul 06 20:16:35 PDT 2021,60,156,0
1625636108882,Tue Jul 06 22:35:08 PDT 2021,60,157,-1
1625673133546,Wed Jul 07 08:52:13 PDT 2021,60,160,0
1625675010831,Wed Jul 07 09:23:30 PDT 2021,60,161,-1
1625675517154,Wed Jul 07 09:31:57 PDT 2021,60,162,0
1625676813737,Wed Jul 07 09:53:33 PDT 2021,60,163,-1
1625678854644,Wed Jul 07 10:27:34 PDT 2021,60,166,0
1625694101784,Wed Jul 07 14:41:41 PDT 2021,60,173,-1
1625694358096,Wed Jul 07 14:45:58 PDT 2021,60,174,0
1625696797478,Wed Jul 07 15:26:37 PDT 2021,60,181,-1
1625698850501,Wed Jul 07 16:00:50 PDT 2021,60,183,0
1625700158633,Wed Jul 07 16:22:38 PDT 2021,60,186,0
1625701072624,Wed Jul 07 16:37:52 PDT 2021,60,187,-1
1625701004366,Wed Jul 07 16:36:44 PDT 2021,60,188,1
1625703104067,Wed Jul 07 17:11:44 PDT 2021,60,189,1
1625710559327,Wed Jul 07 19:15:59 PDT 2021,60,193,-1
1625711088663,Wed Jul 07 19:24:48 PDT 2021,60,194,-1
1625723126515,Wed Jul 07 22:45:26 PDT 2021,60,196,0
1625772621252,Thu Jul 08 12:30:21 PDT 2021,60,198,-1
1625759649597,Thu Jul 08 08:54:09 PDT 2021,60,199,1
1625762606608,Thu Jul 08 09:43:26 PDT 2021,60,201,0
1625763937615,Thu Jul 08 10:05:37 PDT 2021,60,203,0
1625770296431,Thu Jul 08 11:51:36 PDT 2021,60,205,-1
1625782665362,Thu Jul 08 15:17:45 PDT 2021,60,207,-1
1625784507615,Thu Jul 08 15:48:27 PDT 2021,60,208,0
1625787142674,Thu Jul 08 16:32:22 PDT 2021,60,209,0
1625845513689,Fri Jul 09 08:45:13 PDT 2021,60,215,-1
1625856195884,Fri Jul 09 11:43:15 PDT 2021,60,217,0
1625864078050,Fri Jul 09 13:54:38 PDT 2021,60,218,-1
1625868754339,Fri Jul 09 15:12:34 PDT 2021,60,219,0
1625921910823,Sat Jul 10 05:58:30 PDT 2021,60,223,-1
1625922538558,Sat Jul 10 06:08:58 PDT 2021,60,224,-1
1625929860644,Sat Jul 10 08:11:00 PDT 2021,60,226,-1
1625966024560,Sat Jul 10 18:13:44 PDT 2021,60,232,0
1625971610002,Sat Jul 10 19:46:50 PDT 2021,60,233,0
1625982696178,Sat Jul 10 22:51:36 PDT 2021,60,234,-1
1626012279223,Sun Jul 11 07:04:39 PDT 2021,60,236,0
1626015683365,Sun Jul 11 08:01:23 PDT 2021,60,237,-1
1626016046152,Sun Jul 11 08:07:26 PDT 2021,60,238,-1
1626018770982,Sun Jul 11 08:52:50 PDT 2021,60,239,1
1626027749432,Sun Jul 11 11:22:29 PDT 2021,60,240,-1
1626032076512,Sun Jul 11 12:34:36 PDT 2021,60,241,-1
1626034141941,Sun Jul 11 13:09:01 PDT 2021,60,243,-1
1626063308593,Sun Jul 11 21:15:08 PDT 2021,60,248,-1
1626097936550,Mon Jul 12 06:52:16 PDT 2021,60,250,-1
1626160598626,Tue Jul 13 00:16:38 PDT 2021,60,255,0
1626185397493,Tue Jul 13 07:09:57 PDT 2021,60,256,0
1626214519063,Tue Jul 13 15:15:19 PDT 2021,60,260,-1
1626298354664,Wed Jul 14 14:32:34 PDT 2021,60,265,1
1626384384528,Thu Jul 15 14:26:24 PDT 2021,60,267,-1
1626386503762,Thu Jul 15 15:01:43 PDT 2021,60,271,-1
1626456365522,Fri Jul 16 10:26:05 PDT 2021,60,274,-1
1626472129402,Fri Jul 16 14:48:49 PDT 2021,60,275,-1
1626493200105,Fri Jul 16 20:40:00 PDT 2021,60,276,-1
1626541270985,Sat Jul 17 10:01:10 PDT 2021,60,278,0
1626546310288,Sat Jul 17 11:25:10 PDT 2021,60,280,0
1626552831873,Sat Jul 17 13:13:51 PDT 2021,60,281,0
1626554185419,Sat Jul 17 13:36:25 PDT 2021,60,282,-1
1626571122990,Sat Jul 17 18:18:42 PDT 2021,60,284,-1
1626584955707,Sat Jul 17 22:09:15 PDT 2021,60,286,-1
1626713454496,Mon Jul 19 09:50:54 PDT 2021,60,288,0
1626716475431,Mon Jul 19 10:41:15 PDT 2021,60,290,-1
1626720957442,Mon Jul 19 11:55:57 PDT 2021,60,291,0
1626738122626,Mon Jul 19 16:42:02 PDT 2021,60,294,-1
1626752640025,Mon Jul 19 20:44:00 PDT 2021,60,295,-1
1626792636044,Tue Jul 20 07:50:36 PDT 2021,60,296,-1
1626799323949,Tue Jul 20 09:42:03 PDT 2021,60,298,-1
1626910274355,Wed Jul 21 16:31:14 PDT 2021,60,299,1
1626965232472,Thu Jul 22 07:47:12 PDT 2021,60,300,1
1627001554604,Thu Jul 22 17:52:34 PDT 2021,60,302,0
1627002756596,Thu Jul 22 18:12:36 PDT 2021,60,303,-1
1627008852656,Thu Jul 22 19:54:12 PDT 2021,60,305,-1
1627084574000,Fri Jul 23 16:56:14 PDT 2021,60,309,-1
1627085842918,Fri Jul 23 17:17:22 PDT 2021,60,310,-1
1627086755869,Fri Jul 23 17:32:35 PDT 2021,60,311,-1
1627088642624,Fri Jul 23 18:04:02 PDT 2021,60,312,-1
1627100383599,Fri Jul 23 21:19:43 PDT 2021,60,313,-1
1627101248767,Fri Jul 23 21:34:08 PDT 2021,60,314,-1
1627102113204,Fri Jul 23 21:48:33 PDT 2021,60,315,-1
1627163159083,Sat Jul 24 14:45:59 PDT 2021,60,317,1
1627188414999,Sat Jul 24 21:46:54 PDT 2021,60,318,-1
1627192292967,Sat Jul 24 22:51:32 PDT 2021,60,319,-1
1627407586031,Tue Jul 27 10:39:46 PDT 2021,60,322,-1
1627699796748,Fri Jul 30 19:49:56 PDT 2021,60,326,0
1627505368253,Wed Jul 28 13:49:28 PDT 2021,60,337,-1
1627506020575,Wed Jul 28 14:00:20 PDT 2021,60,339,-1
1627509287717,Wed Jul 28 14:54:47 PDT 2021,60,343,-1
1627515557020,Wed Jul 28 16:39:17 PDT 2021,60,348,-1
1627524367229,Wed Jul 28 19:06:07 PDT 2021,60,353,-1
1627522340519,Wed Jul 28 18:32:20 PDT 2021,60,356,-1
1627530641268,Wed Jul 28 20:50:41 PDT 2021,60,357,1
1627574118643,Thu Jul 29 08:55:18 PDT 2021,60,366,1
1627587468623,Thu Jul 29 12:37:48 PDT 2021,60,373,0
1627610088235,Thu Jul 29 18:54:48 PDT 2021,60,376,-1
1627656141824,Fri Jul 30 07:42:21 PDT 2021,60,380,-1
1627664249186,Fri Jul 30 09:57:29 PDT 2021,60,382,-1
1627666898169,Fri Jul 30 10:41:38 PDT 2021,60,384,-1
1627676767537,Fri Jul 30 13:26:07 PDT 2021,60,386,-1
1627681867113,Fri Jul 30 14:51:07 PDT 2021,60,388,0
1627682937934,Fri Jul 30 15:08:57 PDT 2021,60,389,-1
1627703851417,Fri Jul 30 20:57:31 PDT 2021,60,396,-1
1627770799066,Sat Jul 31 15:33:19 PDT 2021,60,401,0
1627772346455,Sat Jul 31 15:59:06 PDT 2021,60,402,-1
1627777433332,Sat Jul 31 17:23:53 PDT 2021,60,403,-1
1627838265121,Sun Aug 01 10:17:45 PDT 2021,60,404,-1
1624995981458,Tue Jun 29 12:46:21 PDT 2021,61,0,-1
1624995861101,Tue Jun 29 12:44:21 PDT 2021,61,9,-1
1624997063648,Tue Jun 29 13:04:23 PDT 2021,61,10,-1
1624999607111,Tue Jun 29 13:46:47 PDT 2021,61,11,-1
1625000321478,Tue Jun 29 13:58:41 PDT 2021,61,12,1
1625000434574,Tue Jun 29 14:00:34 PDT 2021,61,13,1
1625001993959,Tue Jun 29 14:26:33 PDT 2021,61,14,1
1625003270771,Tue Jun 29 14:47:50 PDT 2021,61,15,0
1625004095745,Tue Jun 29 15:01:35 PDT 2021,61,16,-1
1625007121545,Tue Jun 29 15:52:01 PDT 2021,61,17,1
1625007434058,Tue Jun 29 15:57:14 PDT 2021,61,18,0
1625008273166,Tue Jun 29 16:11:13 PDT 2021,61,19,1
1625008666993,Tue Jun 29 16:17:46 PDT 2021,61,21,1
1625008911268,Tue Jun 29 16:21:51 PDT 2021,61,22,1
1625019562146,Tue Jun 29 19:19:22 PDT 2021,61,24,1
1625019705380,Tue Jun 29 19:21:45 PDT 2021,61,25,1
1625019653078,Tue Jun 29 19:20:53 PDT 2021,61,26,-1
1625021931177,Tue Jun 29 19:58:51 PDT 2021,61,27,-1
1625055436772,Wed Jun 30 05:17:16 PDT 2021,61,28,0
1625057725762,Wed Jun 30 05:55:25 PDT 2021,61,30,1
1625064405590,Wed Jun 30 07:46:45 PDT 2021,61,33,0
1625066403819,Wed Jun 30 08:20:03 PDT 2021,61,34,-1
1625068495414,Wed Jun 30 08:54:55 PDT 2021,61,35,0
1625069063926,Wed Jun 30 09:04:23 PDT 2021,61,36,-1
1625071805081,Wed Jun 30 09:50:05 PDT 2021,61,37,-1
1625072130238,Wed Jun 30 09:55:30 PDT 2021,61,38,-1
1625082204860,Wed Jun 30 12:43:24 PDT 2021,61,40,1
1625099134501,Wed Jun 30 17:25:34 PDT 2021,61,41,-1
1625086383352,Wed Jun 30 13:53:03 PDT 2021,61,42,1
1625089840629,Wed Jun 30 14:50:40 PDT 2021,61,43,1
1625092807644,Wed Jun 30 15:40:07 PDT 2021,61,45,1
1625095403204,Wed Jun 30 16:23:23 PDT 2021,61,46,-1
1625095008870,Wed Jun 30 16:16:48 PDT 2021,61,47,-1
1625096222381,Wed Jun 30 16:37:02 PDT 2021,61,48,1
1625099259701,Wed Jun 30 17:27:39 PDT 2021,61,50,0
1625101140978,Wed Jun 30 17:59:00 PDT 2021,61,52,1
1625101573956,Wed Jun 30 18:06:13 PDT 2021,61,53,1
1625101474436,Wed Jun 30 18:04:34 PDT 2021,61,54,-1
1625108245087,Wed Jun 30 19:57:25 PDT 2021,61,55,-1
1625112274359,Wed Jun 30 21:04:34 PDT 2021,61,56,0
1625116314046,Wed Jun 30 22:11:54 PDT 2021,61,57,0
1625117247220,Wed Jun 30 22:27:27 PDT 2021,61,58,1
1625118142462,Wed Jun 30 22:42:22 PDT 2021,61,59,-1
1625150028248,Thu Jul 01 07:33:48 PDT 2021,61,61,1
1625151444595,Thu Jul 01 07:57:24 PDT 2021,61,62,1
1625153237175,Thu Jul 01 08:27:17 PDT 2021,61,63,1
1625155428522,Thu Jul 01 09:03:48 PDT 2021,61,64,0
1625158034898,Thu Jul 01 09:47:14 PDT 2021,61,65,-1
1625410358168,Sun Jul 04 07:52:38 PDT 2021,61,66,1
1625159553000,Thu Jul 01 10:12:33 PDT 2021,61,68,-1
1625160085532,Thu Jul 01 10:21:25 PDT 2021,61,69,1
1625167992400,Thu Jul 01 12:33:12 PDT 2021,61,70,1
1625162297001,Thu Jul 01 10:58:17 PDT 2021,61,71,1
1625163436990,Thu Jul 01 11:17:16 PDT 2021,61,73,1
1625163881012,Thu Jul 01 11:24:41 PDT 2021,61,74,0
1625163899538,Thu Jul 01 11:24:59 PDT 2021,61,80,1
1625164150619,Thu Jul 01 11:29:10 PDT 2021,61,83,1
1625164454194,Thu Jul 01 11:34:14 PDT 2021,61,84,1
1625164597209,Thu Jul 01 11:36:37 PDT 2021,61,85,1
1625165394896,Thu Jul 01 11:49:54 PDT 2021,61,86,1
1625166015242,Thu Jul 01 12:00:15 PDT 2021,61,90,1
1625168383524,Thu Jul 01 12:39:43 PDT 2021,61,92,-1
1625173563977,Thu Jul 01 14:06:03 PDT 2021,61,93,0
1625174658807,Thu Jul 01 14:24:18 PDT 2021,61,94,0
1625175344799,Thu Jul 01 14:35:44 PDT 2021,61,95,0
1625182876578,Thu Jul 01 16:41:16 PDT 2021,61,96,1
1626133821246,Mon Jul 12 16:50:21 PDT 2021,61,98,1
1625190117192,Thu Jul 01 18:41:57 PDT 2021,61,99,0
1625190994394,Thu Jul 01 18:56:34 PDT 2021,61,100,1
1625190527165,Thu Jul 01 18:48:47 PDT 2021,61,101,1
1625199587852,Thu Jul 01 21:19:47 PDT 2021,61,102,-1
1625238018464,Fri Jul 02 08:00:18 PDT 2021,61,103,1
1625241296755,Fri Jul 02 08:54:56 PDT 2021,61,104,0
1625242191684,Fri Jul 02 09:09:51 PDT 2021,61,106,0
1625245772824,Fri Jul 02 10:09:32 PDT 2021,61,107,1
1625266188817,Fri Jul 02 15:49:48 PDT 2021,61,111,1
1625275401516,Fri Jul 02 18:23:21 PDT 2021,61,112,1
1625329173319,Sat Jul 03 09:19:33 PDT 2021,61,118,-1
1625333344551,Sat Jul 03 10:29:04 PDT 2021,61,119,1
1625362071788,Sat Jul 03 18:27:51 PDT 2021,61,120,0
1625364532789,Sat Jul 03 19:08:52 PDT 2021,61,121,1
1625365372278,Sat Jul 03 19:22:52 PDT 2021,61,122,-1
1625365895276,Sat Jul 03 19:31:35 PDT 2021,61,123,-1
1625375801589,Sat Jul 03 22:16:41 PDT 2021,61,124,-1
1625384246933,Sun Jul 04 00:37:26 PDT 2021,61,125,0
1625410210748,Sun Jul 04 07:50:10 PDT 2021,61,126,0
1625414068072,Sun Jul 04 08:54:28 PDT 2021,61,127,-1
1625416082077,Sun Jul 04 09:28:02 PDT 2021,61,130,-1
1625424473042,Sun Jul 04 11:47:53 PDT 2021,61,131,-1
1625428737816,Sun Jul 04 12:58:57 PDT 2021,61,132,-1
1625428774382,Sun Jul 04 12:59:34 PDT 2021,61,133,-1
1625435589366,Sun Jul 04 14:53:09 PDT 2021,61,135,0
1625436752414,Sun Jul 04 15:12:32 PDT 2021,61,136,1
1625437075637,Sun Jul 04 15:17:55 PDT 2021,61,137,1
1625451898340,Sun Jul 04 19:24:58 PDT 2021,61,141,1
1625454464138,Sun Jul 04 20:07:44 PDT 2021,61,142,-1
1625462375640,Sun Jul 04 22:19:35 PDT 2021,61,145,-1
1625496247750,Mon Jul 05 07:44:07 PDT 2021,61,147,1
1625593703303,Tue Jul 06 10:48:23 PDT 2021,61,151,1
1625602494868,Tue Jul 06 13:14:54 PDT 2021,61,152,0
1625597874211,Tue Jul 06 11:57:54 PDT 2021,61,153,-1
1625611518987,Tue Jul 06 15:45:18 PDT 2021,61,155,1
1625627443123,Tue Jul 06 20:10:43 PDT 2021,61,156,1
1625635616895,Tue Jul 06 22:26:56 PDT 2021,61,157,-1
1625671467027,Wed Jul 07 08:24:27 PDT 2021,61,158,1
1625672918067,Wed Jul 07 08:48:38 PDT 2021,61,160,-1
1625674767099,Wed Jul 07 09:19:27 PDT 2021,61,161,0
1625675266351,Wed Jul 07 09:27:46 PDT 2021,61,162,-1
1625676533601,Wed Jul 07 09:48:53 PDT 2021,61,163,-1
1625677577558,Wed Jul 07 10:06:17 PDT 2021,61,166,0
1625686286222,Wed Jul 07 12:31:26 PDT 2021,61,170,1
1625693027469,Wed Jul 07 14:23:47 PDT 2021,61,173,1
1625694120906,Wed Jul 07 14:42:00 PDT 2021,61,174,0
1625694774597,Wed Jul 07 14:52:54 PDT 2021,61,177,-1
1625695502867,Wed Jul 07 15:05:02 PDT 2021,61,178,-1
1625696346201,Wed Jul 07 15:19:06 PDT 2021,61,180,0
1625696515152,Wed Jul 07 15:21:55 PDT 2021,61,181,-1
1625697699964,Wed Jul 07 15:41:39 PDT 2021,61,183,-1
1625699670949,Wed Jul 07 16:14:30 PDT 2021,61,184,-1
1625699963821,Wed Jul 07 16:19:23 PDT 2021,61,186,-1
1625700111473,Wed Jul 07 16:21:51 PDT 2021,61,187,-1
1625700630919,Wed Jul 07 16:30:30 PDT 2021,61,188,-1
1625702730432,Wed Jul 07 17:05:30 PDT 2021,61,189,1
1625707293549,Wed Jul 07 18:21:33 PDT 2021,61,191,-1
1625710018131,Wed Jul 07 19:06:58 PDT 2021,61,193,-1
1625710232589,Wed Jul 07 19:10:32 PDT 2021,61,194,-1
1625722626238,Wed Jul 07 22:37:06 PDT 2021,61,196,1
1625722626795,Wed Jul 07 22:37:06 PDT 2021,61,196,1
1625752595299,Thu Jul 08 06:56:35 PDT 2021,61,197,-1
1625755382797,Thu Jul 08 07:43:02 PDT 2021,61,198,1
1625759203311,Thu Jul 08 08:46:43 PDT 2021,61,199,1
1625760178050,Thu Jul 08 09:02:58 PDT 2021,61,200,1
1625762440465,Thu Jul 08 09:40:40 PDT 2021,61,201,-1
1625763299129,Thu Jul 08 09:54:59 PDT 2021,61,203,-1
1625770275967,Thu Jul 08 11:51:15 PDT 2021,61,205,-1
1625772345829,Thu Jul 08 12:25:45 PDT 2021,61,206,-1
1625781603538,Thu Jul 08 15:00:03 PDT 2021,61,207,-1
1625783962948,Thu Jul 08 15:39:22 PDT 2021,61,208,0
1625786585259,Thu Jul 08 16:23:05 PDT 2021,61,209,1
1625787402303,Thu Jul 08 16:36:42 PDT 2021,61,210,-1
1625844625668,Fri Jul 09 08:30:25 PDT 2021,61,215,0
1625853056497,Fri Jul 09 10:50:56 PDT 2021,61,216,1
1625855814905,Fri Jul 09 11:36:54 PDT 2021,61,217,0
1625863949229,Fri Jul 09 13:52:29 PDT 2021,61,218,0
1625868061973,Fri Jul 09 15:01:01 PDT 2021,61,219,1
1625921179293,Sat Jul 10 05:46:19 PDT 2021,61,223,-1
1625921860180,Sat Jul 10 05:57:40 PDT 2021,61,224,-1
1625929402582,Sat Jul 10 08:03:22 PDT 2021,61,226,1
1625939923771,Sat Jul 10 10:58:43 PDT 2021,61,228,-1
1625961575442,Sat Jul 10 16:59:35 PDT 2021,61,231,-1
1625965062112,Sat Jul 10 17:57:42 PDT 2021,61,232,0
1625971382849,Sat Jul 10 19:43:02 PDT 2021,61,233,-1
1625982140381,Sat Jul 10 22:42:20 PDT 2021,61,234,1
1626011854640,Sun Jul 11 06:57:34 PDT 2021,61,236,-1
1626015160793,Sun Jul 11 07:52:40 PDT 2021,61,237,1
1626015362792,Sun Jul 11 07:56:02 PDT 2021,61,238,-1
1626017985853,Sun Jul 11 08:39:45 PDT 2021,61,239,-1
1626027330710,Sun Jul 11 11:15:30 PDT 2021,61,240,-1
1626031649169,Sun Jul 11 12:27:29 PDT 2021,61,241,1
1626033363954,Sun Jul 11 12:56:03 PDT 2021,61,243,-1
1626055873431,Sun Jul 11 19:11:13 PDT 2021,61,247,-1
1626063304154,Sun Jul 11 21:15:04 PDT 2021,61,248,-1
1626097047032,Mon Jul 12 06:37:27 PDT 2021,61,249,-1
1626097217650,Mon Jul 12 06:40:17 PDT 2021,61,250,1
1626100891768,Mon Jul 12 07:41:31 PDT 2021,61,251,-1
1626160254796,Tue Jul 13 00:10:54 PDT 2021,61,255,1
1626184312723,Tue Jul 13 06:51:52 PDT 2021,61,256,-1
1626198089476,Tue Jul 13 10:41:29 PDT 2021,61,257,1
1626641160276,Sun Jul 18 13:46:00 PDT 2021,61,258,1
1626228105211,Tue Jul 13 19:01:45 PDT 2021,61,259,-1
1626213674548,Tue Jul 13 15:01:14 PDT 2021,61,260,1
1626215345620,Tue Jul 13 15:29:05 PDT 2021,61,261,-1
1626218768180,Tue Jul 13 16:26:08 PDT 2021,61,262,-1
1626220565099,Tue Jul 13 16:56:05 PDT 2021,61,263,1
1626234626651,Tue Jul 13 20:50:26 PDT 2021,61,264,0
1626235307521,Tue Jul 13 21:01:47 PDT 2021,61,265,1
1626383285194,Thu Jul 15 14:08:05 PDT 2021,61,267,0
1626361095481,Thu Jul 15 07:58:15 PDT 2021,61,269,0
1626386097971,Thu Jul 15 14:54:57 PDT 2021,61,271,0
1626455526876,Fri Jul 16 10:12:06 PDT 2021,61,274,1
1626470923301,Fri Jul 16 14:28:43 PDT 2021,61,275,1
1626492770473,Fri Jul 16 20:32:50 PDT 2021,61,276,-1
1626540328972,Sat Jul 17 09:45:28 PDT 2021,61,278,0
1626545450337,Sat Jul 17 11:10:50 PDT 2021,61,280,-1
1626552335597,Sat Jul 17 13:05:35 PDT 2021,61,281,-1
1626553413224,Sat Jul 17 13:23:33 PDT 2021,61,282,-1
1626567980774,Sat Jul 17 17:26:20 PDT 2021,61,284,-1
1626578243218,Sat Jul 17 20:17:23 PDT 2021,61,285,0
1626584646922,Sat Jul 17 22:04:06 PDT 2021,61,286,-1
1626712736058,Mon Jul 19 09:38:56 PDT 2021,61,288,-1
1626716464513,Mon Jul 19 10:41:04 PDT 2021,61,290,-1
1626720260965,Mon Jul 19 11:44:20 PDT 2021,61,291,-1
1626720261514,Mon Jul 19 11:44:21 PDT 2021,61,291,-1
1626724368736,Mon Jul 19 12:52:48 PDT 2021,61,292,-1
1626737658034,Mon Jul 19 16:34:18 PDT 2021,61,294,1
1626752033060,Mon Jul 19 20:33:53 PDT 2021,61,295,1
1626791730876,Tue Jul 20 07:35:30 PDT 2021,61,296,0
1626799061005,Tue Jul 20 09:37:41 PDT 2021,61,298,0
1626908444725,Wed Jul 21 16:00:44 PDT 2021,61,299,1
1626910758127,Wed Jul 21 16:39:18 PDT 2021,61,300,0
1626919091122,Wed Jul 21 18:58:11 PDT 2021,61,301,-1
1627001225941,Thu Jul 22 17:47:05 PDT 2021,61,302,-1
1627002534754,Thu Jul 22 18:08:54 PDT 2021,61,303,1
1627008623460,Thu Jul 22 19:50:23 PDT 2021,61,305,1
1627083724488,Fri Jul 23 16:42:04 PDT 2021,61,309,-1
1627085380712,Fri Jul 23 17:09:40 PDT 2021,61,310,-1
1627086807182,Fri Jul 23 17:33:27 PDT 2021,61,311,-1
1627087865853,Fri Jul 23 17:51:05 PDT 2021,61,312,-1
1627099871508,Fri Jul 23 21:11:11 PDT 2021,61,313,-1
1627100453533,Fri Jul 23 21:20:53 PDT 2021,61,314,-1
1627101481901,Fri Jul 23 21:38:01 PDT 2021,61,315,-1
1627163279374,Sat Jul 24 14:47:59 PDT 2021,61,317,0
1627187408422,Sat Jul 24 21:30:08 PDT 2021,61,318,1
1627191816814,Sat Jul 24 22:43:36 PDT 2021,61,319,0
1627407677199,Tue Jul 27 10:41:17 PDT 2021,61,322,-1
1627414846744,Tue Jul 27 12:40:46 PDT 2021,61,325,-1
1627425766603,Tue Jul 27 15:42:46 PDT 2021,61,326,0
1627439354430,Tue Jul 27 19:29:14 PDT 2021,61,327,1
1627451464364,Tue Jul 27 22:51:04 PDT 2021,61,329,-1
1627503221849,Wed Jul 28 13:13:41 PDT 2021,61,334,-1
1627504114999,Wed Jul 28 13:28:34 PDT 2021,61,335,-1
1627504963812,Wed Jul 28 13:42:43 PDT 2021,61,337,-1
1627505881784,Wed Jul 28 13:58:01 PDT 2021,61,339,-1
1627506058282,Wed Jul 28 14:00:58 PDT 2021,61,340,-1
1627506632258,Wed Jul 28 14:10:32 PDT 2021,61,341,-1
1627506786380,Wed Jul 28 14:13:06 PDT 2021,61,342,1
1627508846373,Wed Jul 28 14:47:26 PDT 2021,61,343,-1
1627509012981,Wed Jul 28 14:50:12 PDT 2021,61,345,-1
1627515238293,Wed Jul 28 16:33:58 PDT 2021,61,348,1
1627515446084,Wed Jul 28 16:37:26 PDT 2021,61,350,-1
1627523380164,Wed Jul 28 18:49:40 PDT 2021,61,353,1
1627522029899,Wed Jul 28 18:27:09 PDT 2021,61,356,-1
1627529459502,Wed Jul 28 20:30:59 PDT 2021,61,357,1
1627532224315,Wed Jul 28 21:17:04 PDT 2021,61,358,1
1627536138858,Wed Jul 28 22:22:18 PDT 2021,61,361,-1
1627535700879,Wed Jul 28 22:15:00 PDT 2021,61,362,0
1627544345358,Thu Jul 29 00:39:05 PDT 2021,61,364,-1
1627573503404,Thu Jul 29 08:45:03 PDT 2021,61,366,-1
1627579170707,Thu Jul 29 10:19:30 PDT 2021,61,368,-1
1627582892253,Thu Jul 29 11:21:32 PDT 2021,61,369,-1
1627583773728,Thu Jul 29 11:36:13 PDT 2021,61,371,-1
1627586983253,Thu Jul 29 12:29:43 PDT 2021,61,373,0
1627595423218,Thu Jul 29 14:50:23 PDT 2021,61,375,-1
1627607528149,Thu Jul 29 18:12:08 PDT 2021,61,376,1
1627655275875,Fri Jul 30 07:27:55 PDT 2021,61,380,1
1627656336191,Fri Jul 30 07:45:36 PDT 2021,61,381,-1
1627663611349,Fri Jul 30 09:46:51 PDT 2021,61,382,-1
1627666802597,Fri Jul 30 10:40:02 PDT 2021,61,384,-1
1627675964777,Fri Jul 30 13:12:44 PDT 2021,61,386,1
1627680595369,Fri Jul 30 14:29:55 PDT 2021,61,388,0
1627681412341,Fri Jul 30 14:43:32 PDT 2021,61,389,-1
1627686007079,Fri Jul 30 16:00:07 PDT 2021,61,394,-1
1627690325067,Fri Jul 30 17:12:05 PDT 2021,61,395,0
1627702196427,Fri Jul 30 20:29:56 PDT 2021,61,396,0
1627757057707,Sat Jul 31 11:44:17 PDT 2021,61,399,-1
1627760072283,Sat Jul 31 12:34:32 PDT 2021,61,400,-1
1627769801728,Sat Jul 31 15:16:41 PDT 2021,61,401,-1
1627771683442,Sat Jul 31 15:48:03 PDT 2021,61,402,-1
1627775263804,Sat Jul 31 16:47:43 PDT 2021,61,403,1
1627837638548,Sun Aug 01 10:07:18 PDT 2021,61,404,-1
1624995978551,Tue Jun 29 12:46:18 PDT 2021,62,0,0
1624995901606,Tue Jun 29 12:45:01 PDT 2021,62,9,1
1624997155476,Tue Jun 29 13:05:55 PDT 2021,62,10,1
1624999123282,Tue Jun 29 13:38:43 PDT 2021,62,11,1
1625000290607,Tue Jun 29 13:58:10 PDT 2021,62,12,1
1625000257946,Tue Jun 29 13:57:37 PDT 2021,62,13,1
1625000729903,Tue Jun 29 14:05:29 PDT 2021,62,14,1
1625003223780,Tue Jun 29 14:47:03 PDT 2021,62,15,1
1625004085253,Tue Jun 29 15:01:25 PDT 2021,62,16,1
1625007158701,Tue Jun 29 15:52:38 PDT 2021,62,17,1
1625007283288,Tue Jun 29 15:54:43 PDT 2021,62,18,1
1625008208529,Tue Jun 29 16:10:08 PDT 2021,62,19,1
1625008742505,Tue Jun 29 16:19:02 PDT 2021,62,21,1
1625009003707,Tue Jun 29 16:23:23 PDT 2021,62,22,1
1625019590270,Tue Jun 29 19:19:50 PDT 2021,62,24,1
1625019856691,Tue Jun 29 19:24:16 PDT 2021,62,25,1
1625020014460,Tue Jun 29 19:26:54 PDT 2021,62,26,1
1625021919416,Tue Jun 29 19:58:39 PDT 2021,62,27,0
1625055500493,Wed Jun 30 05:18:20 PDT 2021,62,28,1
1625058009780,Wed Jun 30 06:00:09 PDT 2021,62,30,1
1625064845909,Wed Jun 30 07:54:05 PDT 2021,62,33,0
1625066420947,Wed Jun 30 08:20:20 PDT 2021,62,34,1
1625068106169,Wed Jun 30 08:48:26 PDT 2021,62,35,-1
1625069310256,Wed Jun 30 09:08:30 PDT 2021,62,36,1
1625071770991,Wed Jun 30 09:49:30 PDT 2021,62,37,1
1625072089581,Wed Jun 30 09:54:49 PDT 2021,62,38,1
1625082599534,Wed Jun 30 12:49:59 PDT 2021,62,40,1
1625099466845,Wed Jun 30 17:31:06 PDT 2021,62,41,1
1625086494969,Wed Jun 30 13:54:54 PDT 2021,62,42,1
1625089690198,Wed Jun 30 14:48:10 PDT 2021,62,43,1
1625093039175,Wed Jun 30 15:43:59 PDT 2021,62,45,1
1625095526073,Wed Jun 30 16:25:26 PDT 2021,62,46,1
1625095257245,Wed Jun 30 16:20:57 PDT 2021,62,47,1
1625096109617,Wed Jun 30 16:35:09 PDT 2021,62,48,1
1625099378519,Wed Jun 30 17:29:38 PDT 2021,62,50,1
1625102886381,Wed Jun 30 18:28:06 PDT 2021,62,52,1
1625101675461,Wed Jun 30 18:07:55 PDT 2021,62,53,-1
1625101555719,Wed Jun 30 18:05:55 PDT 2021,62,54,1
1625108208381,Wed Jun 30 19:56:48 PDT 2021,62,55,1
1625112098245,Wed Jun 30 21:01:38 PDT 2021,62,56,1
1625116434210,Wed Jun 30 22:13:54 PDT 2021,62,57,1
1625117425419,Wed Jun 30 22:30:25 PDT 2021,62,58,0
1625118349720,Wed Jun 30 22:45:49 PDT 2021,62,59,1
1625150874154,Thu Jul 01 07:47:54 PDT 2021,62,61,1
1625151141596,Thu Jul 01 07:52:21 PDT 2021,62,62,1
1625154243083,Thu Jul 01 08:44:03 PDT 2021,62,63,1
1625155741469,Thu Jul 01 09:09:01 PDT 2021,62,64,1
1625157848679,Thu Jul 01 09:44:08 PDT 2021,62,65,1
1625410524498,Sun Jul 04 07:55:24 PDT 2021,62,66,1
1625159629846,Thu Jul 01 10:13:49 PDT 2021,62,68,1
1625160044913,Thu Jul 01 10:20:44 PDT 2021,62,69,1
1625167973091,Thu Jul 01 12:32:53 PDT 2021,62,70,-1
1625161969393,Thu Jul 01 10:52:49 PDT 2021,62,71,1
1625163207231,Thu Jul 01 11:13:27 PDT 2021,62,73,1
1625164886845,Thu Jul 01 11:41:26 PDT 2021,62,74,0
1625163903269,Thu Jul 01 11:25:03 PDT 2021,62,80,-1
1625164093525,Thu Jul 01 11:28:13 PDT 2021,62,83,-1
1625164910008,Thu Jul 01 11:41:50 PDT 2021,62,85,-1
1625165323891,Thu Jul 01 11:48:43 PDT 2021,62,86,-1
1625165619034,Thu Jul 01 11:53:39 PDT 2021,62,87,-1
1625168129906,Thu Jul 01 12:35:29 PDT 2021,62,92,1
1625175188348,Thu Jul 01 14:33:08 PDT 2021,62,94,1
1625175161156,Thu Jul 01 14:32:41 PDT 2021,62,95,1
1625182667508,Thu Jul 01 16:37:47 PDT 2021,62,96,1
1626144978497,Mon Jul 12 19:56:18 PDT 2021,62,98,1
1625189746473,Thu Jul 01 18:35:46 PDT 2021,62,99,1
1625190266148,Thu Jul 01 18:44:26 PDT 2021,62,100,1
1625191233547,Thu Jul 01 19:00:33 PDT 2021,62,101,1
1625199741726,Thu Jul 01 21:22:21 PDT 2021,62,102,1
1625238213526,Fri Jul 02 08:03:33 PDT 2021,62,103,-1
1625241618658,Fri Jul 02 09:00:18 PDT 2021,62,104,1
1625242041587,Fri Jul 02 09:07:21 PDT 2021,62,106,0
1625245783033,Fri Jul 02 10:09:43 PDT 2021,62,107,-1
1625251429172,Fri Jul 02 11:43:49 PDT 2021,62,108,1
1625266659000,Fri Jul 02 15:57:39 PDT 2021,62,111,1
1625275308478,Fri Jul 02 18:21:48 PDT 2021,62,112,1
1625281824016,Fri Jul 02 20:10:24 PDT 2021,62,113,0
1625320327898,Sat Jul 03 06:52:07 PDT 2021,62,116,1
1625329375614,Sat Jul 03 09:22:55 PDT 2021,62,118,1
1625333713914,Sat Jul 03 10:35:13 PDT 2021,62,119,1
1625361948403,Sat Jul 03 18:25:48 PDT 2021,62,120,1
1625364697765,Sat Jul 03 19:11:37 PDT 2021,62,121,-1
1625365335853,Sat Jul 03 19:22:15 PDT 2021,62,122,1
1625366262870,Sat Jul 03 19:37:42 PDT 2021,62,123,-1
1625375925281,Sat Jul 03 22:18:45 PDT 2021,62,124,1
1625384347531,Sun Jul 04 00:39:07 PDT 2021,62,125,0
1625410429663,Sun Jul 04 07:53:49 PDT 2021,62,126,1
1625414732522,Sun Jul 04 09:05:32 PDT 2021,62,127,0
1625424770137,Sun Jul 04 11:52:50 PDT 2021,62,131,1
1625429207751,Sun Jul 04 13:06:47 PDT 2021,62,132,1
1625435856274,Sun Jul 04 14:57:36 PDT 2021,62,135,1
1625436817090,Sun Jul 04 15:13:37 PDT 2021,62,136,1
1625437142844,Sun Jul 04 15:19:02 PDT 2021,62,137,1
1625451863481,Sun Jul 04 19:24:23 PDT 2021,62,141,1
1625454897200,Sun Jul 04 20:14:57 PDT 2021,62,142,1
1625462684661,Sun Jul 04 22:24:44 PDT 2021,62,145,-1
1625496096546,Mon Jul 05 07:41:36 PDT 2021,62,147,0
1625593701731,Tue Jul 06 10:48:21 PDT 2021,62,151,1
1625602870276,Tue Jul 06 13:21:10 PDT 2021,62,152,1
1625613531184,Tue Jul 06 16:18:51 PDT 2021,62,153,1
1625611426346,Tue Jul 06 15:43:46 PDT 2021,62,155,1
1625627334382,Tue Jul 06 20:08:54 PDT 2021,62,156,1
1625635804626,Tue Jul 06 22:30:04 PDT 2021,62,157,1
1625672551288,Wed Jul 07 08:42:31 PDT 2021,62,159,1
1625672818462,Wed Jul 07 08:46:58 PDT 2021,62,160,1
1625674675632,Wed Jul 07 09:17:55 PDT 2021,62,161,-1
1625675189104,Wed Jul 07 09:26:29 PDT 2021,62,162,1
1625676777358,Wed Jul 07 09:52:57 PDT 2021,62,163,0
1625678491461,Wed Jul 07 10:21:31 PDT 2021,62,166,1
1625693727678,Wed Jul 07 14:35:27 PDT 2021,62,173,1
1625693859849,Wed Jul 07 14:37:39 PDT 2021,62,174,1
1625694704656,Wed Jul 07 14:51:44 PDT 2021,62,176,0
1625695257375,Wed Jul 07 15:00:57 PDT 2021,62,178,1
1625696500626,Wed Jul 07 15:21:40 PDT 2021,62,181,1
1625697679404,Wed Jul 07 15:41:19 PDT 2021,62,183,1
1625699563111,Wed Jul 07 16:12:43 PDT 2021,62,184,1
1625699681648,Wed Jul 07 16:14:41 PDT 2021,62,186,1
1625700906683,Wed Jul 07 16:35:06 PDT 2021,62,187,1
1625700730822,Wed Jul 07 16:32:10 PDT 2021,62,188,1
1625702799909,Wed Jul 07 17:06:39 PDT 2021,62,189,1
1625710552313,Wed Jul 07 19:15:52 PDT 2021,62,191,0
1625710281495,Wed Jul 07 19:11:21 PDT 2021,62,193,1
1625710416538,Wed Jul 07 19:13:36 PDT 2021,62,194,1
1625722829675,Wed Jul 07 22:40:29 PDT 2021,62,196,0
1625755301675,Thu Jul 08 07:41:41 PDT 2021,62,198,0
1625759307041,Thu Jul 08 08:48:27 PDT 2021,62,199,1
1625762896101,Thu Jul 08 09:48:16 PDT 2021,62,201,1
1625763549311,Thu Jul 08 09:59:09 PDT 2021,62,203,1
1625770229048,Thu Jul 08 11:50:29 PDT 2021,62,205,1
1625782060797,Thu Jul 08 15:07:40 PDT 2021,62,207,0
1625783757333,Thu Jul 08 15:35:57 PDT 2021,62,208,1
1625786795259,Thu Jul 08 16:26:35 PDT 2021,62,209,1
1625789356751,Thu Jul 08 17:09:16 PDT 2021,62,210,1
1625845051607,Fri Jul 09 08:37:31 PDT 2021,62,215,1
1625853081962,Fri Jul 09 10:51:21 PDT 2021,62,216,1
1625855836326,Fri Jul 09 11:37:16 PDT 2021,62,217,1
1625863874512,Fri Jul 09 13:51:14 PDT 2021,62,218,1
1625868585217,Fri Jul 09 15:09:45 PDT 2021,62,219,1
1625921565350,Sat Jul 10 05:52:45 PDT 2021,62,223,1
1625921989427,Sat Jul 10 05:59:49 PDT 2021,62,224,1
1625928886723,Sat Jul 10 07:54:46 PDT 2021,62,226,1
1625937127460,Sat Jul 10 10:12:07 PDT 2021,62,227,1
1625939709694,Sat Jul 10 10:55:09 PDT 2021,62,228,1
1625961439589,Sat Jul 10 16:57:19 PDT 2021,62,231,1
1625964371884,Sat Jul 10 17:46:11 PDT 2021,62,232,0
1625971225021,Sat Jul 10 19:40:25 PDT 2021,62,233,1
1625982494767,Sat Jul 10 22:48:14 PDT 2021,62,234,1
1626012402762,Sun Jul 11 07:06:42 PDT 2021,62,236,1
1626015081394,Sun Jul 11 07:51:21 PDT 2021,62,237,1
1626015724954,Sun Jul 11 08:02:04 PDT 2021,62,238,1
1626016213002,Sun Jul 11 08:10:13 PDT 2021,62,239,1
1626027284439,Sun Jul 11 11:14:44 PDT 2021,62,240,1
1626031892371,Sun Jul 11 12:31:32 PDT 2021,62,241,1
1626033748764,Sun Jul 11 13:02:28 PDT 2021,62,243,1
1626055771129,Sun Jul 11 19:09:31 PDT 2021,62,247,1
1626063524755,Sun Jul 11 21:18:44 PDT 2021,62,248,1
1626097406280,Mon Jul 12 06:43:26 PDT 2021,62,250,1
1626160325298,Tue Jul 13 00:12:05 PDT 2021,62,255,-1
1626184088896,Tue Jul 13 06:48:08 PDT 2021,62,256,1
1627192512489,Sat Jul 24 22:55:12 PDT 2021,62,258,0
1626214274090,Tue Jul 13 15:11:14 PDT 2021,62,260,1
1626235275787,Tue Jul 13 21:01:15 PDT 2021,62,265,1
1626383590049,Thu Jul 15 14:13:10 PDT 2021,62,267,0
1626361081370,Thu Jul 15 07:58:01 PDT 2021,62,269,0
1626385725973,Thu Jul 15 14:48:45 PDT 2021,62,271,1
1626456237944,Fri Jul 16 10:23:57 PDT 2021,62,274,-1
1626471065685,Fri Jul 16 14:31:05 PDT 2021,62,275,1
1626492904236,Fri Jul 16 20:35:04 PDT 2021,62,276,1
1626541085658,Sat Jul 17 09:58:05 PDT 2021,62,278,1
1626540662719,Sat Jul 17 09:51:02 PDT 2021,62,279,1
1626545640548,Sat Jul 17 11:14:00 PDT 2021,62,280,1
1626552366938,Sat Jul 17 13:06:06 PDT 2021,62,281,1
1626553950272,Sat Jul 17 13:32:30 PDT 2021,62,282,1
1626568425891,Sat Jul 17 17:33:45 PDT 2021,62,284,1
1626584607158,Sat Jul 17 22:03:27 PDT 2021,62,286,1
1626713147134,Mon Jul 19 09:45:47 PDT 2021,62,288,1
1626716427442,Mon Jul 19 10:40:27 PDT 2021,62,290,1
1626720217595,Mon Jul 19 11:43:37 PDT 2021,62,291,1
1626724068303,Mon Jul 19 12:47:48 PDT 2021,62,292,1
1626737303113,Mon Jul 19 16:28:23 PDT 2021,62,294,1
1626752301473,Mon Jul 19 20:38:21 PDT 2021,62,295,-1
1626791947777,Tue Jul 20 07:39:07 PDT 2021,62,296,-1
1626798860939,Tue Jul 20 09:34:20 PDT 2021,62,298,1
1626910129871,Wed Jul 21 16:28:49 PDT 2021,62,299,-1
1626965110550,Thu Jul 22 07:45:10 PDT 2021,62,300,-1
1627001486329,Thu Jul 22 17:51:26 PDT 2021,62,302,-1
1627002378429,Thu Jul 22 18:06:18 PDT 2021,62,303,-1
1627009026731,Thu Jul 22 19:57:06 PDT 2021,62,305,1
1627082348565,Fri Jul 23 16:19:08 PDT 2021,62,308,1
1627084099333,Fri Jul 23 16:48:19 PDT 2021,62,309,1
1627084099373,Fri Jul 23 16:48:19 PDT 2021,62,309,1
1627085377822,Fri Jul 23 17:09:37 PDT 2021,62,310,1
1627086567144,Fri Jul 23 17:29:27 PDT 2021,62,311,1
1627087966124,Fri Jul 23 17:52:46 PDT 2021,62,312,-1
1627099889779,Fri Jul 23 21:11:29 PDT 2021,62,313,1
1627100898795,Fri Jul 23 21:28:18 PDT 2021,62,314,-1
1627101669420,Fri Jul 23 21:41:09 PDT 2021,62,315,1
1627162940242,Sat Jul 24 14:42:20 PDT 2021,62,317,-1
1627187952846,Sat Jul 24 21:39:12 PDT 2021,62,318,1
1627191947687,Sat Jul 24 22:45:47 PDT 2021,62,319,1
1627404970227,Tue Jul 27 09:56:10 PDT 2021,62,321,1
1627407472631,Tue Jul 27 10:37:52 PDT 2021,62,322,1
1627414668210,Tue Jul 27 12:37:48 PDT 2021,62,325,1
1627697961656,Fri Jul 30 19:19:21 PDT 2021,62,326,1
1627439319627,Tue Jul 27 19:28:39 PDT 2021,62,327,-1
1627451253938,Tue Jul 27 22:47:33 PDT 2021,62,328,1
1627502928157,Wed Jul 28 13:08:48 PDT 2021,62,332,1
1627503158447,Wed Jul 28 13:12:38 PDT 2021,62,334,1
1627503938924,Wed Jul 28 13:25:38 PDT 2021,62,335,1
1627505128050,Wed Jul 28 13:45:28 PDT 2021,62,337,1
1627505734352,Wed Jul 28 13:55:34 PDT 2021,62,339,1
1627506812437,Wed Jul 28 14:13:32 PDT 2021,62,341,1
1627508515256,Wed Jul 28 14:41:55 PDT 2021,62,343,1
1627509919320,Wed Jul 28 15:05:19 PDT 2021,62,346,1
1627515377189,Wed Jul 28 16:36:17 PDT 2021,62,348,1
1627522911312,Wed Jul 28 18:41:51 PDT 2021,62,353,1
1627522322527,Wed Jul 28 18:32:02 PDT 2021,62,356,1
1627529116845,Wed Jul 28 20:25:16 PDT 2021,62,357,1
1627535359236,Wed Jul 28 22:09:19 PDT 2021,62,361,1
1627543837806,Thu Jul 29 00:30:37 PDT 2021,62,364,1
1627573395327,Thu Jul 29 08:43:15 PDT 2021,62,366,1
1627578872485,Thu Jul 29 10:14:32 PDT 2021,62,368,1
1627582900239,Thu Jul 29 11:21:40 PDT 2021,62,369,1
1627587005527,Thu Jul 29 12:30:05 PDT 2021,62,373,0
1627607910467,Thu Jul 29 18:18:30 PDT 2021,62,376,0
1627614156391,Thu Jul 29 20:02:36 PDT 2021,62,378,1
1627655053321,Fri Jul 30 07:24:13 PDT 2021,62,380,1
1627664036165,Fri Jul 30 09:53:56 PDT 2021,62,382,1
1627666236369,Fri Jul 30 10:30:36 PDT 2021,62,384,1
1627676245720,Fri Jul 30 13:17:25 PDT 2021,62,386,1
1627681533524,Fri Jul 30 14:45:33 PDT 2021,62,388,1
1627681887596,Fri Jul 30 14:51:27 PDT 2021,62,389,1
1627684351614,Fri Jul 30 15:32:31 PDT 2021,62,391,1
1627684615371,Fri Jul 30 15:36:55 PDT 2021,62,392,1
1627685144594,Fri Jul 30 15:45:44 PDT 2021,62,393,1
1627686277895,Fri Jul 30 16:04:37 PDT 2021,62,394,1
1627703396594,Fri Jul 30 20:49:56 PDT 2021,62,396,0
1627752558913,Sat Jul 31 10:29:18 PDT 2021,62,398,1
1627770057865,Sat Jul 31 15:20:57 PDT 2021,62,401,1
1627772074474,Sat Jul 31 15:54:34 PDT 2021,62,402,1
1627776949481,Sat Jul 31 17:15:49 PDT 2021,62,403,1
1627837643124,Sun Aug 01 10:07:23 PDT 2021,62,404,1
1625000992546,Tue Jun 29 14:09:52 PDT 2021,63,0,1
1625001459582,Tue Jun 29 14:17:39 PDT 2021,63,0,1
1625001188179,Tue Jun 29 14:13:08 PDT 2021,63,12,-1
1625000646502,Tue Jun 29 14:04:06 PDT 2021,63,13,1
1625002012998,Tue Jun 29 14:26:52 PDT 2021,63,14,-1
1625003219158,Tue Jun 29 14:46:59 PDT 2021,63,15,-1
1625003888152,Tue Jun 29 14:58:08 PDT 2021,63,16,0
1625007224266,Tue Jun 29 15:53:44 PDT 2021,63,17,-1
1625007256213,Tue Jun 29 15:54:16 PDT 2021,63,18,-1
1625007921067,Tue Jun 29 16:05:21 PDT 2021,63,19,-1
1625008772899,Tue Jun 29 16:19:32 PDT 2021,63,21,-1
1625008981658,Tue Jun 29 16:23:01 PDT 2021,63,22,-1
1625019687526,Tue Jun 29 19:21:27 PDT 2021,63,24,-1
1625019762702,Tue Jun 29 19:22:42 PDT 2021,63,25,-1
1625019762753,Tue Jun 29 19:22:42 PDT 2021,63,26,-1
1625022010840,Tue Jun 29 20:00:10 PDT 2021,63,27,-1
1625055660555,Wed Jun 30 05:21:00 PDT 2021,63,28,-1
1625058151555,Wed Jun 30 06:02:31 PDT 2021,63,30,-1
1625064694429,Wed Jun 30 07:51:34 PDT 2021,63,33,-1
1625066616043,Wed Jun 30 08:23:36 PDT 2021,63,34,1
1625068561842,Wed Jun 30 08:56:01 PDT 2021,63,35,-1
1625069351057,Wed Jun 30 09:09:11 PDT 2021,63,36,-1
1625071851134,Wed Jun 30 09:50:51 PDT 2021,63,37,-1
1625072012207,Wed Jun 30 09:53:32 PDT 2021,63,38,-1
1625082513136,Wed Jun 30 12:48:33 PDT 2021,63,40,-1
1625099417339,Wed Jun 30 17:30:17 PDT 2021,63,41,1
1625086639650,Wed Jun 30 13:57:19 PDT 2021,63,42,-1
1625090204931,Wed Jun 30 14:56:44 PDT 2021,63,43,-1
1625093078174,Wed Jun 30 15:44:38 PDT 2021,63,45,1
1625095566307,Wed Jun 30 16:26:06 PDT 2021,63,46,1
1625095107027,Wed Jun 30 16:18:27 PDT 2021,63,47,-1
1625096311753,Wed Jun 30 16:38:31 PDT 2021,63,48,-1
1625099347529,Wed Jun 30 17:29:07 PDT 2021,63,50,-1
1625100943878,Wed Jun 30 17:55:43 PDT 2021,63,51,-1
1625102831074,Wed Jun 30 18:27:11 PDT 2021,63,52,-1
1625101759161,Wed Jun 30 18:09:19 PDT 2021,63,53,1
1625101696720,Wed Jun 30 18:08:16 PDT 2021,63,54,-1
1625108232779,Wed Jun 30 19:57:12 PDT 2021,63,55,-1
1625116176890,Wed Jun 30 22:09:36 PDT 2021,63,57,-1
1625117476093,Wed Jun 30 22:31:16 PDT 2021,63,58,-1
1625118188871,Wed Jun 30 22:43:08 PDT 2021,63,59,-1
1625150999634,Thu Jul 01 07:49:59 PDT 2021,63,61,-1
1625152296678,Thu Jul 01 08:11:36 PDT 2021,63,62,-1
1625154387295,Thu Jul 01 08:46:27 PDT 2021,63,63,-1
1625155890609,Thu Jul 01 09:11:30 PDT 2021,63,64,1
1625158136114,Thu Jul 01 09:48:56 PDT 2021,63,65,-1
1625410309852,Sun Jul 04 07:51:49 PDT 2021,63,66,-1
1625159904542,Thu Jul 01 10:18:24 PDT 2021,63,68,-1
1625160353105,Thu Jul 01 10:25:53 PDT 2021,63,69,-1
1625167736266,Thu Jul 01 12:28:56 PDT 2021,63,70,1
1625161760711,Thu Jul 01 10:49:20 PDT 2021,63,71,1
1625163233476,Thu Jul 01 11:13:53 PDT 2021,63,73,1
1625164847494,Thu Jul 01 11:40:47 PDT 2021,63,74,0
1625164926621,Thu Jul 01 11:42:06 PDT 2021,63,85,1
1625165249066,Thu Jul 01 11:47:29 PDT 2021,63,86,1
1625168569597,Thu Jul 01 12:42:49 PDT 2021,63,92,-1
1625173405382,Thu Jul 01 14:03:25 PDT 2021,63,93,-1
1625175093547,Thu Jul 01 14:31:33 PDT 2021,63,94,1
1625175152151,Thu Jul 01 14:32:32 PDT 2021,63,95,-1
1625183117907,Thu Jul 01 16:45:17 PDT 2021,63,96,-1
1626139480666,Mon Jul 12 18:24:40 PDT 2021,63,98,-1
1625189948178,Thu Jul 01 18:39:08 PDT 2021,63,99,1
1625191235837,Thu Jul 01 19:00:35 PDT 2021,63,100,-1
1625191195182,Thu Jul 01 18:59:55 PDT 2021,63,101,-1
1625199859849,Thu Jul 01 21:24:19 PDT 2021,63,102,1
1625238259580,Fri Jul 02 08:04:19 PDT 2021,63,103,1
1625241958351,Fri Jul 02 09:05:58 PDT 2021,63,104,-1
1625241822452,Fri Jul 02 09:03:42 PDT 2021,63,106,1
1625245621577,Fri Jul 02 10:07:01 PDT 2021,63,107,-1
1625251693162,Fri Jul 02 11:48:13 PDT 2021,63,108,-1
1625265404307,Fri Jul 02 15:36:44 PDT 2021,63,110,-1
1625266389110,Fri Jul 02 15:53:09 PDT 2021,63,111,-1
1625274977446,Fri Jul 02 18:16:17 PDT 2021,63,112,-1
1625329050880,Sat Jul 03 09:17:30 PDT 2021,63,118,1
1625333430102,Sat Jul 03 10:30:30 PDT 2021,63,119,-1
1625361890232,Sat Jul 03 18:24:50 PDT 2021,63,120,-1
1625364609531,Sat Jul 03 19:10:09 PDT 2021,63,121,1
1625365389000,Sat Jul 03 19:23:09 PDT 2021,63,122,1
1625366241613,Sat Jul 03 19:37:21 PDT 2021,63,123,-1
1625375646432,Sat Jul 03 22:14:06 PDT 2021,63,124,-1
1625384823962,Sun Jul 04 00:47:03 PDT 2021,63,125,-1
1625410335972,Sun Jul 04 07:52:15 PDT 2021,63,126,-1
1625413676854,Sun Jul 04 08:47:56 PDT 2021,63,127,-1
1625424926616,Sun Jul 04 11:55:26 PDT 2021,63,131,-1
1625428945803,Sun Jul 04 13:02:25 PDT 2021,63,132,-1
1625435528204,Sun Jul 04 14:52:08 PDT 2021,63,135,-1
1625436642080,Sun Jul 04 15:10:42 PDT 2021,63,136,-1
1625436959875,Sun Jul 04 15:15:59 PDT 2021,63,137,0
1625452041978,Sun Jul 04 19:27:21 PDT 2021,63,141,-1
1625454726950,Sun Jul 04 20:12:06 PDT 2021,63,142,-1
1625461412334,Sun Jul 04 22:03:32 PDT 2021,63,144,-1
1625462071142,Sun Jul 04 22:14:31 PDT 2021,63,145,-1
1625496088778,Mon Jul 05 07:41:28 PDT 2021,63,147,1
1625593588856,Tue Jul 06 10:46:28 PDT 2021,63,151,-1
1625602794981,Tue Jul 06 13:19:54 PDT 2021,63,152,-1
1625613401170,Tue Jul 06 16:16:41 PDT 2021,63,153,-1
1625611585918,Tue Jul 06 15:46:25 PDT 2021,63,155,-1
1625627005189,Tue Jul 06 20:03:25 PDT 2021,63,156,-1
1625635767611,Tue Jul 06 22:29:27 PDT 2021,63,157,0
1625672893028,Wed Jul 07 08:48:13 PDT 2021,63,160,-1
1625674724750,Wed Jul 07 09:18:44 PDT 2021,63,161,-1
1625675510551,Wed Jul 07 09:31:50 PDT 2021,63,162,0
1625676585576,Wed Jul 07 09:49:45 PDT 2021,63,163,-1
1625678193896,Wed Jul 07 10:16:33 PDT 2021,63,166,1
1625678889642,Wed Jul 07 10:28:09 PDT 2021,63,169,1
1625686195797,Wed Jul 07 12:29:55 PDT 2021,63,170,-1
1625692824854,Wed Jul 07 14:20:24 PDT 2021,63,172,-1
1625693810621,Wed Jul 07 14:36:50 PDT 2021,63,173,1
1625693823920,Wed Jul 07 14:37:03 PDT 2021,63,174,-1
1625694446837,Wed Jul 07 14:47:26 PDT 2021,63,176,-1
1625694751494,Wed Jul 07 14:52:31 PDT 2021,63,177,1
1625695424820,Wed Jul 07 15:03:44 PDT 2021,63,178,0
1625696426046,Wed Jul 07 15:20:26 PDT 2021,63,180,0
1625696512229,Wed Jul 07 15:21:52 PDT 2021,63,181,-1
1625698456369,Wed Jul 07 15:54:16 PDT 2021,63,183,1
1625699912164,Wed Jul 07 16:18:32 PDT 2021,63,186,-1
1625700538755,Wed Jul 07 16:28:58 PDT 2021,63,187,-1
1625700592377,Wed Jul 07 16:29:52 PDT 2021,63,188,-1
1625702405449,Wed Jul 07 17:00:05 PDT 2021,63,189,1
1625707250639,Wed Jul 07 18:20:50 PDT 2021,63,191,-1
1625710155724,Wed Jul 07 19:09:15 PDT 2021,63,193,-1
1625710348689,Wed Jul 07 19:12:28 PDT 2021,63,194,1
1625714432721,Wed Jul 07 20:20:32 PDT 2021,63,195,-1
1625722698412,Wed Jul 07 22:38:18 PDT 2021,63,196,-1
1625752679663,Thu Jul 08 06:57:59 PDT 2021,63,197,0
1625756027243,Thu Jul 08 07:53:47 PDT 2021,63,198,-1
1625759043730,Thu Jul 08 08:44:03 PDT 2021,63,199,-1
1625760374991,Thu Jul 08 09:06:14 PDT 2021,63,200,0
1625762429810,Thu Jul 08 09:40:29 PDT 2021,63,201,-1
1625763499563,Thu Jul 08 09:58:19 PDT 2021,63,203,-1
1625770335498,Thu Jul 08 11:52:15 PDT 2021,63,205,0
1625781709245,Thu Jul 08 15:01:49 PDT 2021,63,207,-1
1625783830295,Thu Jul 08 15:37:10 PDT 2021,63,208,-1
1625786839322,Thu Jul 08 16:27:19 PDT 2021,63,209,-1
1625790091690,Thu Jul 08 17:21:31 PDT 2021,63,210,-1
1625796351280,Thu Jul 08 19:05:51 PDT 2021,63,212,0
1625805439172,Thu Jul 08 21:37:19 PDT 2021,63,214,1
1625845009185,Fri Jul 09 08:36:49 PDT 2021,63,215,-1
1625853062933,Fri Jul 09 10:51:02 PDT 2021,63,216,-1
1625855694196,Fri Jul 09 11:34:54 PDT 2021,63,217,-1
1625863817340,Fri Jul 09 13:50:17 PDT 2021,63,218,-1
1625868200461,Fri Jul 09 15:03:20 PDT 2021,63,219,-1
1625921226607,Sat Jul 10 05:47:06 PDT 2021,63,223,-1
1625922312008,Sat Jul 10 06:05:12 PDT 2021,63,224,-1
1625926526454,Sat Jul 10 07:15:26 PDT 2021,63,225,1
1625929268169,Sat Jul 10 08:01:08 PDT 2021,63,226,1
1625937665568,Sat Jul 10 10:21:05 PDT 2021,63,227,1
1625939634239,Sat Jul 10 10:53:54 PDT 2021,63,228,-1
1625961571156,Sat Jul 10 16:59:31 PDT 2021,63,231,-1
1625965333623,Sat Jul 10 18:02:13 PDT 2021,63,232,-1
1625982371724,Sat Jul 10 22:46:11 PDT 2021,63,234,-1
1626011508975,Sun Jul 11 06:51:48 PDT 2021,63,236,1
1626015477593,Sun Jul 11 07:57:57 PDT 2021,63,237,-1
1626015736458,Sun Jul 11 08:02:16 PDT 2021,63,238,-1
1626018456446,Sun Jul 11 08:47:36 PDT 2021,63,239,1
1626027233002,Sun Jul 11 11:13:53 PDT 2021,63,240,-1
1626031887691,Sun Jul 11 12:31:27 PDT 2021,63,241,1
1626033738780,Sun Jul 11 13:02:18 PDT 2021,63,243,-1
1626050966280,Sun Jul 11 17:49:26 PDT 2021,63,246,1
1626055911979,Sun Jul 11 19:11:51 PDT 2021,63,247,-1
1626063122724,Sun Jul 11 21:12:02 PDT 2021,63,248,-1
1626097244708,Mon Jul 12 06:40:44 PDT 2021,63,249,-1
1626097280253,Mon Jul 12 06:41:20 PDT 2021,63,250,1
1626160406918,Tue Jul 13 00:13:26 PDT 2021,63,255,-1
1626184368034,Tue Jul 13 06:52:48 PDT 2021,63,256,-1
1626198223491,Tue Jul 13 10:43:43 PDT 2021,63,257,1
1626204130090,Tue Jul 13 12:22:10 PDT 2021,63,258,1
1626214014842,Tue Jul 13 15:06:54 PDT 2021,63,260,1
1626215310206,Tue Jul 13 15:28:30 PDT 2021,63,261,1
1626220800006,Tue Jul 13 17:00:00 PDT 2021,63,263,1
1626234577875,Tue Jul 13 20:49:37 PDT 2021,63,264,1
1626235305047,Tue Jul 13 21:01:45 PDT 2021,63,265,1
1626383575429,Thu Jul 15 14:12:55 PDT 2021,63,267,-1
1626360823421,Thu Jul 15 07:53:43 PDT 2021,63,269,-1
1626385944223,Thu Jul 15 14:52:24 PDT 2021,63,271,-1
1626455211096,Fri Jul 16 10:06:51 PDT 2021,63,274,-1
1626471219745,Fri Jul 16 14:33:39 PDT 2021,63,275,-1
1626492875546,Fri Jul 16 20:34:35 PDT 2021,63,276,0
1626540753323,Sat Jul 17 09:52:33 PDT 2021,63,278,0
1626540489964,Sat Jul 17 09:48:09 PDT 2021,63,279,-1
1626545860801,Sat Jul 17 11:17:40 PDT 2021,63,280,0
1626552296958,Sat Jul 17 13:04:56 PDT 2021,63,281,-1
1626553638249,Sat Jul 17 13:27:18 PDT 2021,63,282,-1
1626568323349,Sat Jul 17 17:32:03 PDT 2021,63,284,1
1626584487328,Sat Jul 17 22:01:27 PDT 2021,63,286,0
1626712909151,Mon Jul 19 09:41:49 PDT 2021,63,288,-1
1626716596792,Mon Jul 19 10:43:16 PDT 2021,63,290,0
1626720387767,Mon Jul 19 11:46:27 PDT 2021,63,291,0
1626724203909,Mon Jul 19 12:50:03 PDT 2021,63,292,1
1626737241510,Mon Jul 19 16:27:21 PDT 2021,63,294,-1
1626752365249,Mon Jul 19 20:39:25 PDT 2021,63,295,-1
1626791711561,Tue Jul 20 07:35:11 PDT 2021,63,296,0
1626798725393,Tue Jul 20 09:32:05 PDT 2021,63,298,-1
1626909857488,Wed Jul 21 16:24:17 PDT 2021,63,299,-1
1626965123772,Thu Jul 22 07:45:23 PDT 2021,63,300,-1
1627000801775,Thu Jul 22 17:40:01 PDT 2021,63,302,-1
1627002641558,Thu Jul 22 18:10:41 PDT 2021,63,303,1
1627007852314,Thu Jul 22 19:37:32 PDT 2021,63,304,0
1627008421561,Thu Jul 22 19:47:01 PDT 2021,63,305,-1
1627083713408,Fri Jul 23 16:41:53 PDT 2021,63,309,-1
1627085144360,Fri Jul 23 17:05:44 PDT 2021,63,310,-1
1627087100477,Fri Jul 23 17:38:20 PDT 2021,63,311,-1
1627087995486,Fri Jul 23 17:53:15 PDT 2021,63,312,-1
1627099759666,Fri Jul 23 21:09:19 PDT 2021,63,313,-1
1627100669103,Fri Jul 23 21:24:29 PDT 2021,63,314,-1
1627101887667,Fri Jul 23 21:44:47 PDT 2021,63,315,-1
1627163083435,Sat Jul 24 14:44:43 PDT 2021,63,317,0
1627187541472,Sat Jul 24 21:32:21 PDT 2021,63,318,1
1627191754764,Sat Jul 24 22:42:34 PDT 2021,63,319,1
1627407325614,Tue Jul 27 10:35:25 PDT 2021,63,322,1
1627414871845,Tue Jul 27 12:41:11 PDT 2021,63,325,1
1627698347504,Fri Jul 30 19:25:47 PDT 2021,63,326,1
1627451108575,Tue Jul 27 22:45:08 PDT 2021,63,328,1
1627502517362,Wed Jul 28 13:01:57 PDT 2021,63,332,1
1627503251535,Wed Jul 28 13:14:11 PDT 2021,63,334,1
1627504011449,Wed Jul 28 13:26:51 PDT 2021,63,335,-1
1627504850997,Wed Jul 28 13:40:50 PDT 2021,63,337,1
1627505962916,Wed Jul 28 13:59:22 PDT 2021,63,339,1
1627506071928,Wed Jul 28 14:01:11 PDT 2021,63,340,1
1627506762203,Wed Jul 28 14:12:42 PDT 2021,63,341,1
1627508725150,Wed Jul 28 14:45:25 PDT 2021,63,343,-1
1627509363271,Wed Jul 28 14:56:03 PDT 2021,63,345,0
1627514999755,Wed Jul 28 16:29:59 PDT 2021,63,348,-1
1627515330952,Wed Jul 28 16:35:30 PDT 2021,63,350,0
1627522997236,Wed Jul 28 18:43:17 PDT 2021,63,353,-1
1627521970194,Wed Jul 28 18:26:10 PDT 2021,63,356,-1
1627529631208,Wed Jul 28 20:33:51 PDT 2021,63,357,1
1627532238322,Wed Jul 28 21:17:18 PDT 2021,63,358,1
1627536191841,Wed Jul 28 22:23:11 PDT 2021,63,361,-1
1627543469977,Thu Jul 29 00:24:29 PDT 2021,63,364,-1
1627573912832,Thu Jul 29 08:51:52 PDT 2021,63,366,1
1627579337327,Thu Jul 29 10:22:17 PDT 2021,63,368,-1
1627577940859,Thu Jul 29 09:59:00 PDT 2021,63,369,1
1627586880118,Thu Jul 29 12:28:00 PDT 2021,63,373,-1
1627608632049,Thu Jul 29 18:30:32 PDT 2021,63,376,-1
1627612116981,Thu Jul 29 19:28:36 PDT 2021,63,377,1
1627613927583,Thu Jul 29 19:58:47 PDT 2021,63,378,-1
1627656362408,Fri Jul 30 07:46:02 PDT 2021,63,380,-1
1627656198231,Fri Jul 30 07:43:18 PDT 2021,63,381,-1
1627663814658,Fri Jul 30 09:50:14 PDT 2021,63,382,1
1627666703376,Fri Jul 30 10:38:23 PDT 2021,63,384,1
1627676064676,Fri Jul 30 13:14:24 PDT 2021,63,386,-1
1627680247877,Fri Jul 30 14:24:07 PDT 2021,63,388,0
1627682012689,Fri Jul 30 14:53:32 PDT 2021,63,389,-1
1627685438543,Fri Jul 30 15:50:38 PDT 2021,63,393,0
1627685438558,Fri Jul 30 15:50:38 PDT 2021,63,393,0
1627686027656,Fri Jul 30 16:00:27 PDT 2021,63,394,1
1627702359702,Fri Jul 30 20:32:39 PDT 2021,63,396,-1
1627752601204,Sat Jul 31 10:30:01 PDT 2021,63,398,1
1627760025060,Sat Jul 31 12:33:45 PDT 2021,63,400,1
1627769621368,Sat Jul 31 15:13:41 PDT 2021,63,401,-1
1627771798469,Sat Jul 31 15:49:58 PDT 2021,63,402,1
1627775796508,Sat Jul 31 16:56:36 PDT 2021,63,403,-1
1627837988930,Sun Aug 01 10:13:08 PDT 2021,63,404,1
1625002058098,Tue Jun 29 14:27:38 PDT 2021,64,0,1
1625600416583,Tue Jul 06 12:40:16 PDT 2021,64,12,1
1625002074326,Tue Jun 29 14:27:54 PDT 2021,64,14,-1
1625003283879,Tue Jun 29 14:48:03 PDT 2021,64,15,-1
1625003754904,Tue Jun 29 14:55:54 PDT 2021,64,16,1
1625007113334,Tue Jun 29 15:51:53 PDT 2021,64,17,-1
1625007230787,Tue Jun 29 15:53:50 PDT 2021,64,18,-1
1625007901863,Tue Jun 29 16:05:01 PDT 2021,64,19,1
1625008693379,Tue Jun 29 16:18:13 PDT 2021,64,21,1
1625008908720,Tue Jun 29 16:21:48 PDT 2021,64,22,-1
1625019564029,Tue Jun 29 19:19:24 PDT 2021,64,24,1
1625019716482,Tue Jun 29 19:21:56 PDT 2021,64,25,1
1625019607285,Tue Jun 29 19:20:07 PDT 2021,64,26,1
1625021575777,Tue Jun 29 19:52:55 PDT 2021,64,27,1
1625055319021,Wed Jun 30 05:15:19 PDT 2021,64,28,-1
1625057705954,Wed Jun 30 05:55:05 PDT 2021,64,30,1
1625064223137,Wed Jun 30 07:43:43 PDT 2021,64,33,-1
1625066134267,Wed Jun 30 08:15:34 PDT 2021,64,34,-1
1625068098847,Wed Jun 30 08:48:18 PDT 2021,64,35,-1
1625068358213,Wed Jun 30 08:52:38 PDT 2021,64,36,-1
1625071296505,Wed Jun 30 09:41:36 PDT 2021,64,37,-1
1625071839896,Wed Jun 30 09:50:39 PDT 2021,64,38,-1
1625082207082,Wed Jun 30 12:43:27 PDT 2021,64,40,-1
1625098916617,Wed Jun 30 17:21:56 PDT 2021,64,41,-1
1625085859857,Wed Jun 30 13:44:19 PDT 2021,64,42,1
1625089417662,Wed Jun 30 14:43:37 PDT 2021,64,43,1
1625092063884,Wed Jun 30 15:27:43 PDT 2021,64,44,-1
1625092776536,Wed Jun 30 15:39:36 PDT 2021,64,45,1
1625094796935,Wed Jun 30 16:13:16 PDT 2021,64,46,-1
1625094918155,Wed Jun 30 16:15:18 PDT 2021,64,47,1
1625095722313,Wed Jun 30 16:28:42 PDT 2021,64,48,1
1625099027319,Wed Jun 30 17:23:47 PDT 2021,64,50,1
1625100939233,Wed Jun 30 17:55:39 PDT 2021,64,51,1
1625100866209,Wed Jun 30 17:54:26 PDT 2021,64,52,-1
1625101184615,Wed Jun 30 17:59:44 PDT 2021,64,53,-1
1625101180522,Wed Jun 30 17:59:40 PDT 2021,64,54,1
1625107905704,Wed Jun 30 19:51:45 PDT 2021,64,55,-1
1625112090062,Wed Jun 30 21:01:30 PDT 2021,64,56,-1
1625115828864,Wed Jun 30 22:03:48 PDT 2021,64,57,-1
1625117140807,Wed Jun 30 22:25:40 PDT 2021,64,58,-1
1625117681881,Wed Jun 30 22:34:41 PDT 2021,64,59,-1
1625120584653,Wed Jun 30 23:23:04 PDT 2021,64,60,-1
1625149986096,Thu Jul 01 07:33:06 PDT 2021,64,61,-1
1625150948013,Thu Jul 01 07:49:08 PDT 2021,64,62,-1
1625152792690,Thu Jul 01 08:19:52 PDT 2021,64,63,1
1625155369851,Thu Jul 01 09:02:49 PDT 2021,64,64,1
1625157728135,Thu Jul 01 09:42:08 PDT 2021,64,65,0
1625158680794,Thu Jul 01 09:58:00 PDT 2021,64,66,0
1625158997816,Thu Jul 01 10:03:17 PDT 2021,64,67,-1
1625159372316,Thu Jul 01 10:09:32 PDT 2021,64,68,-1
1625159738474,Thu Jul 01 10:15:38 PDT 2021,64,69,-1
1625159886332,Thu Jul 01 10:18:06 PDT 2021,64,70,-1
1625160755306,Thu Jul 01 10:32:35 PDT 2021,64,71,1
1625163054276,Thu Jul 01 11:10:54 PDT 2021,64,72,1
1625163203013,Thu Jul 01 11:13:23 PDT 2021,64,73,1
1625163703550,Thu Jul 01 11:21:43 PDT 2021,64,74,0
1625163848282,Thu Jul 01 11:24:08 PDT 2021,64,80,-1
1625163968813,Thu Jul 01 11:26:08 PDT 2021,64,82,-1
1625164014647,Thu Jul 01 11:26:54 PDT 2021,64,83,-1
1625164392600,Thu Jul 01 11:33:12 PDT 2021,64,84,-1
1625164553982,Thu Jul 01 11:35:53 PDT 2021,64,85,1
1625165258501,Thu Jul 01 11:47:38 PDT 2021,64,86,-1
1625165594496,Thu Jul 01 11:53:14 PDT 2021,64,87,1
1625165747686,Thu Jul 01 11:55:47 PDT 2021,64,88,1
1625165850436,Thu Jul 01 11:57:30 PDT 2021,64,89,1
1625165975938,Thu Jul 01 11:59:35 PDT 2021,64,90,-1
1625166098848,Thu Jul 01 12:01:38 PDT 2021,64,91,1
1625168087265,Thu Jul 01 12:34:47 PDT 2021,64,92,-1
1625173355683,Thu Jul 01 14:02:35 PDT 2021,64,93,-1
1625174349361,Thu Jul 01 14:19:09 PDT 2021,64,94,-1
1625174678477,Thu Jul 01 14:24:38 PDT 2021,64,95,-1
1625182615300,Thu Jul 01 16:36:55 PDT 2021,64,96,-1
1625185151076,Thu Jul 01 17:19:11 PDT 2021,64,97,1
1625186012165,Thu Jul 01 17:33:32 PDT 2021,64,98,-1
1625189741413,Thu Jul 01 18:35:41 PDT 2021,64,99,0
1625190062250,Thu Jul 01 18:41:02 PDT 2021,64,100,-1
1625190545138,Thu Jul 01 18:49:05 PDT 2021,64,101,-1
1625199618010,Thu Jul 01 21:20:18 PDT 2021,64,102,0
1625237960249,Fri Jul 02 07:59:20 PDT 2021,64,103,1
1625241098557,Fri Jul 02 08:51:38 PDT 2021,64,104,1
1625241604241,Fri Jul 02 09:00:04 PDT 2021,64,105,-1
1625241743065,Fri Jul 02 09:02:23 PDT 2021,64,106,1
1625245438001,Fri Jul 02 10:03:58 PDT 2021,64,107,-1
1625251327360,Fri Jul 02 11:42:07 PDT 2021,64,108,-1
1625252404361,Fri Jul 02 12:00:04 PDT 2021,64,109,1
1625265242507,Fri Jul 02 15:34:02 PDT 2021,64,110,-1
1625266068574,Fri Jul 02 15:47:48 PDT 2021,64,111,-1
1625273904037,Fri Jul 02 17:58:24 PDT 2021,64,112,-1
1625280253422,Fri Jul 02 19:44:13 PDT 2021,64,113,0
1625295357424,Fri Jul 02 23:55:57 PDT 2021,64,115,-1
1625320313038,Sat Jul 03 06:51:53 PDT 2021,64,116,-1
1625322528650,Sat Jul 03 07:28:48 PDT 2021,64,117,1
1625328974349,Sat Jul 03 09:16:14 PDT 2021,64,118,-1
1625333200895,Sat Jul 03 10:26:40 PDT 2021,64,119,1
1625361744828,Sat Jul 03 18:22:24 PDT 2021,64,120,1
1625364412332,Sat Jul 03 19:06:52 PDT 2021,64,121,-1
1625365169064,Sat Jul 03 19:19:29 PDT 2021,64,122,-1
1625365571917,Sat Jul 03 19:26:11 PDT 2021,64,123,-1
1625374475722,Sat Jul 03 21:54:35 PDT 2021,64,124,-1
1625383656608,Sun Jul 04 00:27:36 PDT 2021,64,125,-1
1625410034942,Sun Jul 04 07:47:14 PDT 2021,64,126,1
1625413324336,Sun Jul 04 08:42:04 PDT 2021,64,127,1
1625415989189,Sun Jul 04 09:26:29 PDT 2021,64,129,-1
1625416041878,Sun Jul 04 09:27:21 PDT 2021,64,130,-1
1625424107550,Sun Jul 04 11:41:47 PDT 2021,64,131,-1
1625428705922,Sun Jul 04 12:58:25 PDT 2021,64,132,-1
1625428758112,Sun Jul 04 12:59:18 PDT 2021,64,133,-1
1625434918488,Sun Jul 04 14:41:58 PDT 2021,64,134,1
1625435029369,Sun Jul 04 14:43:49 PDT 2021,64,135,1
1625435964204,Sun Jul 04 14:59:24 PDT 2021,64,136,-1
1625436789392,Sun Jul 04 15:13:09 PDT 2021,64,137,1
1625451877307,Sun Jul 04 19:24:37 PDT 2021,64,141,-1
1625454469613,Sun Jul 04 20:07:49 PDT 2021,64,142,-1
1625460915094,Sun Jul 04 21:55:15 PDT 2021,64,144,-1
1625461692045,Sun Jul 04 22:08:12 PDT 2021,64,145,-1
1625465150177,Sun Jul 04 23:05:50 PDT 2021,64,146,-1
1625495405423,Mon Jul 05 07:30:05 PDT 2021,64,147,1
1625528596903,Mon Jul 05 16:43:16 PDT 2021,64,148,-1
1625593547416,Tue Jul 06 10:45:47 PDT 2021,64,151,-1
1625597474302,Tue Jul 06 11:51:14 PDT 2021,64,152,-1
1625597883945,Tue Jul 06 11:58:03 PDT 2021,64,153,-1
1625601329273,Tue Jul 06 12:55:29 PDT 2021,64,154,-1
1625611130283,Tue Jul 06 15:38:50 PDT 2021,64,155,1
1625626908448,Tue Jul 06 20:01:48 PDT 2021,64,156,-1
1625635630527,Tue Jul 06 22:27:10 PDT 2021,64,157,1
1625672286277,Wed Jul 07 08:38:06 PDT 2021,64,159,-1
1625672653630,Wed Jul 07 08:44:13 PDT 2021,64,160,-1
1625674354898,Wed Jul 07 09:12:34 PDT 2021,64,161,-1
1625674891663,Wed Jul 07 09:21:31 PDT 2021,64,162,-1
1625676353093,Wed Jul 07 09:45:53 PDT 2021,64,163,-1
1625676939767,Wed Jul 07 09:55:39 PDT 2021,64,164,-1
1625677358134,Wed Jul 07 10:02:38 PDT 2021,64,165,-1
1625677445106,Wed Jul 07 10:04:05 PDT 2021,64,166,-1
1625677611818,Wed Jul 07 10:06:51 PDT 2021,64,167,-1
1625677727040,Wed Jul 07 10:08:47 PDT 2021,64,168,1
1625678805794,Wed Jul 07 10:26:45 PDT 2021,64,169,1
1625686132983,Wed Jul 07 12:28:52 PDT 2021,64,170,-1
1625689306434,Wed Jul 07 13:21:46 PDT 2021,64,171,0
1625690015582,Wed Jul 07 13:33:35 PDT 2021,64,172,-1
1625692940051,Wed Jul 07 14:22:20 PDT 2021,64,173,1
1625693786112,Wed Jul 07 14:36:26 PDT 2021,64,174,1
1625694391591,Wed Jul 07 14:46:31 PDT 2021,64,176,1
1625694483846,Wed Jul 07 14:48:03 PDT 2021,64,177,-1
1625695182439,Wed Jul 07 14:59:42 PDT 2021,64,178,1
1625695456545,Wed Jul 07 15:04:16 PDT 2021,64,179,1
1625696088465,Wed Jul 07 15:14:48 PDT 2021,64,180,1
1625696345940,Wed Jul 07 15:19:05 PDT 2021,64,181,1
1625697107679,Wed Jul 07 15:31:47 PDT 2021,64,182,-1
1625697507490,Wed Jul 07 15:38:27 PDT 2021,64,183,1
1625699212447,Wed Jul 07 16:06:52 PDT 2021,64,184,1
1625699616079,Wed Jul 07 16:13:36 PDT 2021,64,186,1
1625700001414,Wed Jul 07 16:20:01 PDT 2021,64,187,1
1625700273274,Wed Jul 07 16:24:33 PDT 2021,64,188,0
1625702427688,Wed Jul 07 17:00:27 PDT 2021,64,189,1
1625705270087,Wed Jul 07 17:47:50 PDT 2021,64,190,1
1625706886480,Wed Jul 07 18:14:46 PDT 2021,64,191,0
1625708817908,Wed Jul 07 18:46:57 PDT 2021,64,192,1
1625709791482,Wed Jul 07 19:03:11 PDT 2021,64,193,1
1625710196284,Wed Jul 07 19:09:56 PDT 2021,64,194,1
1625714321577,Wed Jul 07 20:18:41 PDT 2021,64,195,1
1625722643244,Wed Jul 07 22:37:23 PDT 2021,64,196,-1
1625752450583,Thu Jul 08 06:54:10 PDT 2021,64,197,1
1625755312175,Thu Jul 08 07:41:52 PDT 2021,64,198,1
1625758691982,Thu Jul 08 08:38:11 PDT 2021,64,199,-1
1625760003471,Thu Jul 08 09:00:03 PDT 2021,64,200,-1
1625762317174,Thu Jul 08 09:38:37 PDT 2021,64,201,1
1625763274242,Thu Jul 08 09:54:34 PDT 2021,64,203,1
1625767995226,Thu Jul 08 11:13:15 PDT 2021,64,204,1
1625770150216,Thu Jul 08 11:49:10 PDT 2021,64,205,1
1625772268620,Thu Jul 08 12:24:28 PDT 2021,64,206,1
1625781494701,Thu Jul 08 14:58:14 PDT 2021,64,207,0
1625783578919,Thu Jul 08 15:32:58 PDT 2021,64,208,1
1625785955954,Thu Jul 08 16:12:35 PDT 2021,64,209,-1
1625787135846,Thu Jul 08 16:32:15 PDT 2021,64,210,1
1625796150249,Thu Jul 08 19:02:30 PDT 2021,64,212,1
1625801344827,Thu Jul 08 20:29:04 PDT 2021,64,213,1
1625805382313,Thu Jul 08 21:36:22 PDT 2021,64,214,1
1625844297599,Fri Jul 09 08:24:57 PDT 2021,64,215,-1
1625852910521,Fri Jul 09 10:48:30 PDT 2021,64,216,1
1625855226310,Fri Jul 09 11:27:06 PDT 2021,64,217,-1
1625863154968,Fri Jul 09 13:39:14 PDT 2021,64,218,1
1625867895085,Fri Jul 09 14:58:15 PDT 2021,64,219,1
1625921031961,Sat Jul 10 05:43:51 PDT 2021,64,223,-1
1625921791073,Sat Jul 10 05:56:31 PDT 2021,64,224,-1
1625926422321,Sat Jul 10 07:13:42 PDT 2021,64,225,0
1625928687494,Sat Jul 10 07:51:27 PDT 2021,64,226,-1
1625932362538,Sat Jul 10 08:52:42 PDT 2021,64,227,-1
1625939192438,Sat Jul 10 10:46:32 PDT 2021,64,228,0
1625957539484,Sat Jul 10 15:52:19 PDT 2021,64,230,1
1625961416791,Sat Jul 10 16:56:56 PDT 2021,64,231,-1
1625964305508,Sat Jul 10 17:45:05 PDT 2021,64,232,1
1625971282090,Sat Jul 10 19:41:22 PDT 2021,64,233,-1
1625982016497,Sat Jul 10 22:40:16 PDT 2021,64,234,-1
1626008476858,Sun Jul 11 06:01:16 PDT 2021,64,235,1
1626008477852,Sun Jul 11 06:01:17 PDT 2021,64,235,1
1626011236956,Sun Jul 11 06:47:16 PDT 2021,64,236,-1
1626014855987,Sun Jul 11 07:47:35 PDT 2021,64,237,-1
1626015069049,Sun Jul 11 07:51:09 PDT 2021,64,238,-1
1626016200602,Sun Jul 11 08:10:00 PDT 2021,64,239,-1
1626027226304,Sun Jul 11 11:13:46 PDT 2021,64,240,1
1626029788254,Sun Jul 11 11:56:28 PDT 2021,64,241,-1
1626033083504,Sun Jul 11 12:51:23 PDT 2021,64,243,1
1626041753116,Sun Jul 11 15:15:53 PDT 2021,64,245,0
1626050873857,Sun Jul 11 17:47:53 PDT 2021,64,246,-1
1626055616575,Sun Jul 11 19:06:56 PDT 2021,64,247,-1
1626062831052,Sun Jul 11 21:07:11 PDT 2021,64,248,-1
1626096865641,Mon Jul 12 06:34:25 PDT 2021,64,249,-1
1626097063143,Mon Jul 12 06:37:43 PDT 2021,64,250,-1
1626100674883,Mon Jul 12 07:37:54 PDT 2021,64,251,-1
1626103800766,Mon Jul 12 08:30:00 PDT 2021,64,252,-1
1626160054884,Tue Jul 13 00:07:34 PDT 2021,64,255,1
1626184095817,Tue Jul 13 06:48:15 PDT 2021,64,256,-1
1626197902526,Tue Jul 13 10:38:22 PDT 2021,64,257,-1
1626204113306,Tue Jul 13 12:21:53 PDT 2021,64,258,0
1626227926570,Tue Jul 13 18:58:46 PDT 2021,64,259,-1
1626213680168,Tue Jul 13 15:01:20 PDT 2021,64,260,-1
1626215315653,Tue Jul 13 15:28:35 PDT 2021,64,261,1
1626218655418,Tue Jul 13 16:24:15 PDT 2021,64,262,0
1626220573043,Tue Jul 13 16:56:13 PDT 2021,64,263,-1
1626234484427,Tue Jul 13 20:48:04 PDT 2021,64,264,-1
1626235220888,Tue Jul 13 21:00:20 PDT 2021,64,265,-1
1626275987394,Wed Jul 14 08:19:47 PDT 2021,64,266,0
1626318719000,Wed Jul 14 20:11:59 PDT 2021,64,267,0
1626328207590,Wed Jul 14 22:50:07 PDT 2021,64,268,-1
1626360293993,Thu Jul 15 07:44:53 PDT 2021,64,269,-1
1626385471196,Thu Jul 15 14:44:31 PDT 2021,64,271,0
1626415263953,Thu Jul 15 23:01:03 PDT 2021,64,272,-1
1626454993782,Fri Jul 16 10:03:13 PDT 2021,64,273,-1
1626455187367,Fri Jul 16 10:06:27 PDT 2021,64,274,0
1626470843097,Fri Jul 16 14:27:23 PDT 2021,64,275,-1
1626492563614,Fri Jul 16 20:29:23 PDT 2021,64,276,-1
1626540218553,Sat Jul 17 09:43:38 PDT 2021,64,278,-1
1626540297773,Sat Jul 17 09:44:57 PDT 2021,64,279,1
1626544830421,Sat Jul 17 11:00:30 PDT 2021,64,280,1
1626552228888,Sat Jul 17 13:03:48 PDT 2021,64,281,-1
1626553283043,Sat Jul 17 13:21:23 PDT 2021,64,282,-1
1626567881447,Sat Jul 17 17:24:41 PDT 2021,64,284,1
1626577991155,Sat Jul 17 20:13:11 PDT 2021,64,285,-1
1626584518037,Sat Jul 17 22:01:58 PDT 2021,64,286,-1
1626712731040,Mon Jul 19 09:38:51 PDT 2021,64,288,-1
1626716222133,Mon Jul 19 10:37:02 PDT 2021,64,290,-1
1626719722106,Mon Jul 19 11:35:22 PDT 2021,64,291,-1
1626723799119,Mon Jul 19 12:43:19 PDT 2021,64,292,-1
1626737254959,Mon Jul 19 16:27:34 PDT 2021,64,294,-1
1626751773100,Mon Jul 19 20:29:33 PDT 2021,64,295,-1
1626791551132,Tue Jul 20 07:32:31 PDT 2021,64,296,-1
1626798425889,Tue Jul 20 09:27:05 PDT 2021,64,298,-1
1626907925086,Wed Jul 21 15:52:05 PDT 2021,64,299,-1
1626910689640,Wed Jul 21 16:38:09 PDT 2021,64,300,0
1626918928450,Wed Jul 21 18:55:28 PDT 2021,64,301,-1
1627000726126,Thu Jul 22 17:38:46 PDT 2021,64,302,-1
1627002306672,Thu Jul 22 18:05:06 PDT 2021,64,303,-1
1627007668389,Thu Jul 22 19:34:28 PDT 2021,64,304,-1
1627008317352,Thu Jul 22 19:45:17 PDT 2021,64,305,-1
1627082435985,Fri Jul 23 16:20:35 PDT 2021,64,308,1
1627083674853,Fri Jul 23 16:41:14 PDT 2021,64,309,-1
1627084961880,Fri Jul 23 17:02:41 PDT 2021,64,310,1
1627086431835,Fri Jul 23 17:27:11 PDT 2021,64,311,1
1627087667376,Fri Jul 23 17:47:47 PDT 2021,64,312,-1
1627099529041,Fri Jul 23 21:05:29 PDT 2021,64,313,-1
1627100512002,Fri Jul 23 21:21:52 PDT 2021,64,314,-1
1627101374647,Fri Jul 23 21:36:14 PDT 2021,64,315,-1
1627131511131,Sat Jul 24 05:58:31 PDT 2021,64,316,-1
1627162353847,Sat Jul 24 14:32:33 PDT 2021,64,317,1
1627186971130,Sat Jul 24 21:22:51 PDT 2021,64,318,1
1627191349549,Sat Jul 24 22:35:49 PDT 2021,64,319,1
1627404816108,Tue Jul 27 09:53:36 PDT 2021,64,321,-1
1627407210967,Tue Jul 27 10:33:30 PDT 2021,64,322,1
1627409346567,Tue Jul 27 11:09:06 PDT 2021,64,323,1
1627414636232,Tue Jul 27 12:37:16 PDT 2021,64,325,-1
1627424486123,Tue Jul 27 15:21:26 PDT 2021,64,326,1
1627439261437,Tue Jul 27 19:27:41 PDT 2021,64,327,-1
1627451082862,Tue Jul 27 22:44:42 PDT 2021,64,328,-1
1627451425771,Tue Jul 27 22:50:25 PDT 2021,64,329,-1
1627451621764,Tue Jul 27 22:53:41 PDT 2021,64,330,1
1627501571600,Wed Jul 28 12:46:11 PDT 2021,64,332,-1
1627503069070,Wed Jul 28 13:11:09 PDT 2021,64,333,-1
1627503119306,Wed Jul 28 13:11:59 PDT 2021,64,334,-1
1627503868383,Wed Jul 28 13:24:28 PDT 2021,64,335,-1
1627504596105,Wed Jul 28 13:36:36 PDT 2021,64,336,-1
1627504818199,Wed Jul 28 13:40:18 PDT 2021,64,337,-1
1627505470307,Wed Jul 28 13:51:10 PDT 2021,64,339,-1
1627506039640,Wed Jul 28 14:00:39 PDT 2021,64,340,-1
1627506606045,Wed Jul 28 14:10:06 PDT 2021,64,341,-1
1627506754804,Wed Jul 28 14:12:34 PDT 2021,64,342,1
1627508423466,Wed Jul 28 14:40:23 PDT 2021,64,343,-1
1627508573877,Wed Jul 28 14:42:53 PDT 2021,64,344,-1
1627508831690,Wed Jul 28 14:47:11 PDT 2021,64,345,-1
1627509851578,Wed Jul 28 15:04:11 PDT 2021,64,346,-1
1627510252533,Wed Jul 28 15:10:52 PDT 2021,64,347,1
1627514888139,Wed Jul 28 16:28:08 PDT 2021,64,348,1
1627514987342,Wed Jul 28 16:29:47 PDT 2021,64,349,-1
1627515275528,Wed Jul 28 16:34:35 PDT 2021,64,350,1
1627517969605,Wed Jul 28 17:19:29 PDT 2021,64,352,-1
1627520200918,Wed Jul 28 17:56:40 PDT 2021,64,353,0
1627521529501,Wed Jul 28 18:18:49 PDT 2021,64,356,-1
1627528953343,Wed Jul 28 20:22:33 PDT 2021,64,357,-1
1627531445066,Wed Jul 28 21:04:05 PDT 2021,64,358,1
1627532109812,Wed Jul 28 21:15:09 PDT 2021,64,359,-1
1627532422564,Wed Jul 28 21:20:22 PDT 2021,64,360,-1
1627535121237,Wed Jul 28 22:05:21 PDT 2021,64,361,-1
1627535358896,Wed Jul 28 22:09:18 PDT 2021,64,362,1
1627536461885,Wed Jul 28 22:27:41 PDT 2021,64,363,-1
1627542825284,Thu Jul 29 00:13:45 PDT 2021,64,364,-1
1627568039422,Thu Jul 29 07:13:59 PDT 2021,64,365,-1
1627573224997,Thu Jul 29 08:40:24 PDT 2021,64,366,-1
1627577166411,Thu Jul 29 09:46:06 PDT 2021,64,367,-1
1627577778428,Thu Jul 29 09:56:18 PDT 2021,64,368,-1
1627577883660,Thu Jul 29 09:58:03 PDT 2021,64,369,1
1627579514290,Thu Jul 29 10:25:14 PDT 2021,64,370,-1
1627583751091,Thu Jul 29 11:35:51 PDT 2021,64,371,1
1627585062682,Thu Jul 29 11:57:42 PDT 2021,64,372,1
1627586445625,Thu Jul 29 12:20:45 PDT 2021,64,373,-1
1627593483896,Thu Jul 29 14:18:03 PDT 2021,64,374,1
1627595196321,Thu Jul 29 14:46:36 PDT 2021,64,375,-1
1627607269307,Thu Jul 29 18:07:49 PDT 2021,64,376,-1
1627611812504,Thu Jul 29 19:23:32 PDT 2021,64,377,-1
1627613516926,Thu Jul 29 19:51:56 PDT 2021,64,378,-1
1627617962664,Thu Jul 29 21:06:02 PDT 2021,64,379,-1
1627654767244,Fri Jul 30 07:19:27 PDT 2021,64,380,-1
1627655899129,Fri Jul 30 07:38:19 PDT 2021,64,381,-1
1627663545693,Fri Jul 30 09:45:45 PDT 2021,64,382,1
1627664860350,Fri Jul 30 10:07:40 PDT 2021,64,383,-1
1627666365842,Fri Jul 30 10:32:45 PDT 2021,64,384,1
1627673670370,Fri Jul 30 12:34:30 PDT 2021,64,385,-1
1627675158762,Fri Jul 30 12:59:18 PDT 2021,64,386,1
1627675568094,Fri Jul 30 13:06:08 PDT 2021,64,387,1
1627679993656,Fri Jul 30 14:19:53 PDT 2021,64,388,-1
1627681300271,Fri Jul 30 14:41:40 PDT 2021,64,389,1
1627682243206,Fri Jul 30 14:57:23 PDT 2021,64,390,-1
1627683978822,Fri Jul 30 15:26:18 PDT 2021,64,391,-1
1627684444646,Fri Jul 30 15:34:04 PDT 2021,64,392,1
1627685087077,Fri Jul 30 15:44:47 PDT 2021,64,393,1
1627685970664,Fri Jul 30 15:59:30 PDT 2021,64,394,-1
1627689838601,Fri Jul 30 17:03:58 PDT 2021,64,395,1
1627701853828,Fri Jul 30 20:24:13 PDT 2021,64,396,1
1627752382934,Sat Jul 31 10:26:22 PDT 2021,64,397,-1
1627752500930,Sat Jul 31 10:28:20 PDT 2021,64,398,1
1627756935062,Sat Jul 31 11:42:15 PDT 2021,64,399,0
1627759700531,Sat Jul 31 12:28:20 PDT 2021,64,400,-1
1627769526555,Sat Jul 31 15:12:06 PDT 2021,64,401,-1
1627771656854,Sat Jul 31 15:47:36 PDT 2021,64,402,-1
1627775235648,Sat Jul 31 16:47:15 PDT 2021,64,403,-1
1627837515167,Sun Aug 01 10:05:15 PDT 2021,64,404,-1
1625002054460,Tue Jun 29 14:27:34 PDT 2021,65,0,-1
1625600439591,Tue Jul 06 12:40:39 PDT 2021,65,12,-1
1625002088406,Tue Jun 29 14:28:08 PDT 2021,65,14,-1
1625003264915,Tue Jun 29 14:47:44 PDT 2021,65,15,-1
1625003955325,Tue Jun 29 14:59:15 PDT 2021,65,16,-1
1625007108139,Tue Jun 29 15:51:48 PDT 2021,65,17,-1
1625007258456,Tue Jun 29 15:54:18 PDT 2021,65,18,-1
1625008193681,Tue Jun 29 16:09:53 PDT 2021,65,19,-1
1625008634153,Tue Jun 29 16:17:14 PDT 2021,65,21,-1
1625008844395,Tue Jun 29 16:20:44 PDT 2021,65,22,-1
1625019553191,Tue Jun 29 19:19:13 PDT 2021,65,24,-1
1625019677123,Tue Jun 29 19:21:17 PDT 2021,65,25,-1
1625019634814,Tue Jun 29 19:20:34 PDT 2021,65,26,-1
1625021534060,Tue Jun 29 19:52:14 PDT 2021,65,27,-1
1625021534509,Tue Jun 29 19:52:14 PDT 2021,65,27,-1
1625055433496,Wed Jun 30 05:17:13 PDT 2021,65,28,-1
1625057640690,Wed Jun 30 05:54:00 PDT 2021,65,30,-1
1625064202042,Wed Jun 30 07:43:22 PDT 2021,65,33,1
1625066170266,Wed Jun 30 08:16:10 PDT 2021,65,34,-1
1625068133985,Wed Jun 30 08:48:53 PDT 2021,65,35,-1
1625068510660,Wed Jun 30 08:55:10 PDT 2021,65,36,-1
1625071298423,Wed Jun 30 09:41:38 PDT 2021,65,37,1
1625071838369,Wed Jun 30 09:50:38 PDT 2021,65,38,-1
1625082253008,Wed Jun 30 12:44:13 PDT 2021,65,40,-1
1625098936804,Wed Jun 30 17:22:16 PDT 2021,65,41,-1
1625085824351,Wed Jun 30 13:43:44 PDT 2021,65,42,-1
1625089354579,Wed Jun 30 14:42:34 PDT 2021,65,43,0
1625092141188,Wed Jun 30 15:29:01 PDT 2021,65,44,1
1625092784197,Wed Jun 30 15:39:44 PDT 2021,65,45,-1
1625094798978,Wed Jun 30 16:13:18 PDT 2021,65,46,-1
1625094911716,Wed Jun 30 16:15:11 PDT 2021,65,47,-1
1625095707895,Wed Jun 30 16:28:27 PDT 2021,65,48,-1
1625099025395,Wed Jun 30 17:23:45 PDT 2021,65,50,-1
1625100871108,Wed Jun 30 17:54:31 PDT 2021,65,51,-1
1625100887313,Wed Jun 30 17:54:47 PDT 2021,65,52,-1
1625101188587,Wed Jun 30 17:59:48 PDT 2021,65,53,-1
1625101178877,Wed Jun 30 17:59:38 PDT 2021,65,54,-1
1625107844070,Wed Jun 30 19:50:44 PDT 2021,65,55,1
1625112104726,Wed Jun 30 21:01:44 PDT 2021,65,56,1
1625115866295,Wed Jun 30 22:04:26 PDT 2021,65,57,-1
1625117119521,Wed Jun 30 22:25:19 PDT 2021,65,58,1
1625117560339,Wed Jun 30 22:32:40 PDT 2021,65,59,-1
1625120619564,Wed Jun 30 23:23:39 PDT 2021,65,60,-1
1625149960345,Thu Jul 01 07:32:40 PDT 2021,65,61,-1
1625150908520,Thu Jul 01 07:48:28 PDT 2021,65,62,-1
1625152856465,Thu Jul 01 08:20:56 PDT 2021,65,63,-1
1625155329515,Thu Jul 01 09:02:09 PDT 2021,65,64,1
1625157746361,Thu Jul 01 09:42:26 PDT 2021,65,65,-1
1625158716158,Thu Jul 01 09:58:36 PDT 2021,65,66,1
1625158995694,Thu Jul 01 10:03:15 PDT 2021,65,67,-1
1625159370070,Thu Jul 01 10:09:30 PDT 2021,65,68,1
1625159760120,Thu Jul 01 10:16:00 PDT 2021,65,69,-1
1625159888175,Thu Jul 01 10:18:08 PDT 2021,65,70,-1
1625160749312,Thu Jul 01 10:32:29 PDT 2021,65,71,-1
1625163049246,Thu Jul 01 11:10:49 PDT 2021,65,72,1
1625163311951,Thu Jul 01 11:15:11 PDT 2021,65,73,1
1625163637791,Thu Jul 01 11:20:37 PDT 2021,65,74,0
1625163865192,Thu Jul 01 11:24:25 PDT 2021,65,80,-1
1625163967730,Thu Jul 01 11:26:07 PDT 2021,65,82,-1
1625164002881,Thu Jul 01 11:26:42 PDT 2021,65,83,-1
1625164393729,Thu Jul 01 11:33:13 PDT 2021,65,84,-1
1625164605649,Thu Jul 01 11:36:45 PDT 2021,65,85,-1
1625165245333,Thu Jul 01 11:47:25 PDT 2021,65,86,1
1625165627307,Thu Jul 01 11:53:47 PDT 2021,65,87,-1
1625165740265,Thu Jul 01 11:55:40 PDT 2021,65,88,-1
1625165960021,Thu Jul 01 11:59:20 PDT 2021,65,90,1
1625168107813,Thu Jul 01 12:35:07 PDT 2021,65,92,-1
1625173287142,Thu Jul 01 14:01:27 PDT 2021,65,93,1
1625174357548,Thu Jul 01 14:19:17 PDT 2021,65,94,-1
1625174671351,Thu Jul 01 14:24:31 PDT 2021,65,95,-1
1625182645482,Thu Jul 01 16:37:25 PDT 2021,65,96,-1
1625185173376,Thu Jul 01 17:19:33 PDT 2021,65,97,-1
1625185902981,Thu Jul 01 17:31:42 PDT 2021,65,98,0
1625189727175,Thu Jul 01 18:35:27 PDT 2021,65,99,0
1625190056958,Thu Jul 01 18:40:56 PDT 2021,65,100,-1
1625190502905,Thu Jul 01 18:48:22 PDT 2021,65,101,-1
1625199607167,Thu Jul 01 21:20:07 PDT 2021,65,102,0
1625237974262,Fri Jul 02 07:59:34 PDT 2021,65,103,-1
1625241074043,Fri Jul 02 08:51:14 PDT 2021,65,104,-1
1625241622651,Fri Jul 02 09:00:22 PDT 2021,65,105,-1
1625241767856,Fri Jul 02 09:02:47 PDT 2021,65,106,-1
1625245317354,Fri Jul 02 10:01:57 PDT 2021,65,107,-1
1625251392111,Fri Jul 02 11:43:12 PDT 2021,65,108,-1
1625252399340,Fri Jul 02 11:59:59 PDT 2021,65,109,-1
1625265165405,Fri Jul 02 15:32:45 PDT 2021,65,110,-1
1625266100885,Fri Jul 02 15:48:20 PDT 2021,65,111,-1
1625273897828,Fri Jul 02 17:58:17 PDT 2021,65,112,-1
1625280234725,Fri Jul 02 19:43:54 PDT 2021,65,113,0
1625295353695,Fri Jul 02 23:55:53 PDT 2021,65,115,-1
1625320289512,Sat Jul 03 06:51:29 PDT 2021,65,116,-1
1625328957710,Sat Jul 03 09:15:57 PDT 2021,65,118,-1
1625333203876,Sat Jul 03 10:26:43 PDT 2021,65,119,-1
1625361758819,Sat Jul 03 18:22:38 PDT 2021,65,120,-1
1625364382465,Sat Jul 03 19:06:22 PDT 2021,65,121,-1
1625365140738,Sat Jul 03 19:19:00 PDT 2021,65,122,1
1625365648542,Sat Jul 03 19:27:28 PDT 2021,65,123,-1
1625374485027,Sat Jul 03 21:54:45 PDT 2021,65,124,-1
1625383652825,Sun Jul 04 00:27:32 PDT 2021,65,125,-1
1625410046639,Sun Jul 04 07:47:26 PDT 2021,65,126,-1
1625413228437,Sun Jul 04 08:40:28 PDT 2021,65,127,-1
1625415914995,Sun Jul 04 09:25:14 PDT 2021,65,128,-1
1625416019427,Sun Jul 04 09:26:59 PDT 2021,65,130,-1
1625424147026,Sun Jul 04 11:42:27 PDT 2021,65,131,-1
1625428674479,Sun Jul 04 12:57:54 PDT 2021,65,132,-1
1625428762682,Sun Jul 04 12:59:22 PDT 2021,65,133,-1
1625435201742,Sun Jul 04 14:46:41 PDT 2021,65,135,-1
1625435962506,Sun Jul 04 14:59:22 PDT 2021,65,136,-1
1625436776690,Sun Jul 04 15:12:56 PDT 2021,65,137,-1
1625451838452,Sun Jul 04 19:23:58 PDT 2021,65,141,-1
1625454477150,Sun Jul 04 20:07:57 PDT 2021,65,142,-1
1625460922865,Sun Jul 04 21:55:22 PDT 2021,65,144,-1
1625461687837,Sun Jul 04 22:08:07 PDT 2021,65,145,-1
1625465146029,Sun Jul 04 23:05:46 PDT 2021,65,146,-1
1625495382908,Mon Jul 05 07:29:42 PDT 2021,65,147,-1
1625528600925,Mon Jul 05 16:43:20 PDT 2021,65,148,-1
1625593560702,Tue Jul 06 10:46:00 PDT 2021,65,151,-1
1625597454542,Tue Jul 06 11:50:54 PDT 2021,65,152,-1
1625597853357,Tue Jul 06 11:57:33 PDT 2021,65,153,1
1625601359903,Tue Jul 06 12:55:59 PDT 2021,65,154,-1
1625611151684,Tue Jul 06 15:39:11 PDT 2021,65,155,-1
1625626879748,Tue Jul 06 20:01:19 PDT 2021,65,156,-1
1625635635262,Tue Jul 06 22:27:15 PDT 2021,65,157,-1
1625671479316,Wed Jul 07 08:24:39 PDT 2021,65,158,1
1625672290322,Wed Jul 07 08:38:10 PDT 2021,65,159,1
1625672656159,Wed Jul 07 08:44:16 PDT 2021,65,160,1
1625674393553,Wed Jul 07 09:13:13 PDT 2021,65,161,1
1625674863029,Wed Jul 07 09:21:03 PDT 2021,65,162,1
1625676341554,Wed Jul 07 09:45:41 PDT 2021,65,163,1
1625676941331,Wed Jul 07 09:55:41 PDT 2021,65,164,1
1625677320683,Wed Jul 07 10:02:00 PDT 2021,65,165,1
1625677448117,Wed Jul 07 10:04:08 PDT 2021,65,166,1
1625677585147,Wed Jul 07 10:06:25 PDT 2021,65,167,1
1625677711642,Wed Jul 07 10:08:31 PDT 2021,65,168,-1
1625677711869,Wed Jul 07 10:08:31 PDT 2021,65,168,-1
1625678867556,Wed Jul 07 10:27:47 PDT 2021,65,169,1
1625686126863,Wed Jul 07 12:28:46 PDT 2021,65,170,1
1625689284160,Wed Jul 07 13:21:24 PDT 2021,65,171,1
1625690057718,Wed Jul 07 13:34:17 PDT 2021,65,172,1
1625693024602,Wed Jul 07 14:23:44 PDT 2021,65,173,-1
1625693851442,Wed Jul 07 14:37:31 PDT 2021,65,174,-1
1625694452026,Wed Jul 07 14:47:32 PDT 2021,65,176,-1
1625694425910,Wed Jul 07 14:47:05 PDT 2021,65,177,-1
1625695226522,Wed Jul 07 15:00:26 PDT 2021,65,178,-1
1625696157234,Wed Jul 07 15:15:57 PDT 2021,65,180,-1
1625696343838,Wed Jul 07 15:19:03 PDT 2021,65,181,-1
1625697109154,Wed Jul 07 15:31:49 PDT 2021,65,182,1
1625697571097,Wed Jul 07 15:39:31 PDT 2021,65,183,-1
1625699218714,Wed Jul 07 16:06:58 PDT 2021,65,184,-1
1625699593820,Wed Jul 07 16:13:13 PDT 2021,65,186,-1
1625700064150,Wed Jul 07 16:21:04 PDT 2021,65,187,-1
1625700242045,Wed Jul 07 16:24:02 PDT 2021,65,188,0
1625702348485,Wed Jul 07 16:59:08 PDT 2021,65,189,-1
1625706949067,Wed Jul 07 18:15:49 PDT 2021,65,191,0
1625709833968,Wed Jul 07 19:03:53 PDT 2021,65,193,-1
1625710171758,Wed Jul 07 19:09:31 PDT 2021,65,194,-1
1625714338673,Wed Jul 07 20:18:58 PDT 2021,65,195,-1
1625722610722,Wed Jul 07 22:36:50 PDT 2021,65,196,1
1625752454496,Thu Jul 08 06:54:14 PDT 2021,65,197,-1
1625755316203,Thu Jul 08 07:41:56 PDT 2021,65,198,-1
1625758754826,Thu Jul 08 08:39:14 PDT 2021,65,199,-1
1625760029366,Thu Jul 08 09:00:29 PDT 2021,65,200,-1
1625762312852,Thu Jul 08 09:38:32 PDT 2021,65,201,-1
1625763283749,Thu Jul 08 09:54:43 PDT 2021,65,203,-1
1625768095446,Thu Jul 08 11:14:55 PDT 2021,65,204,-1
1625770191040,Thu Jul 08 11:49:51 PDT 2021,65,205,-1
1625772331474,Thu Jul 08 12:25:31 PDT 2021,65,206,-1
1625781432068,Thu Jul 08 14:57:12 PDT 2021,65,207,0
1625783567137,Thu Jul 08 15:32:47 PDT 2021,65,208,-1
1625786081479,Thu Jul 08 16:14:41 PDT 2021,65,209,-1
1625787099154,Thu Jul 08 16:31:39 PDT 2021,65,210,-1
1625796207939,Thu Jul 08 19:03:27 PDT 2021,65,212,-1
1625801348167,Thu Jul 08 20:29:08 PDT 2021,65,213,-1
1625805428081,Thu Jul 08 21:37:08 PDT 2021,65,214,-1
1625844263109,Fri Jul 09 08:24:23 PDT 2021,65,215,1
1625852916077,Fri Jul 09 10:48:36 PDT 2021,65,216,-1
1625855134306,Fri Jul 09 11:25:34 PDT 2021,65,217,-1
1625863277616,Fri Jul 09 13:41:17 PDT 2021,65,218,-1
1625867913632,Fri Jul 09 14:58:33 PDT 2021,65,219,-1
1625921049828,Sat Jul 10 05:44:09 PDT 2021,65,223,-1
1625921811271,Sat Jul 10 05:56:51 PDT 2021,65,224,-1
1625926414638,Sat Jul 10 07:13:34 PDT 2021,65,225,0
1625928654716,Sat Jul 10 07:50:54 PDT 2021,65,226,-1
1625932360467,Sat Jul 10 08:52:40 PDT 2021,65,227,-1
1625938889648,Sat Jul 10 10:41:29 PDT 2021,65,228,0
1625957550651,Sat Jul 10 15:52:30 PDT 2021,65,230,-1
1625961441323,Sat Jul 10 16:57:21 PDT 2021,65,231,-1
1625964254895,Sat Jul 10 17:44:14 PDT 2021,65,232,-1
1625971226671,Sat Jul 10 19:40:26 PDT 2021,65,233,-1
1625981951655,Sat Jul 10 22:39:11 PDT 2021,65,234,-1
1626008504806,Sun Jul 11 06:01:44 PDT 2021,65,235,0
1626011239902,Sun Jul 11 06:47:19 PDT 2021,65,236,-1
1626014853040,Sun Jul 11 07:47:33 PDT 2021,65,237,-1
1626015053751,Sun Jul 11 07:50:53 PDT 2021,65,238,-1
1626016141996,Sun Jul 11 08:09:01 PDT 2021,65,239,0
1626027196239,Sun Jul 11 11:13:16 PDT 2021,65,240,-1
1626029773873,Sun Jul 11 11:56:13 PDT 2021,65,241,-1
1626033155604,Sun Jul 11 12:52:35 PDT 2021,65,243,-1
1626041770689,Sun Jul 11 15:16:10 PDT 2021,65,245,0
1626050845946,Sun Jul 11 17:47:25 PDT 2021,65,246,-1
1626055627903,Sun Jul 11 19:07:07 PDT 2021,65,247,-1
1626062787370,Sun Jul 11 21:06:27 PDT 2021,65,248,1
1626096871823,Mon Jul 12 06:34:31 PDT 2021,65,249,-1
1626097048163,Mon Jul 12 06:37:28 PDT 2021,65,250,-1
1626100703950,Mon Jul 12 07:38:23 PDT 2021,65,251,1
1626103804352,Mon Jul 12 08:30:04 PDT 2021,65,252,-1
1626160024409,Tue Jul 13 00:07:04 PDT 2021,65,255,-1
1626184046192,Tue Jul 13 06:47:26 PDT 2021,65,256,-1
1626197819010,Tue Jul 13 10:36:59 PDT 2021,65,257,0
1626204110760,Tue Jul 13 12:21:50 PDT 2021,65,258,0
1626222547391,Tue Jul 13 17:29:07 PDT 2021,65,259,1
1626213652553,Tue Jul 13 15:00:52 PDT 2021,65,260,-1
1626215317443,Tue Jul 13 15:28:37 PDT 2021,65,261,-1
1626218692568,Tue Jul 13 16:24:52 PDT 2021,65,262,0
1626220571678,Tue Jul 13 16:56:11 PDT 2021,65,263,-1
1626234469576,Tue Jul 13 20:47:49 PDT 2021,65,264,-1
1626235211142,Tue Jul 13 21:00:11 PDT 2021,65,265,-1
1626276037197,Wed Jul 14 08:20:37 PDT 2021,65,266,0
1626383201128,Thu Jul 15 14:06:41 PDT 2021,65,267,0
1626328189814,Wed Jul 14 22:49:49 PDT 2021,65,268,-1
1626360384241,Thu Jul 15 07:46:24 PDT 2021,65,269,1
1626385486995,Thu Jul 15 14:44:46 PDT 2021,65,271,0
1626455051307,Fri Jul 16 10:04:11 PDT 2021,65,273,1
1626455184696,Fri Jul 16 10:06:24 PDT 2021,65,274,0
1626470831141,Fri Jul 16 14:27:11 PDT 2021,65,275,-1
1626492461071,Fri Jul 16 20:27:41 PDT 2021,65,276,-1
1626524324815,Sat Jul 17 05:18:44 PDT 2021,65,277,-1
1626540266450,Sat Jul 17 09:44:26 PDT 2021,65,278,-1
1626540236436,Sat Jul 17 09:43:56 PDT 2021,65,279,-1
1626544823529,Sat Jul 17 11:00:23 PDT 2021,65,280,-1
1626552231289,Sat Jul 17 13:03:51 PDT 2021,65,281,-1
1626553274158,Sat Jul 17 13:21:14 PDT 2021,65,282,-1
1626567891140,Sat Jul 17 17:24:51 PDT 2021,65,284,-1
1626577976740,Sat Jul 17 20:12:56 PDT 2021,65,285,-1
1626584454420,Sat Jul 17 22:00:54 PDT 2021,65,286,-1
1626712746315,Mon Jul 19 09:39:06 PDT 2021,65,288,-1
1626716239319,Mon Jul 19 10:37:19 PDT 2021,65,290,-1
1626719666996,Mon Jul 19 11:34:26 PDT 2021,65,291,-1
1626723825242,Mon Jul 19 12:43:45 PDT 2021,65,292,-1
1626726245551,Mon Jul 19 13:24:05 PDT 2021,65,293,-1
1626737292983,Mon Jul 19 16:28:12 PDT 2021,65,294,-1
1626751842660,Mon Jul 19 20:30:42 PDT 2021,65,295,-1
1626791534157,Tue Jul 20 07:32:14 PDT 2021,65,296,-1
1626798420500,Tue Jul 20 09:27:00 PDT 2021,65,298,-1
1626907923762,Wed Jul 21 15:52:03 PDT 2021,65,299,-1
1626910714890,Wed Jul 21 16:38:34 PDT 2021,65,300,0
1626918945098,Wed Jul 21 18:55:45 PDT 2021,65,301,-1
1627000789859,Thu Jul 22 17:39:49 PDT 2021,65,302,-1
1627002304990,Thu Jul 22 18:05:04 PDT 2021,65,303,1
1627007669979,Thu Jul 22 19:34:29 PDT 2021,65,304,-1
1627008313571,Thu Jul 22 19:45:13 PDT 2021,65,305,-1
1627070193898,Fri Jul 23 12:56:33 PDT 2021,65,307,1
1627082352025,Fri Jul 23 16:19:12 PDT 2021,65,308,-1
1627083592501,Fri Jul 23 16:39:52 PDT 2021,65,309,-1
1627085005137,Fri Jul 23 17:03:25 PDT 2021,65,310,-1
1627086482117,Fri Jul 23 17:28:02 PDT 2021,65,311,-1
1627087676688,Fri Jul 23 17:47:56 PDT 2021,65,312,-1
1627099491637,Fri Jul 23 21:04:51 PDT 2021,65,313,1
1627100553180,Fri Jul 23 21:22:33 PDT 2021,65,314,-1
1627101359151,Fri Jul 23 21:35:59 PDT 2021,65,315,-1
1627131512891,Sat Jul 24 05:58:32 PDT 2021,65,316,-1
1627162342897,Sat Jul 24 14:32:22 PDT 2021,65,317,-1
1627186937237,Sat Jul 24 21:22:17 PDT 2021,65,318,-1
1627191347740,Sat Jul 24 22:35:47 PDT 2021,65,319,-1
1627404797576,Tue Jul 27 09:53:17 PDT 2021,65,321,-1
1627407201682,Tue Jul 27 10:33:21 PDT 2021,65,322,-1
1627409351218,Tue Jul 27 11:09:11 PDT 2021,65,323,-1
1627414033638,Tue Jul 27 12:27:13 PDT 2021,65,324,-1
1627414634663,Tue Jul 27 12:37:14 PDT 2021,65,325,-1
1627424564817,Tue Jul 27 15:22:44 PDT 2021,65,326,-1
1627439273842,Tue Jul 27 19:27:53 PDT 2021,65,327,-1
1627451109999,Tue Jul 27 22:45:09 PDT 2021,65,328,-1
1627451413712,Tue Jul 27 22:50:13 PDT 2021,65,329,-1
1627501574396,Wed Jul 28 12:46:14 PDT 2021,65,332,-1
1627503020578,Wed Jul 28 13:10:20 PDT 2021,65,333,1
1627503111085,Wed Jul 28 13:11:51 PDT 2021,65,334,-1
1627503941522,Wed Jul 28 13:25:41 PDT 2021,65,335,-1
1627504591496,Wed Jul 28 13:36:31 PDT 2021,65,336,-1
1627504809241,Wed Jul 28 13:40:09 PDT 2021,65,337,1
1627505496468,Wed Jul 28 13:51:36 PDT 2021,65,339,-1
1627506044022,Wed Jul 28 14:00:44 PDT 2021,65,340,-1
1627506576899,Wed Jul 28 14:09:36 PDT 2021,65,341,1
1627506696367,Wed Jul 28 14:11:36 PDT 2021,65,342,0
1627508418876,Wed Jul 28 14:40:18 PDT 2021,65,343,-1
1627508594668,Wed Jul 28 14:43:14 PDT 2021,65,344,-1
1627508783214,Wed Jul 28 14:46:23 PDT 2021,65,345,-1
1627509868875,Wed Jul 28 15:04:28 PDT 2021,65,346,-1
1627510237102,Wed Jul 28 15:10:37 PDT 2021,65,347,-1
1627514893762,Wed Jul 28 16:28:13 PDT 2021,65,348,-1
1627515047120,Wed Jul 28 16:30:47 PDT 2021,65,349,-1
1627515280502,Wed Jul 28 16:34:40 PDT 2021,65,350,-1
1627518137089,Wed Jul 28 17:22:17 PDT 2021,65,352,-1
1627520197987,Wed Jul 28 17:56:37 PDT 2021,65,353,0
1627521574547,Wed Jul 28 18:19:34 PDT 2021,65,356,-1
1627528967474,Wed Jul 28 20:22:47 PDT 2021,65,357,-1
1627531487734,Wed Jul 28 21:04:47 PDT 2021,65,358,-1
1627532075888,Wed Jul 28 21:14:35 PDT 2021,65,359,-1
1627532421380,Wed Jul 28 21:20:21 PDT 2021,65,360,-1
1627535212367,Wed Jul 28 22:06:52 PDT 2021,65,361,1
1627535378833,Wed Jul 28 22:09:38 PDT 2021,65,362,-1
1627536463304,Wed Jul 28 22:27:43 PDT 2021,65,363,-1
1627542912562,Thu Jul 29 00:15:12 PDT 2021,65,364,-1
1627568121008,Thu Jul 29 07:15:21 PDT 2021,65,365,-1
1627573221415,Thu Jul 29 08:40:21 PDT 2021,65,366,1
1627577119865,Thu Jul 29 09:45:19 PDT 2021,65,367,1
1627577816015,Thu Jul 29 09:56:56 PDT 2021,65,368,-1
1627577901798,Thu Jul 29 09:58:21 PDT 2021,65,369,-1
1627579502668,Thu Jul 29 10:25:02 PDT 2021,65,370,-1
1627583762318,Thu Jul 29 11:36:02 PDT 2021,65,371,-1
1627585076114,Thu Jul 29 11:57:56 PDT 2021,65,372,-1
1627586483601,Thu Jul 29 12:21:23 PDT 2021,65,373,-1
1627595292983,Thu Jul 29 14:48:12 PDT 2021,65,375,-1
1627607164644,Thu Jul 29 18:06:04 PDT 2021,65,376,0
1627611803935,Thu Jul 29 19:23:23 PDT 2021,65,377,-1
1627613519339,Thu Jul 29 19:51:59 PDT 2021,65,378,-1
1627617957041,Thu Jul 29 21:05:57 PDT 2021,65,379,-1
1627654770293,Fri Jul 30 07:19:30 PDT 2021,65,380,-1
1627655854279,Fri Jul 30 07:37:34 PDT 2021,65,381,1
1627663552854,Fri Jul 30 09:45:52 PDT 2021,65,382,-1
1627664851536,Fri Jul 30 10:07:31 PDT 2021,65,383,1
1627666363678,Fri Jul 30 10:32:43 PDT 2021,65,384,-1
1627673662222,Fri Jul 30 12:34:22 PDT 2021,65,385,1
1627675155539,Fri Jul 30 12:59:15 PDT 2021,65,386,1
1627675540230,Fri Jul 30 13:05:40 PDT 2021,65,387,-1
1627680010032,Fri Jul 30 14:20:10 PDT 2021,65,388,1
1627681223884,Fri Jul 30 14:40:23 PDT 2021,65,389,-1
1627682237659,Fri Jul 30 14:57:17 PDT 2021,65,390,-1
1627683971228,Fri Jul 30 15:26:11 PDT 2021,65,391,1
1627684532523,Fri Jul 30 15:35:32 PDT 2021,65,392,-1
1627685195194,Fri Jul 30 15:46:35 PDT 2021,65,393,-1
1627685965824,Fri Jul 30 15:59:25 PDT 2021,65,394,-1
1627689849411,Fri Jul 30 17:04:09 PDT 2021,65,395,-1
1627701882487,Fri Jul 30 20:24:42 PDT 2021,65,396,-1
1627752369143,Sat Jul 31 10:26:09 PDT 2021,65,397,1
1627752495297,Sat Jul 31 10:28:15 PDT 2021,65,398,-1
1627756872516,Sat Jul 31 11:41:12 PDT 2021,65,399,0
1627759642582,Sat Jul 31 12:27:22 PDT 2021,65,400,1
1627769536504,Sat Jul 31 15:12:16 PDT 2021,65,401,1
1627771620650,Sat Jul 31 15:47:00 PDT 2021,65,402,-1
1627775150892,Sat Jul 31 16:45:50 PDT 2021,65,403,1
1627837497922,Sun Aug 01 10:04:57 PDT 2021,65,404,-1
1625002056422,Tue Jun 29 14:27:36 PDT 2021,66,0,-1
1625600422834,Tue Jul 06 12:40:22 PDT 2021,66,12,-1
1625002089954,Tue Jun 29 14:28:09 PDT 2021,66,14,1
1625003210053,Tue Jun 29 14:46:50 PDT 2021,66,15,1
1625003921866,Tue Jun 29 14:58:41 PDT 2021,66,16,-1
1625007123447,Tue Jun 29 15:52:03 PDT 2021,66,17,1
1625007246639,Tue Jun 29 15:54:06 PDT 2021,66,18,1
1625007904698,Tue Jun 29 16:05:04 PDT 2021,66,19,-1
1625008699382,Tue Jun 29 16:18:19 PDT 2021,66,21,-1
1625008842027,Tue Jun 29 16:20:42 PDT 2021,66,22,1
1625019297961,Tue Jun 29 19:14:57 PDT 2021,66,24,1
1625019714845,Tue Jun 29 19:21:54 PDT 2021,66,25,-1
1625019649766,Tue Jun 29 19:20:49 PDT 2021,66,26,-1
1625021579346,Tue Jun 29 19:52:59 PDT 2021,66,27,-1
1625055317250,Wed Jun 30 05:15:17 PDT 2021,66,28,1
1625057614227,Wed Jun 30 05:53:34 PDT 2021,66,30,-1
1625064173494,Wed Jun 30 07:42:53 PDT 2021,66,33,-1
1625066114340,Wed Jun 30 08:15:14 PDT 2021,66,34,1
1625068131571,Wed Jun 30 08:48:51 PDT 2021,66,35,1
1625068353342,Wed Jun 30 08:52:33 PDT 2021,66,36,1
1625071294468,Wed Jun 30 09:41:34 PDT 2021,66,37,-1
1625071790811,Wed Jun 30 09:49:50 PDT 2021,66,38,-1
1625082194628,Wed Jun 30 12:43:14 PDT 2021,66,40,1
1625098920055,Wed Jun 30 17:22:00 PDT 2021,66,41,1
1625085830002,Wed Jun 30 13:43:50 PDT 2021,66,42,-1
1625089415346,Wed Jun 30 14:43:35 PDT 2021,66,43,0
1625092106764,Wed Jun 30 15:28:26 PDT 2021,66,44,-1
1625092765312,Wed Jun 30 15:39:25 PDT 2021,66,45,-1
1625094764449,Wed Jun 30 16:12:44 PDT 2021,66,46,1
1625094913446,Wed Jun 30 16:15:13 PDT 2021,66,47,-1
1625095763716,Wed Jun 30 16:29:23 PDT 2021,66,48,-1
1625099099431,Wed Jun 30 17:24:59 PDT 2021,66,50,-1
1625100867104,Wed Jun 30 17:54:27 PDT 2021,66,51,-1
1625100874420,Wed Jun 30 17:54:34 PDT 2021,66,52,1
1625101182577,Wed Jun 30 17:59:42 PDT 2021,66,53,1
1625101166648,Wed Jun 30 17:59:26 PDT 2021,66,54,-1
1625107904505,Wed Jun 30 19:51:44 PDT 2021,66,55,-1
1625112051961,Wed Jun 30 21:00:51 PDT 2021,66,56,-1
1625115860908,Wed Jun 30 22:04:20 PDT 2021,66,57,1
1625117156450,Wed Jun 30 22:25:56 PDT 2021,66,58,-1
1625117676062,Wed Jun 30 22:34:36 PDT 2021,66,59,1
1625120581420,Wed Jun 30 23:23:01 PDT 2021,66,60,1
1625149963578,Thu Jul 01 07:32:43 PDT 2021,66,61,1
1625150905567,Thu Jul 01 07:48:25 PDT 2021,66,62,1
1625152802072,Thu Jul 01 08:20:02 PDT 2021,66,63,-1
1625155403605,Thu Jul 01 09:03:23 PDT 2021,66,64,0
1625157749579,Thu Jul 01 09:42:29 PDT 2021,66,65,-1
1625158805160,Thu Jul 01 10:00:05 PDT 2021,66,66,-1
1625159420875,Thu Jul 01 10:10:20 PDT 2021,66,68,-1
1625159740496,Thu Jul 01 10:15:40 PDT 2021,66,69,1
1625159897078,Thu Jul 01 10:18:17 PDT 2021,66,70,1
1625160752705,Thu Jul 01 10:32:32 PDT 2021,66,71,1
1625163055446,Thu Jul 01 11:10:55 PDT 2021,66,72,1
1625163312790,Thu Jul 01 11:15:12 PDT 2021,66,73,1
1625163639026,Thu Jul 01 11:20:39 PDT 2021,66,74,0
1625163844360,Thu Jul 01 11:24:04 PDT 2021,66,80,-1
1625163957113,Thu Jul 01 11:25:57 PDT 2021,66,82,-1
1625163996440,Thu Jul 01 11:26:36 PDT 2021,66,83,-1
1625164413934,Thu Jul 01 11:33:33 PDT 2021,66,84,-1
1625164560865,Thu Jul 01 11:36:00 PDT 2021,66,85,-1
1625165250776,Thu Jul 01 11:47:30 PDT 2021,66,86,-1
1625165606970,Thu Jul 01 11:53:26 PDT 2021,66,87,-1
1625165762452,Thu Jul 01 11:56:02 PDT 2021,66,88,-1
1625165849448,Thu Jul 01 11:57:29 PDT 2021,66,89,1
1625165977774,Thu Jul 01 11:59:37 PDT 2021,66,90,-1
1625168068865,Thu Jul 01 12:34:28 PDT 2021,66,92,-1
1625173283803,Thu Jul 01 14:01:23 PDT 2021,66,93,-1
1625174334678,Thu Jul 01 14:18:54 PDT 2021,66,94,1
1625174733571,Thu Jul 01 14:25:33 PDT 2021,66,95,1
1625182611393,Thu Jul 01 16:36:51 PDT 2021,66,96,1
1625185143793,Thu Jul 01 17:19:03 PDT 2021,66,97,-1
1625185935542,Thu Jul 01 17:32:15 PDT 2021,66,98,0
1625189739556,Thu Jul 01 18:35:39 PDT 2021,66,99,0
1625190045044,Thu Jul 01 18:40:45 PDT 2021,66,100,1
1625190785130,Thu Jul 01 18:53:05 PDT 2021,66,101,1
1625199604523,Thu Jul 01 21:20:04 PDT 2021,66,102,0
1625237941598,Fri Jul 02 07:59:01 PDT 2021,66,103,-1
1625241071834,Fri Jul 02 08:51:11 PDT 2021,66,104,-1
1625241630455,Fri Jul 02 09:00:30 PDT 2021,66,105,1
1625241738180,Fri Jul 02 09:02:18 PDT 2021,66,106,-1
1625245342287,Fri Jul 02 10:02:22 PDT 2021,66,107,1
1625251320639,Fri Jul 02 11:42:00 PDT 2021,66,108,-1
1625252402505,Fri Jul 02 12:00:02 PDT 2021,66,109,1
1625265159132,Fri Jul 02 15:32:39 PDT 2021,66,110,1
1625266110142,Fri Jul 02 15:48:30 PDT 2021,66,111,1
1625273900379,Fri Jul 02 17:58:20 PDT 2021,66,112,1
1625281806198,Fri Jul 02 20:10:06 PDT 2021,66,113,0
1625295381003,Fri Jul 02 23:56:21 PDT 2021,66,115,1
1625320291070,Sat Jul 03 06:51:31 PDT 2021,66,116,-1
1625328990567,Sat Jul 03 09:16:30 PDT 2021,66,118,1
1625333267887,Sat Jul 03 10:27:47 PDT 2021,66,119,-1
1625361776744,Sat Jul 03 18:22:56 PDT 2021,66,120,-1
1625364401774,Sat Jul 03 19:06:41 PDT 2021,66,121,1
1625365150829,Sat Jul 03 19:19:10 PDT 2021,66,122,-1
1625365542574,Sat Jul 03 19:25:42 PDT 2021,66,123,1
1625374412139,Sat Jul 03 21:53:32 PDT 2021,66,124,1
1625383671107,Sun Jul 04 00:27:51 PDT 2021,66,125,1
1625410039306,Sun Jul 04 07:47:19 PDT 2021,66,126,-1
1625413272963,Sun Jul 04 08:41:12 PDT 2021,66,127,-1
1625415919014,Sun Jul 04 09:25:19 PDT 2021,66,128,1
1625416060706,Sun Jul 04 09:27:40 PDT 2021,66,130,1
1625424128297,Sun Jul 04 11:42:08 PDT 2021,66,131,1
1625428671830,Sun Jul 04 12:57:51 PDT 2021,66,132,1
1625428732912,Sun Jul 04 12:58:52 PDT 2021,66,133,-1
1625435071699,Sun Jul 04 14:44:31 PDT 2021,66,135,-1
1625435927942,Sun Jul 04 14:58:47 PDT 2021,66,136,1
1625436778259,Sun Jul 04 15:12:58 PDT 2021,66,137,-1
1625451843623,Sun Jul 04 19:24:03 PDT 2021,66,141,1
1625454466582,Sun Jul 04 20:07:46 PDT 2021,66,142,1
1625460933964,Sun Jul 04 21:55:33 PDT 2021,66,144,1
1625461693927,Sun Jul 04 22:08:13 PDT 2021,66,145,1
1625465138052,Sun Jul 04 23:05:38 PDT 2021,66,146,1
1625495433278,Mon Jul 05 07:30:33 PDT 2021,66,147,-1
1625528584924,Mon Jul 05 16:43:04 PDT 2021,66,148,1
1625593558963,Tue Jul 06 10:45:58 PDT 2021,66,151,1
1625597462491,Tue Jul 06 11:51:02 PDT 2021,66,152,1
1625597855387,Tue Jul 06 11:57:35 PDT 2021,66,153,-1
1625601324515,Tue Jul 06 12:55:24 PDT 2021,66,154,1
1625611122555,Tue Jul 06 15:38:42 PDT 2021,66,155,-1
1625626888871,Tue Jul 06 20:01:28 PDT 2021,66,156,1
1625635657672,Tue Jul 06 22:27:37 PDT 2021,66,157,-1
1625671470039,Wed Jul 07 08:24:30 PDT 2021,66,158,-1
1625672276784,Wed Jul 07 08:37:56 PDT 2021,66,159,-1
1625672684660,Wed Jul 07 08:44:44 PDT 2021,66,160,-1
1625674367593,Wed Jul 07 09:12:47 PDT 2021,66,161,-1
1625674881849,Wed Jul 07 09:21:21 PDT 2021,66,162,-1
1625676355692,Wed Jul 07 09:45:55 PDT 2021,66,163,-1
1625676942893,Wed Jul 07 09:55:42 PDT 2021,66,164,-1
1625677314513,Wed Jul 07 10:01:54 PDT 2021,66,165,1
1625677450231,Wed Jul 07 10:04:10 PDT 2021,66,166,-1
1625677609786,Wed Jul 07 10:06:49 PDT 2021,66,167,-1
1625677725153,Wed Jul 07 10:08:45 PDT 2021,66,168,-1
1625678803180,Wed Jul 07 10:26:43 PDT 2021,66,169,1
1625686122758,Wed Jul 07 12:28:42 PDT 2021,66,170,-1
1625689318325,Wed Jul 07 13:21:58 PDT 2021,66,171,0
1625690032950,Wed Jul 07 13:33:52 PDT 2021,66,172,-1
1625692932862,Wed Jul 07 14:22:12 PDT 2021,66,173,-1
1625693816305,Wed Jul 07 14:36:56 PDT 2021,66,174,-1
1625694380867,Wed Jul 07 14:46:20 PDT 2021,66,176,-1
1625694400887,Wed Jul 07 14:46:40 PDT 2021,66,177,-1
1625695216841,Wed Jul 07 15:00:16 PDT 2021,66,178,-1
1625695470975,Wed Jul 07 15:04:30 PDT 2021,66,179,-1
1625696086480,Wed Jul 07 15:14:46 PDT 2021,66,180,-1
1625696327125,Wed Jul 07 15:18:47 PDT 2021,66,181,-1
1625697115268,Wed Jul 07 15:31:55 PDT 2021,66,182,-1
1625697535691,Wed Jul 07 15:38:55 PDT 2021,66,183,-1
1625699246062,Wed Jul 07 16:07:26 PDT 2021,66,184,-1
1625699625843,Wed Jul 07 16:13:45 PDT 2021,66,186,-1
1625700115758,Wed Jul 07 16:21:55 PDT 2021,66,187,-1
1625700268907,Wed Jul 07 16:24:28 PDT 2021,66,188,0
1625702355904,Wed Jul 07 16:59:15 PDT 2021,66,189,-1
1625707013617,Wed Jul 07 18:16:53 PDT 2021,66,191,0
1625709778071,Wed Jul 07 19:02:58 PDT 2021,66,193,-1
1625710252753,Wed Jul 07 19:10:52 PDT 2021,66,194,-1
1625714356875,Wed Jul 07 20:19:16 PDT 2021,66,195,-1
1625722636271,Wed Jul 07 22:37:16 PDT 2021,66,196,-1
1625752457543,Thu Jul 08 06:54:17 PDT 2021,66,197,-1
1625755348600,Thu Jul 08 07:42:28 PDT 2021,66,198,-1
1625758705712,Thu Jul 08 08:38:25 PDT 2021,66,199,1
1625760014332,Thu Jul 08 09:00:14 PDT 2021,66,200,1
1625762319875,Thu Jul 08 09:38:39 PDT 2021,66,201,-1
1625763287638,Thu Jul 08 09:54:47 PDT 2021,66,203,-1
1625768653158,Thu Jul 08 11:24:13 PDT 2021,66,204,-1
1625770182850,Thu Jul 08 11:49:42 PDT 2021,66,205,-1
1625772310211,Thu Jul 08 12:25:10 PDT 2021,66,206,-1
1625781384118,Thu Jul 08 14:56:24 PDT 2021,66,207,1
1625783565385,Thu Jul 08 15:32:45 PDT 2021,66,208,-1
1625786074185,Thu Jul 08 16:14:34 PDT 2021,66,209,1
1625787125465,Thu Jul 08 16:32:05 PDT 2021,66,210,-1
1625796159598,Thu Jul 08 19:02:39 PDT 2021,66,212,-1
1625801442553,Thu Jul 08 20:30:42 PDT 2021,66,213,-1
1625805380650,Thu Jul 08 21:36:20 PDT 2021,66,214,-1
1625844233762,Fri Jul 09 08:23:53 PDT 2021,66,215,-1
1625851233144,Fri Jul 09 10:20:33 PDT 2021,66,216,-1
1625855304571,Fri Jul 09 11:28:24 PDT 2021,66,217,1
1625863287758,Fri Jul 09 13:41:27 PDT 2021,66,218,-1
1625867909736,Fri Jul 09 14:58:29 PDT 2021,66,219,-1
1625921017671,Sat Jul 10 05:43:37 PDT 2021,66,223,1
1625921788861,Sat Jul 10 05:56:28 PDT 2021,66,224,1
1625926426589,Sat Jul 10 07:13:46 PDT 2021,66,225,0
1625928646747,Sat Jul 10 07:50:46 PDT 2021,66,226,1
1625932357082,Sat Jul 10 08:52:37 PDT 2021,66,227,1
1625939252264,Sat Jul 10 10:47:32 PDT 2021,66,228,1
1625939260808,Sat Jul 10 10:47:40 PDT 2021,66,229,1
1625957551969,Sat Jul 10 15:52:31 PDT 2021,66,230,-1
1625961396801,Sat Jul 10 16:56:36 PDT 2021,66,231,1
1625964138663,Sat Jul 10 17:42:18 PDT 2021,66,232,-1
1625971212915,Sat Jul 10 19:40:12 PDT 2021,66,233,1
1625982013756,Sat Jul 10 22:40:13 PDT 2021,66,234,1
1626008437761,Sun Jul 11 06:00:37 PDT 2021,66,235,0
1626011347327,Sun Jul 11 06:49:07 PDT 2021,66,236,1
1626014857774,Sun Jul 11 07:47:37 PDT 2021,66,237,1
1626015061090,Sun Jul 11 07:51:01 PDT 2021,66,238,1
1626016154203,Sun Jul 11 08:09:14 PDT 2021,66,239,1
1626027237275,Sun Jul 11 11:13:57 PDT 2021,66,240,-1
1626029702337,Sun Jul 11 11:55:02 PDT 2021,66,241,1
1626033085509,Sun Jul 11 12:51:25 PDT 2021,66,243,-1
1626041773657,Sun Jul 11 15:16:13 PDT 2021,66,245,0
1626050870558,Sun Jul 11 17:47:50 PDT 2021,66,246,1
1626055629355,Sun Jul 11 19:07:09 PDT 2021,66,247,1
1626062784855,Sun Jul 11 21:06:24 PDT 2021,66,248,-1
1626096840162,Mon Jul 12 06:34:00 PDT 2021,66,249,1
1626097041811,Mon Jul 12 06:37:21 PDT 2021,66,250,-1
1626100625095,Mon Jul 12 07:37:05 PDT 2021,66,251,-1
1626103785755,Mon Jul 12 08:29:45 PDT 2021,66,252,1
1626133586342,Mon Jul 12 16:46:26 PDT 2021,66,254,1
1626160006686,Tue Jul 13 00:06:46 PDT 2021,66,255,-1
1626184072267,Tue Jul 13 06:47:52 PDT 2021,66,256,1
1626197899581,Tue Jul 13 10:38:19 PDT 2021,66,257,1
1626640995154,Sun Jul 18 13:43:15 PDT 2021,66,258,-1
1626211908603,Tue Jul 13 14:31:48 PDT 2021,66,259,-1
1626213658735,Tue Jul 13 15:00:58 PDT 2021,66,260,1
1626215306354,Tue Jul 13 15:28:26 PDT 2021,66,261,-1
1626218709276,Tue Jul 13 16:25:09 PDT 2021,66,262,0
1626220496854,Tue Jul 13 16:54:56 PDT 2021,66,263,1
1626234454751,Tue Jul 13 20:47:34 PDT 2021,66,264,-1
1626235226042,Tue Jul 13 21:00:26 PDT 2021,66,265,1
1626276023535,Wed Jul 14 08:20:23 PDT 2021,66,266,0
1626383153629,Thu Jul 15 14:05:53 PDT 2021,66,267,-1
1626328203199,Wed Jul 14 22:50:03 PDT 2021,66,268,1
1626360361379,Thu Jul 15 07:46:01 PDT 2021,66,269,-1
1626362856458,Thu Jul 15 08:27:36 PDT 2021,66,270,1
1626385483716,Thu Jul 15 14:44:43 PDT 2021,66,271,0
1626415271399,Thu Jul 15 23:01:11 PDT 2021,66,272,-1
1626455049035,Fri Jul 16 10:04:09 PDT 2021,66,273,-1
1626455226293,Fri Jul 16 10:07:06 PDT 2021,66,274,1
1626470875738,Fri Jul 16 14:27:55 PDT 2021,66,275,1
1626492510408,Fri Jul 16 20:28:30 PDT 2021,66,276,1
1626540220870,Sat Jul 17 09:43:40 PDT 2021,66,278,1
1626540303539,Sat Jul 17 09:45:03 PDT 2021,66,279,-1
1626544828754,Sat Jul 17 11:00:28 PDT 2021,66,280,-1
1626552212215,Sat Jul 17 13:03:32 PDT 2021,66,281,1
1626553228012,Sat Jul 17 13:20:28 PDT 2021,66,282,1
1626567918388,Sat Jul 17 17:25:18 PDT 2021,66,284,-1
1626577993568,Sat Jul 17 20:13:13 PDT 2021,66,285,1
1626584453234,Sat Jul 17 22:00:53 PDT 2021,66,286,1
1626712749716,Mon Jul 19 09:39:09 PDT 2021,66,288,1
1626716243137,Mon Jul 19 10:37:23 PDT 2021,66,290,1
1626719696206,Mon Jul 19 11:34:56 PDT 2021,66,291,1
1626723802999,Mon Jul 19 12:43:22 PDT 2021,66,292,1
1626726254195,Mon Jul 19 13:24:14 PDT 2021,66,293,1
1626737307706,Mon Jul 19 16:28:27 PDT 2021,66,294,1
1626751775548,Mon Jul 19 20:29:35 PDT 2021,66,295,1
1626791575933,Tue Jul 20 07:32:55 PDT 2021,66,296,1
1626795858443,Tue Jul 20 08:44:18 PDT 2021,66,297,1
1626798485680,Tue Jul 20 09:28:05 PDT 2021,66,298,1
1626907959925,Wed Jul 21 15:52:39 PDT 2021,66,299,1
1626910681510,Wed Jul 21 16:38:01 PDT 2021,66,300,1
1626918926286,Wed Jul 21 18:55:26 PDT 2021,66,301,1
1627000735737,Thu Jul 22 17:38:55 PDT 2021,66,302,1
1627002292522,Thu Jul 22 18:04:52 PDT 2021,66,303,-1
1627007697663,Thu Jul 22 19:34:57 PDT 2021,66,304,1
1627008255270,Thu Jul 22 19:44:15 PDT 2021,66,305,1
1627019950700,Thu Jul 22 22:59:10 PDT 2021,66,306,0
1627070192091,Fri Jul 23 12:56:32 PDT 2021,66,307,-1
1627082342138,Fri Jul 23 16:19:02 PDT 2021,66,308,-1
1627083583642,Fri Jul 23 16:39:43 PDT 2021,66,309,-1
1627084966975,Fri Jul 23 17:02:46 PDT 2021,66,310,-1
1627086416288,Fri Jul 23 17:26:56 PDT 2021,66,311,-1
1627087671459,Fri Jul 23 17:47:51 PDT 2021,66,312,1
1627099489518,Fri Jul 23 21:04:49 PDT 2021,66,313,-1
1627100507001,Fri Jul 23 21:21:47 PDT 2021,66,314,-1
1627101380509,Fri Jul 23 21:36:20 PDT 2021,66,315,1
1627131482529,Sat Jul 24 05:58:02 PDT 2021,66,316,1
1627162312136,Sat Jul 24 14:31:52 PDT 2021,66,317,-1
1627186962464,Sat Jul 24 21:22:42 PDT 2021,66,318,-1
1627191296179,Sat Jul 24 22:34:56 PDT 2021,66,319,-1
1627355796990,Mon Jul 26 20:16:36 PDT 2021,66,320,1
1627404856570,Tue Jul 27 09:54:16 PDT 2021,66,321,1
1627407249497,Tue Jul 27 10:34:09 PDT 2021,66,322,-1
1627409350063,Tue Jul 27 11:09:10 PDT 2021,66,323,-1
1627414618242,Tue Jul 27 12:36:58 PDT 2021,66,325,1
1627424632628,Tue Jul 27 15:23:52 PDT 2021,66,326,-1
1627439258614,Tue Jul 27 19:27:38 PDT 2021,66,327,1
1627451052525,Tue Jul 27 22:44:12 PDT 2021,66,328,1
1627451351463,Tue Jul 27 22:49:11 PDT 2021,66,329,1
1627451631317,Tue Jul 27 22:53:51 PDT 2021,66,330,-1
1627501546703,Wed Jul 28 12:45:46 PDT 2021,66,332,1
1627503043686,Wed Jul 28 13:10:43 PDT 2021,66,333,-1
1627503113493,Wed Jul 28 13:11:53 PDT 2021,66,334,1
1627503905099,Wed Jul 28 13:25:05 PDT 2021,66,335,1
1627504587403,Wed Jul 28 13:36:27 PDT 2021,66,336,1
1627504816436,Wed Jul 28 13:40:16 PDT 2021,66,337,-1
1627505085473,Wed Jul 28 13:44:45 PDT 2021,66,338,1
1627505461169,Wed Jul 28 13:51:01 PDT 2021,66,339,1
1627506037909,Wed Jul 28 14:00:37 PDT 2021,66,340,1
1627506582099,Wed Jul 28 14:09:42 PDT 2021,66,341,1
1627506731520,Wed Jul 28 14:12:11 PDT 2021,66,342,-1
1627508412349,Wed Jul 28 14:40:12 PDT 2021,66,343,1
1627508598469,Wed Jul 28 14:43:18 PDT 2021,66,344,1
1627508719239,Wed Jul 28 14:45:19 PDT 2021,66,345,1
1627509847220,Wed Jul 28 15:04:07 PDT 2021,66,346,1
1627510232308,Wed Jul 28 15:10:32 PDT 2021,66,347,1
1627514951026,Wed Jul 28 16:29:11 PDT 2021,66,348,1
1627515071495,Wed Jul 28 16:31:11 PDT 2021,66,349,1
1627515278286,Wed Jul 28 16:34:38 PDT 2021,66,350,-1
1627517972141,Wed Jul 28 17:19:32 PDT 2021,66,352,1
1627522331958,Wed Jul 28 18:32:11 PDT 2021,66,353,1
1627521466898,Wed Jul 28 18:17:46 PDT 2021,66,356,-1
1627528887582,Wed Jul 28 20:21:27 PDT 2021,66,357,1
1627531441005,Wed Jul 28 21:04:01 PDT 2021,66,358,-1
1627532065655,Wed Jul 28 21:14:25 PDT 2021,66,359,1
1627532412778,Wed Jul 28 21:20:12 PDT 2021,66,360,1
1627535219613,Wed Jul 28 22:06:59 PDT 2021,66,361,-1
1627535440449,Wed Jul 28 22:10:40 PDT 2021,66,362,-1
1627536374729,Wed Jul 28 22:26:14 PDT 2021,66,363,1
1627542777766,Thu Jul 29 00:12:57 PDT 2021,66,364,1
1627567949494,Thu Jul 29 07:12:29 PDT 2021,66,365,1
1627573231090,Thu Jul 29 08:40:31 PDT 2021,66,366,-1
1627577131941,Thu Jul 29 09:45:31 PDT 2021,66,367,-1
1627577826079,Thu Jul 29 09:57:06 PDT 2021,66,368,1
1627577900508,Thu Jul 29 09:58:20 PDT 2021,66,369,-1
1627579528768,Thu Jul 29 10:25:28 PDT 2021,66,370,1
1627583758813,Thu Jul 29 11:35:58 PDT 2021,66,371,-1
1627585097256,Thu Jul 29 11:58:17 PDT 2021,66,372,1
1627586442938,Thu Jul 29 12:20:42 PDT 2021,66,373,1
1627593559012,Thu Jul 29 14:19:19 PDT 2021,66,374,-1
1627595193947,Thu Jul 29 14:46:33 PDT 2021,66,375,1
1627607192764,Thu Jul 29 18:06:32 PDT 2021,66,376,-1
1627611687403,Thu Jul 29 19:21:27 PDT 2021,66,377,-1
1627613524818,Thu Jul 29 19:52:04 PDT 2021,66,378,1
1627617955738,Thu Jul 29 21:05:55 PDT 2021,66,379,1
1627654738487,Fri Jul 30 07:18:58 PDT 2021,66,380,1
1627655797762,Fri Jul 30 07:36:37 PDT 2021,66,381,-1
1627663597438,Fri Jul 30 09:46:37 PDT 2021,66,382,-1
1627666433310,Fri Jul 30 10:33:53 PDT 2021,66,384,-1
1627673669366,Fri Jul 30 12:34:29 PDT 2021,66,385,-1
1627675252805,Fri Jul 30 13:00:52 PDT 2021,66,386,1
1627675565718,Fri Jul 30 13:06:05 PDT 2021,66,387,-1
1627679987501,Fri Jul 30 14:19:47 PDT 2021,66,388,-1
1627681263868,Fri Jul 30 14:41:03 PDT 2021,66,389,-1
1627682258658,Fri Jul 30 14:57:38 PDT 2021,66,390,-1
1627683972718,Fri Jul 30 15:26:12 PDT 2021,66,391,-1
1627684468464,Fri Jul 30 15:34:28 PDT 2021,66,392,-1
1627685065033,Fri Jul 30 15:44:25 PDT 2021,66,393,-1
1627685954046,Fri Jul 30 15:59:14 PDT 2021,66,394,1
1627689845686,Fri Jul 30 17:04:05 PDT 2021,66,395,-1
1627701855969,Fri Jul 30 20:24:15 PDT 2021,66,396,-1
1627752381925,Sat Jul 31 10:26:21 PDT 2021,66,397,-1
1627752529014,Sat Jul 31 10:28:49 PDT 2021,66,398,-1
1627756896377,Sat Jul 31 11:41:36 PDT 2021,66,399,0
1627759659229,Sat Jul 31 12:27:39 PDT 2021,66,400,-1
1627769574566,Sat Jul 31 15:12:54 PDT 2021,66,401,-1
1627771600027,Sat Jul 31 15:46:40 PDT 2021,66,402,-1
1627775148055,Sat Jul 31 16:45:48 PDT 2021,66,403,-1
1627837534127,Sun Aug 01 10:05:34 PDT 2021,66,404,-1
1625002049739,Tue Jun 29 14:27:29 PDT 2021,67,0,-1
1625600452451,Tue Jul 06 12:40:52 PDT 2021,67,12,-1
1625002086638,Tue Jun 29 14:28:06 PDT 2021,67,14,-1
1625003244335,Tue Jun 29 14:47:24 PDT 2021,67,15,-1
1625003951048,Tue Jun 29 14:59:11 PDT 2021,67,16,-1
1625007128803,Tue Jun 29 15:52:08 PDT 2021,67,17,-1
1625007225455,Tue Jun 29 15:53:45 PDT 2021,67,18,0
1625008253699,Tue Jun 29 16:10:53 PDT 2021,67,19,-1
1625008715147,Tue Jun 29 16:18:35 PDT 2021,67,21,-1
1625008884315,Tue Jun 29 16:21:24 PDT 2021,67,22,-1
1625019379806,Tue Jun 29 19:16:19 PDT 2021,67,24,-1
1625019734112,Tue Jun 29 19:22:14 PDT 2021,67,25,-1
1625019610589,Tue Jun 29 19:20:10 PDT 2021,67,26,-1
1625021498611,Tue Jun 29 19:51:38 PDT 2021,67,27,-1
1625055378555,Wed Jun 30 05:16:18 PDT 2021,67,28,-1
1625057606560,Wed Jun 30 05:53:26 PDT 2021,67,30,-1
1625059679799,Wed Jun 30 06:27:59 PDT 2021,67,31,-1
1625064221698,Wed Jun 30 07:43:41 PDT 2021,67,33,-1
1625066124624,Wed Jun 30 08:15:24 PDT 2021,67,34,-1
1625068124064,Wed Jun 30 08:48:44 PDT 2021,67,35,-1
1625068784965,Wed Jun 30 08:59:44 PDT 2021,67,36,-1
1625071343450,Wed Jun 30 09:42:23 PDT 2021,67,37,-1
1625071768252,Wed Jun 30 09:49:28 PDT 2021,67,38,1
1625082214266,Wed Jun 30 12:43:34 PDT 2021,67,40,-1
1625098922470,Wed Jun 30 17:22:02 PDT 2021,67,41,-1
1625085862186,Wed Jun 30 13:44:22 PDT 2021,67,42,-1
1625089401227,Wed Jun 30 14:43:21 PDT 2021,67,43,0
1625092108288,Wed Jun 30 15:28:28 PDT 2021,67,44,-1
1625092819540,Wed Jun 30 15:40:19 PDT 2021,67,45,-1
1625094832321,Wed Jun 30 16:13:52 PDT 2021,67,46,-1
1625094916842,Wed Jun 30 16:15:16 PDT 2021,67,47,-1
1625095776719,Wed Jun 30 16:29:36 PDT 2021,67,48,-1
1625098994182,Wed Jun 30 17:23:14 PDT 2021,67,50,-1
1625100855319,Wed Jun 30 17:54:15 PDT 2021,67,51,-1
1625100868101,Wed Jun 30 17:54:28 PDT 2021,67,52,-1
1625101140827,Wed Jun 30 17:59:00 PDT 2021,67,53,-1
1625101174099,Wed Jun 30 17:59:34 PDT 2021,67,54,-1
1625107865983,Wed Jun 30 19:51:05 PDT 2021,67,55,-1
1625112100604,Wed Jun 30 21:01:40 PDT 2021,67,56,-1
1625115847269,Wed Jun 30 22:04:07 PDT 2021,67,57,-1
1625117209283,Wed Jun 30 22:26:49 PDT 2021,67,58,-1
1625117718147,Wed Jun 30 22:35:18 PDT 2021,67,59,-1
1625120617883,Wed Jun 30 23:23:37 PDT 2021,67,60,-1
1625149998787,Thu Jul 01 07:33:18 PDT 2021,67,61,-1
1625150935679,Thu Jul 01 07:48:55 PDT 2021,67,62,-1
1625152806697,Thu Jul 01 08:20:06 PDT 2021,67,63,-1
1625155413905,Thu Jul 01 09:03:33 PDT 2021,67,64,0
1625157802461,Thu Jul 01 09:43:22 PDT 2021,67,65,0
1625158790561,Thu Jul 01 09:59:50 PDT 2021,67,66,0
1625159002325,Thu Jul 01 10:03:22 PDT 2021,67,67,-1
1625159367746,Thu Jul 01 10:09:27 PDT 2021,67,68,-1
1625159766813,Thu Jul 01 10:16:06 PDT 2021,67,69,-1
1625159889686,Thu Jul 01 10:18:09 PDT 2021,67,70,-1
1625160750734,Thu Jul 01 10:32:30 PDT 2021,67,71,-1
1625163044800,Thu Jul 01 11:10:44 PDT 2021,67,72,1
1625163197746,Thu Jul 01 11:13:17 PDT 2021,67,73,1
1625163690513,Thu Jul 01 11:21:30 PDT 2021,67,74,0
1625163882488,Thu Jul 01 11:24:42 PDT 2021,67,80,-1
1625163935291,Thu Jul 01 11:25:35 PDT 2021,67,81,-1
1625163960168,Thu Jul 01 11:26:00 PDT 2021,67,82,-1
1625163999853,Thu Jul 01 11:26:39 PDT 2021,67,83,-1
1625164394914,Thu Jul 01 11:33:14 PDT 2021,67,84,-1
1625164567741,Thu Jul 01 11:36:07 PDT 2021,67,85,-1
1625165234304,Thu Jul 01 11:47:14 PDT 2021,67,86,-1
1625165617823,Thu Jul 01 11:53:37 PDT 2021,67,87,-1
1625165847903,Thu Jul 01 11:57:27 PDT 2021,67,89,1
1625165961509,Thu Jul 01 11:59:21 PDT 2021,67,90,-1
1625168183721,Thu Jul 01 12:36:23 PDT 2021,67,92,-1
1625173330139,Thu Jul 01 14:02:10 PDT 2021,67,93,-1
1625174352947,Thu Jul 01 14:19:12 PDT 2021,67,94,-1
1625174716166,Thu Jul 01 14:25:16 PDT 2021,67,95,-1
1625182609383,Thu Jul 01 16:36:49 PDT 2021,67,96,-1
1625185148091,Thu Jul 01 17:19:08 PDT 2021,67,97,-1
1625186319355,Thu Jul 01 17:38:39 PDT 2021,67,98,-1
1625189742779,Thu Jul 01 18:35:42 PDT 2021,67,99,0
1625190047454,Thu Jul 01 18:40:47 PDT 2021,67,100,-1
1625190792671,Thu Jul 01 18:53:12 PDT 2021,67,101,-1
1625199576954,Thu Jul 01 21:19:36 PDT 2021,67,102,-1
1625237943599,Fri Jul 02 07:59:03 PDT 2021,67,103,-1
1625241096432,Fri Jul 02 08:51:36 PDT 2021,67,104,-1
1625241605544,Fri Jul 02 09:00:05 PDT 2021,67,105,-1
1625241736598,Fri Jul 02 09:02:16 PDT 2021,67,106,-1
1625245336755,Fri Jul 02 10:02:16 PDT 2021,67,107,-1
1625251318719,Fri Jul 02 11:41:58 PDT 2021,67,108,-1
1625252366713,Fri Jul 02 11:59:26 PDT 2021,67,109,-1
1625265162561,Fri Jul 02 15:32:42 PDT 2021,67,110,-1
1625266073622,Fri Jul 02 15:47:53 PDT 2021,67,111,-1
1625273953122,Fri Jul 02 17:59:13 PDT 2021,67,112,-1
1625280249953,Fri Jul 02 19:44:09 PDT 2021,67,113,0
1625295352548,Fri Jul 02 23:55:52 PDT 2021,67,115,-1
1625320314938,Sat Jul 03 06:51:54 PDT 2021,67,116,-1
1625328988135,Sat Jul 03 09:16:28 PDT 2021,67,118,-1
1625333205528,Sat Jul 03 10:26:45 PDT 2021,67,119,-1
1625361723879,Sat Jul 03 18:22:03 PDT 2021,67,120,-1
1625364347615,Sat Jul 03 19:05:47 PDT 2021,67,121,-1
1625365136999,Sat Jul 03 19:18:56 PDT 2021,67,122,-1
1625365582388,Sat Jul 03 19:26:22 PDT 2021,67,123,-1
1625374408944,Sat Jul 03 21:53:28 PDT 2021,67,124,-1
1625383673005,Sun Jul 04 00:27:53 PDT 2021,67,125,-1
1625410037571,Sun Jul 04 07:47:17 PDT 2021,67,126,-1
1625413282657,Sun Jul 04 08:41:22 PDT 2021,67,127,-1
1625415926219,Sun Jul 04 09:25:26 PDT 2021,67,128,-1
1625416014974,Sun Jul 04 09:26:54 PDT 2021,67,130,-1
1625424131511,Sun Jul 04 11:42:11 PDT 2021,67,131,-1
1625428677141,Sun Jul 04 12:57:57 PDT 2021,67,132,-1
1625428744365,Sun Jul 04 12:59:04 PDT 2021,67,133,-1
1625435005555,Sun Jul 04 14:43:25 PDT 2021,67,135,-1
1625435960676,Sun Jul 04 14:59:20 PDT 2021,67,136,-1
1625436750888,Sun Jul 04 15:12:30 PDT 2021,67,137,-1
1625451836010,Sun Jul 04 19:23:56 PDT 2021,67,141,-1
1625454453818,Sun Jul 04 20:07:33 PDT 2021,67,142,-1
1625460845651,Sun Jul 04 21:54:05 PDT 2021,67,143,1
1625460893550,Sun Jul 04 21:54:53 PDT 2021,67,144,-1
1625461652941,Sun Jul 04 22:07:32 PDT 2021,67,145,-1
1625465098395,Sun Jul 04 23:04:58 PDT 2021,67,146,-1
1625495402541,Mon Jul 05 07:30:02 PDT 2021,67,147,-1
1625528588035,Mon Jul 05 16:43:08 PDT 2021,67,148,-1
1625593545554,Tue Jul 06 10:45:45 PDT 2021,67,151,-1
1625597456279,Tue Jul 06 11:50:56 PDT 2021,67,152,-1
1625597851265,Tue Jul 06 11:57:31 PDT 2021,67,153,-1
1625601303260,Tue Jul 06 12:55:03 PDT 2021,67,154,-1
1625611155249,Tue Jul 06 15:39:15 PDT 2021,67,155,-1
1625626868172,Tue Jul 06 20:01:08 PDT 2021,67,156,-1
1625635626465,Tue Jul 06 22:27:06 PDT 2021,67,157,-1
1625671492329,Wed Jul 07 08:24:52 PDT 2021,67,158,-1
1625672292146,Wed Jul 07 08:38:12 PDT 2021,67,159,-1
1625672706892,Wed Jul 07 08:45:06 PDT 2021,67,160,-1
1625674387010,Wed Jul 07 09:13:07 PDT 2021,67,161,-1
1625674857870,Wed Jul 07 09:20:57 PDT 2021,67,162,-1
1625676357711,Wed Jul 07 09:45:57 PDT 2021,67,163,-1
1625676936600,Wed Jul 07 09:55:36 PDT 2021,67,164,-1
1625677319013,Wed Jul 07 10:01:59 PDT 2021,67,165,-1
1625677557832,Wed Jul 07 10:05:57 PDT 2021,67,166,-1
1625677621694,Wed Jul 07 10:07:01 PDT 2021,67,167,-1
1625677740492,Wed Jul 07 10:09:00 PDT 2021,67,168,-1
1625678875513,Wed Jul 07 10:27:55 PDT 2021,67,169,-1
1625686111426,Wed Jul 07 12:28:31 PDT 2021,67,170,-1
1625689296548,Wed Jul 07 13:21:36 PDT 2021,67,171,0
1625689986425,Wed Jul 07 13:33:06 PDT 2021,67,172,-1
1625692945009,Wed Jul 07 14:22:25 PDT 2021,67,173,-1
1625693751631,Wed Jul 07 14:35:51 PDT 2021,67,174,0
1625694450107,Wed Jul 07 14:47:30 PDT 2021,67,176,-1
1625694398786,Wed Jul 07 14:46:38 PDT 2021,67,177,-1
1625695208597,Wed Jul 07 15:00:08 PDT 2021,67,178,-1
1625695469428,Wed Jul 07 15:04:29 PDT 2021,67,179,-1
1625696155528,Wed Jul 07 15:15:55 PDT 2021,67,180,-1
1625696341471,Wed Jul 07 15:19:01 PDT 2021,67,181,-1
1625697092209,Wed Jul 07 15:31:32 PDT 2021,67,182,-1
1625697493147,Wed Jul 07 15:38:13 PDT 2021,67,183,-1
1625699247930,Wed Jul 07 16:07:27 PDT 2021,67,184,-1
1625699599270,Wed Jul 07 16:13:19 PDT 2021,67,186,-1
1625700079840,Wed Jul 07 16:21:19 PDT 2021,67,187,-1
1625700320061,Wed Jul 07 16:25:20 PDT 2021,67,188,0
1625702429800,Wed Jul 07 17:00:29 PDT 2021,67,189,-1
1625706841070,Wed Jul 07 18:14:01 PDT 2021,67,191,0
1625709807588,Wed Jul 07 19:03:27 PDT 2021,67,193,-1
1625710218024,Wed Jul 07 19:10:18 PDT 2021,67,194,-1
1625714343963,Wed Jul 07 20:19:03 PDT 2021,67,195,0
1625722634708,Wed Jul 07 22:37:14 PDT 2021,67,196,-1
1625752447649,Thu Jul 08 06:54:07 PDT 2021,67,197,-1
1625755314666,Thu Jul 08 07:41:54 PDT 2021,67,198,-1
1625758702829,Thu Jul 08 08:38:22 PDT 2021,67,199,-1
1625760024081,Thu Jul 08 09:00:24 PDT 2021,67,200,-1
1625762315289,Thu Jul 08 09:38:35 PDT 2021,67,201,-1
1625763306270,Thu Jul 08 09:55:06 PDT 2021,67,203,-1
1625767999528,Thu Jul 08 11:13:19 PDT 2021,67,204,-1
1625770193265,Thu Jul 08 11:49:53 PDT 2021,67,205,-1
1625772319153,Thu Jul 08 12:25:19 PDT 2021,67,206,-1
1625781434398,Thu Jul 08 14:57:14 PDT 2021,67,207,0
1625783613771,Thu Jul 08 15:33:33 PDT 2021,67,208,-1
1625786115775,Thu Jul 08 16:15:15 PDT 2021,67,209,-1
1625787096255,Thu Jul 08 16:31:36 PDT 2021,67,210,-1
1625796170469,Thu Jul 08 19:02:50 PDT 2021,67,212,-1
1625801379657,Thu Jul 08 20:29:39 PDT 2021,67,213,-1
1625805374313,Thu Jul 08 21:36:14 PDT 2021,67,214,0
1625844258583,Fri Jul 09 08:24:18 PDT 2021,67,215,-1
1625852923132,Fri Jul 09 10:48:43 PDT 2021,67,216,-1
1625855196380,Fri Jul 09 11:26:36 PDT 2021,67,217,-1
1625863280341,Fri Jul 09 13:41:20 PDT 2021,67,218,-1
1625867898030,Fri Jul 09 14:58:18 PDT 2021,67,219,-1
1625921014896,Sat Jul 10 05:43:34 PDT 2021,67,223,-1
1625921802235,Sat Jul 10 05:56:42 PDT 2021,67,224,-1
1625926424071,Sat Jul 10 07:13:44 PDT 2021,67,225,0
1625928656064,Sat Jul 10 07:50:56 PDT 2021,67,226,-1
1625932383761,Sat Jul 10 08:53:03 PDT 2021,67,227,-1
1625938844584,Sat Jul 10 10:40:44 PDT 2021,67,228,0
1625957561351,Sat Jul 10 15:52:41 PDT 2021,67,230,-1
1625961423502,Sat Jul 10 16:57:03 PDT 2021,67,231,-1
1625964227259,Sat Jul 10 17:43:47 PDT 2021,67,232,-1
1625971216424,Sat Jul 10 19:40:16 PDT 2021,67,233,-1
1625982022700,Sat Jul 10 22:40:22 PDT 2021,67,234,-1
1626008485109,Sun Jul 11 06:01:25 PDT 2021,67,235,0
1626011263403,Sun Jul 11 06:47:43 PDT 2021,67,236,-1
1626014865809,Sun Jul 11 07:47:45 PDT 2021,67,237,-1
1626015050140,Sun Jul 11 07:50:50 PDT 2021,67,238,-1
1626016175266,Sun Jul 11 08:09:35 PDT 2021,67,239,-1
1626027228663,Sun Jul 11 11:13:48 PDT 2021,67,240,-1
1626029679099,Sun Jul 11 11:54:39 PDT 2021,67,241,-1
1626033089896,Sun Jul 11 12:51:29 PDT 2021,67,243,-1
1626050872253,Sun Jul 11 17:47:52 PDT 2021,67,246,-1
1626055621700,Sun Jul 11 19:07:01 PDT 2021,67,247,-1
1626062829265,Sun Jul 11 21:07:09 PDT 2021,67,248,-1
1626096852747,Mon Jul 12 06:34:12 PDT 2021,67,249,-1
1626097039412,Mon Jul 12 06:37:19 PDT 2021,67,250,-1
1626100617822,Mon Jul 12 07:36:57 PDT 2021,67,251,-1
1626103780674,Mon Jul 12 08:29:40 PDT 2021,67,252,-1
1626133575644,Mon Jul 12 16:46:15 PDT 2021,67,254,0
1626160037992,Tue Jul 13 00:07:17 PDT 2021,67,255,-1
1626184037617,Tue Jul 13 06:47:17 PDT 2021,67,256,-1
1626197913555,Tue Jul 13 10:38:33 PDT 2021,67,257,-1
1626204099908,Tue Jul 13 12:21:39 PDT 2021,67,258,-1
1626228069503,Tue Jul 13 19:01:09 PDT 2021,67,259,-1
1626213636894,Tue Jul 13 15:00:36 PDT 2021,67,260,0
1626215295033,Tue Jul 13 15:28:15 PDT 2021,67,261,-1
1626218651437,Tue Jul 13 16:24:11 PDT 2021,67,262,0
1626220538710,Tue Jul 13 16:55:38 PDT 2021,67,263,-1
1626234486386,Tue Jul 13 20:48:06 PDT 2021,67,264,-1
1626235270219,Tue Jul 13 21:01:10 PDT 2021,67,265,-1
1626275993360,Wed Jul 14 08:19:53 PDT 2021,67,266,0
1626383156022,Thu Jul 15 14:05:56 PDT 2021,67,267,0
1626328187871,Wed Jul 14 22:49:47 PDT 2021,67,268,-1
1626360296533,Thu Jul 15 07:44:56 PDT 2021,67,269,-1
1626385464799,Thu Jul 15 14:44:24 PDT 2021,67,271,0
1626415269745,Thu Jul 15 23:01:09 PDT 2021,67,272,-1
1626454984803,Fri Jul 16 10:03:04 PDT 2021,67,273,-1
1626455188854,Fri Jul 16 10:06:28 PDT 2021,67,274,0
1626470861483,Fri Jul 16 14:27:41 PDT 2021,67,275,-1
1626492444323,Fri Jul 16 20:27:24 PDT 2021,67,276,-1
1626540263750,Sat Jul 17 09:44:23 PDT 2021,67,278,-1
1626540267338,Sat Jul 17 09:44:27 PDT 2021,67,279,-1
1626544826978,Sat Jul 17 11:00:26 PDT 2021,67,280,-1
1626552199532,Sat Jul 17 13:03:19 PDT 2021,67,281,-1
1626553275483,Sat Jul 17 13:21:15 PDT 2021,67,282,-1
1626567889534,Sat Jul 17 17:24:49 PDT 2021,67,284,-1
1626577975002,Sat Jul 17 20:12:55 PDT 2021,67,285,-1
1626584460294,Sat Jul 17 22:01:00 PDT 2021,67,286,-1
1626712767599,Mon Jul 19 09:39:27 PDT 2021,67,288,0
1626716237121,Mon Jul 19 10:37:17 PDT 2021,67,290,-1
1626718803629,Mon Jul 19 11:20:03 PDT 2021,67,291,-1
1626723823008,Mon Jul 19 12:43:43 PDT 2021,67,292,-1
1626737253179,Mon Jul 19 16:27:33 PDT 2021,67,294,-1
1626751848174,Mon Jul 19 20:30:48 PDT 2021,67,295,-1
1626791590461,Tue Jul 20 07:33:10 PDT 2021,67,296,-1
1626798432194,Tue Jul 20 09:27:12 PDT 2021,67,298,-1
1626907921462,Wed Jul 21 15:52:01 PDT 2021,67,299,-1
1626909753871,Wed Jul 21 16:22:33 PDT 2021,67,299,0
1626910716532,Wed Jul 21 16:38:36 PDT 2021,67,300,0
1626918900057,Wed Jul 21 18:55:00 PDT 2021,67,301,-1
1627000752995,Thu Jul 22 17:39:12 PDT 2021,67,302,-1
1627002288895,Thu Jul 22 18:04:48 PDT 2021,67,303,-1
1627007573771,Thu Jul 22 19:32:53 PDT 2021,67,304,1
1627008253476,Thu Jul 22 19:44:13 PDT 2021,67,305,-1
1627082334932,Fri Jul 23 16:18:54 PDT 2021,67,308,-1
1627083586199,Fri Jul 23 16:39:46 PDT 2021,67,309,1
1627084975582,Fri Jul 23 17:02:55 PDT 2021,67,310,-1
1627086418313,Fri Jul 23 17:26:58 PDT 2021,67,311,-1
1627087688910,Fri Jul 23 17:48:08 PDT 2021,67,312,-1
1627099523291,Fri Jul 23 21:05:23 PDT 2021,67,313,-1
1627100449936,Fri Jul 23 21:20:49 PDT 2021,67,314,1
1627101381865,Fri Jul 23 21:36:21 PDT 2021,67,315,-1
1627131484465,Sat Jul 24 05:58:04 PDT 2021,67,316,-1
1627162344915,Sat Jul 24 14:32:24 PDT 2021,67,317,-1
1627186973564,Sat Jul 24 21:22:53 PDT 2021,67,318,-1
1627191291669,Sat Jul 24 22:34:51 PDT 2021,67,319,-1
1627404792542,Tue Jul 27 09:53:12 PDT 2021,67,321,-1
1627407234004,Tue Jul 27 10:33:54 PDT 2021,67,322,-1
1627409348789,Tue Jul 27 11:09:08 PDT 2021,67,323,-1
1627414632841,Tue Jul 27 12:37:12 PDT 2021,67,325,1
1627424724774,Tue Jul 27 15:25:24 PDT 2021,67,326,-1
1627439277930,Tue Jul 27 19:27:57 PDT 2021,67,327,-1
1627451077902,Tue Jul 27 22:44:37 PDT 2021,67,328,-1
1627451421094,Tue Jul 27 22:50:21 PDT 2021,67,329,-1
1627451625997,Tue Jul 27 22:53:45 PDT 2021,67,330,-1
1627501580633,Wed Jul 28 12:46:20 PDT 2021,67,332,-1
1627503041794,Wed Jul 28 13:10:41 PDT 2021,67,333,-1
1627503117337,Wed Jul 28 13:11:57 PDT 2021,67,334,-1
1627503919539,Wed Jul 28 13:25:19 PDT 2021,67,335,-1
1627504607197,Wed Jul 28 13:36:47 PDT 2021,67,336,-1
1627504802152,Wed Jul 28 13:40:02 PDT 2021,67,337,-1
1627505471090,Wed Jul 28 13:51:11 PDT 2021,67,339,-1
1627506040932,Wed Jul 28 14:00:40 PDT 2021,67,340,-1
1627506593513,Wed Jul 28 14:09:53 PDT 2021,67,341,-1
1627506752356,Wed Jul 28 14:12:32 PDT 2021,67,342,-1
1627508441806,Wed Jul 28 14:40:41 PDT 2021,67,343,-1
1627508600702,Wed Jul 28 14:43:20 PDT 2021,67,344,-1
1627508817210,Wed Jul 28 14:46:57 PDT 2021,67,345,-1
1627509867140,Wed Jul 28 15:04:27 PDT 2021,67,346,-1
1627570919606,Thu Jul 29 08:01:59 PDT 2021,67,347,-1
1627514898753,Wed Jul 28 16:28:18 PDT 2021,67,348,-1
1627515013223,Wed Jul 28 16:30:13 PDT 2021,67,349,-1
1627515346494,Wed Jul 28 16:35:46 PDT 2021,67,350,-1
1627518207633,Wed Jul 28 17:23:27 PDT 2021,67,352,-1
1627522389962,Wed Jul 28 18:33:09 PDT 2021,67,353,-1
1627521569802,Wed Jul 28 18:19:29 PDT 2021,67,356,-1
1627528996216,Wed Jul 28 20:23:16 PDT 2021,67,357,-1
1627531544110,Wed Jul 28 21:05:44 PDT 2021,67,358,-1
1627532141943,Wed Jul 28 21:15:41 PDT 2021,67,359,-1
1627532410442,Wed Jul 28 21:20:10 PDT 2021,67,360,-1
1627535146976,Wed Jul 28 22:05:46 PDT 2021,67,361,-1
1627535628506,Wed Jul 28 22:13:48 PDT 2021,67,362,-1
1627536381363,Wed Jul 28 22:26:21 PDT 2021,67,363,-1
1627542757096,Thu Jul 29 00:12:37 PDT 2021,67,364,-1
1627567954214,Thu Jul 29 07:12:34 PDT 2021,67,365,-1
1627573223641,Thu Jul 29 08:40:23 PDT 2021,67,366,-1
1627577163819,Thu Jul 29 09:46:03 PDT 2021,67,367,-1
1627577744495,Thu Jul 29 09:55:44 PDT 2021,67,368,-1
1627577898913,Thu Jul 29 09:58:18 PDT 2021,67,369,-1
1627579510525,Thu Jul 29 10:25:10 PDT 2021,67,370,-1
1627583792609,Thu Jul 29 11:36:32 PDT 2021,67,371,-1
1627585082464,Thu Jul 29 11:58:02 PDT 2021,67,372,-1
1627586429145,Thu Jul 29 12:20:29 PDT 2021,67,373,-1
1627595216562,Thu Jul 29 14:46:56 PDT 2021,67,375,-1
1627607531178,Thu Jul 29 18:12:11 PDT 2021,67,376,-1
1627611773494,Thu Jul 29 19:22:53 PDT 2021,67,377,-1
1627613539016,Thu Jul 29 19:52:19 PDT 2021,67,378,-1
1627617936253,Thu Jul 29 21:05:36 PDT 2021,67,379,-1
1627654772949,Fri Jul 30 07:19:32 PDT 2021,67,380,-1
1627655923343,Fri Jul 30 07:38:43 PDT 2021,67,381,-1
1627663608910,Fri Jul 30 09:46:48 PDT 2021,67,382,-1
1627664870356,Fri Jul 30 10:07:50 PDT 2021,67,383,-1
1627666360416,Fri Jul 30 10:32:40 PDT 2021,67,384,-1
1627673667929,Fri Jul 30 12:34:27 PDT 2021,67,385,-1
1627675263336,Fri Jul 30 13:01:03 PDT 2021,67,386,1
1627675578531,Fri Jul 30 13:06:18 PDT 2021,67,387,-1
1627680011810,Fri Jul 30 14:20:11 PDT 2021,67,388,-1
1627681336441,Fri Jul 30 14:42:16 PDT 2021,67,389,-1
1627682244862,Fri Jul 30 14:57:24 PDT 2021,67,390,-1
1627683965751,Fri Jul 30 15:26:05 PDT 2021,67,391,-1
1627684433224,Fri Jul 30 15:33:53 PDT 2021,67,392,-1
1627684433467,Fri Jul 30 15:33:53 PDT 2021,67,392,-1
1627685092042,Fri Jul 30 15:44:52 PDT 2021,67,393,-1
1627685972070,Fri Jul 30 15:59:32 PDT 2021,67,394,-1
1627689841376,Fri Jul 30 17:04:01 PDT 2021,67,395,-1
1627701750663,Fri Jul 30 20:22:30 PDT 2021,67,396,-1
1627752362667,Sat Jul 31 10:26:02 PDT 2021,67,397,-1
1627752508791,Sat Jul 31 10:28:28 PDT 2021,67,398,-1
1627756893335,Sat Jul 31 11:41:33 PDT 2021,67,399,0
1627759620794,Sat Jul 31 12:27:00 PDT 2021,67,400,-1
1627769572045,Sat Jul 31 15:12:52 PDT 2021,67,401,-1
1627771618581,Sat Jul 31 15:46:58 PDT 2021,67,402,-1
1627775160830,Sat Jul 31 16:46:00 PDT 2021,67,403,-1
1627837505404,Sun Aug 01 10:05:05 PDT 2021,67,404,-1
1625002503075,Tue Jun 29 14:35:03 PDT 2021,68,0,1
1625002776495,Tue Jun 29 14:39:36 PDT 2021,68,0,1
1625600428688,Tue Jul 06 12:40:28 PDT 2021,68,12,0
1625002427054,Tue Jun 29 14:33:47 PDT 2021,68,14,1
1625003242225,Tue Jun 29 14:47:22 PDT 2021,68,15,1
1625003978479,Tue Jun 29 14:59:38 PDT 2021,68,16,-1
1625007145253,Tue Jun 29 15:52:25 PDT 2021,68,17,1
1625007268316,Tue Jun 29 15:54:28 PDT 2021,68,18,1
1625008197511,Tue Jun 29 16:09:57 PDT 2021,68,19,1
1625008659701,Tue Jun 29 16:17:39 PDT 2021,68,21,1
1625008867151,Tue Jun 29 16:21:07 PDT 2021,68,22,1
1625019581638,Tue Jun 29 19:19:41 PDT 2021,68,24,1
1625019721920,Tue Jun 29 19:22:01 PDT 2021,68,25,-1
1625019605299,Tue Jun 29 19:20:05 PDT 2021,68,26,1
1625021494462,Tue Jun 29 19:51:34 PDT 2021,68,27,1
1625055302530,Wed Jun 30 05:15:02 PDT 2021,68,28,1
1625057656128,Wed Jun 30 05:54:16 PDT 2021,68,30,0
1625064251454,Wed Jun 30 07:44:11 PDT 2021,68,33,-1
1625066132772,Wed Jun 30 08:15:32 PDT 2021,68,34,-1
1625068080961,Wed Jun 30 08:48:00 PDT 2021,68,35,1
1625068492240,Wed Jun 30 08:54:52 PDT 2021,68,36,-1
1625071341260,Wed Jun 30 09:42:21 PDT 2021,68,37,1
1625071727721,Wed Jun 30 09:48:47 PDT 2021,68,38,1
1625082202127,Wed Jun 30 12:43:22 PDT 2021,68,40,-1
1625099020016,Wed Jun 30 17:23:40 PDT 2021,68,41,1
1625085844362,Wed Jun 30 13:44:04 PDT 2021,68,42,-1
1625089391459,Wed Jun 30 14:43:11 PDT 2021,68,43,-1
1625092061030,Wed Jun 30 15:27:41 PDT 2021,68,44,-1
1625092802126,Wed Jun 30 15:40:02 PDT 2021,68,45,-1
1625094756747,Wed Jun 30 16:12:36 PDT 2021,68,46,-1
1625094902070,Wed Jun 30 16:15:02 PDT 2021,68,47,-1
1625095749474,Wed Jun 30 16:29:09 PDT 2021,68,48,1
1625098977596,Wed Jun 30 17:22:57 PDT 2021,68,50,-1
1625100861018,Wed Jun 30 17:54:21 PDT 2021,68,51,1
1625100896801,Wed Jun 30 17:54:56 PDT 2021,68,52,1
1625101174144,Wed Jun 30 17:59:34 PDT 2021,68,53,1
1625101172378,Wed Jun 30 17:59:32 PDT 2021,68,54,1
1625107898329,Wed Jun 30 19:51:38 PDT 2021,68,55,-1
1625112068484,Wed Jun 30 21:01:08 PDT 2021,68,56,-1
1625115834092,Wed Jun 30 22:03:54 PDT 2021,68,57,-1
1625117122342,Wed Jun 30 22:25:22 PDT 2021,68,58,-1
1625117556989,Wed Jun 30 22:32:36 PDT 2021,68,59,-1
1625120569306,Wed Jun 30 23:22:49 PDT 2021,68,60,0
1625149983161,Thu Jul 01 07:33:03 PDT 2021,68,61,1
1625150796858,Thu Jul 01 07:46:36 PDT 2021,68,62,-1
1625152858864,Thu Jul 01 08:20:58 PDT 2021,68,63,1
1625155372127,Thu Jul 01 09:02:52 PDT 2021,68,64,1
1625157779092,Thu Jul 01 09:42:59 PDT 2021,68,65,0
1625158768954,Thu Jul 01 09:59:28 PDT 2021,68,66,0
1625159342728,Thu Jul 01 10:09:02 PDT 2021,68,68,-1
1625159730277,Thu Jul 01 10:15:30 PDT 2021,68,69,1
1625159878973,Thu Jul 01 10:17:58 PDT 2021,68,70,1
1625160759638,Thu Jul 01 10:32:39 PDT 2021,68,71,0
1625163037406,Thu Jul 01 11:10:37 PDT 2021,68,72,1
1625163139736,Thu Jul 01 11:12:19 PDT 2021,68,73,1
1625163647789,Thu Jul 01 11:20:47 PDT 2021,68,74,0
1625163762974,Thu Jul 01 11:22:42 PDT 2021,68,76,1
1625163783702,Thu Jul 01 11:23:03 PDT 2021,68,77,1
1625163791531,Thu Jul 01 11:23:11 PDT 2021,68,78,1
1625163860526,Thu Jul 01 11:24:20 PDT 2021,68,80,1
1625164008127,Thu Jul 01 11:26:48 PDT 2021,68,83,1
1625164380819,Thu Jul 01 11:33:00 PDT 2021,68,84,1
1625164558052,Thu Jul 01 11:35:58 PDT 2021,68,85,1
1625165237813,Thu Jul 01 11:47:17 PDT 2021,68,86,-1
1625165648107,Thu Jul 01 11:54:08 PDT 2021,68,87,1
1625165757526,Thu Jul 01 11:55:57 PDT 2021,68,88,-1
1625165853220,Thu Jul 01 11:57:33 PDT 2021,68,89,-1
1625165955715,Thu Jul 01 11:59:15 PDT 2021,68,90,-1
1625168063195,Thu Jul 01 12:34:23 PDT 2021,68,92,-1
1625173280145,Thu Jul 01 14:01:20 PDT 2021,68,93,0
1625174351403,Thu Jul 01 14:19:11 PDT 2021,68,94,-1
1625174659700,Thu Jul 01 14:24:19 PDT 2021,68,95,1
1625182638824,Thu Jul 01 16:37:18 PDT 2021,68,96,0
1625185354982,Thu Jul 01 17:22:34 PDT 2021,68,97,-1
1625186016766,Thu Jul 01 17:33:36 PDT 2021,68,98,0
1625189750460,Thu Jul 01 18:35:50 PDT 2021,68,99,1
1625190059844,Thu Jul 01 18:40:59 PDT 2021,68,100,1
1625190778517,Thu Jul 01 18:52:58 PDT 2021,68,101,-1
1625199582677,Thu Jul 01 21:19:42 PDT 2021,68,102,0
1625237936765,Fri Jul 02 07:58:56 PDT 2021,68,103,-1
1625241078264,Fri Jul 02 08:51:18 PDT 2021,68,104,1
1625241621107,Fri Jul 02 09:00:21 PDT 2021,68,105,-1
1625241727336,Fri Jul 02 09:02:07 PDT 2021,68,106,-1
1625245418759,Fri Jul 02 10:03:38 PDT 2021,68,107,-1
1625251385359,Fri Jul 02 11:43:05 PDT 2021,68,108,-1
1625252389805,Fri Jul 02 11:59:49 PDT 2021,68,109,1
1625265177399,Fri Jul 02 15:32:57 PDT 2021,68,110,-1
1625266062922,Fri Jul 02 15:47:42 PDT 2021,68,111,1
1625273919465,Fri Jul 02 17:58:39 PDT 2021,68,112,1
1625281775092,Fri Jul 02 20:09:35 PDT 2021,68,113,0
1625295411422,Fri Jul 02 23:56:51 PDT 2021,68,115,-1
1625320293073,Sat Jul 03 06:51:33 PDT 2021,68,116,-1
1625322525392,Sat Jul 03 07:28:45 PDT 2021,68,117,0
1625328955441,Sat Jul 03 09:15:55 PDT 2021,68,118,-1
1625333191049,Sat Jul 03 10:26:31 PDT 2021,68,119,-1
1625361755000,Sat Jul 03 18:22:35 PDT 2021,68,120,1
1625364379707,Sat Jul 03 19:06:19 PDT 2021,68,121,-1
1625365133985,Sat Jul 03 19:18:53 PDT 2021,68,122,1
1625365588238,Sat Jul 03 19:26:28 PDT 2021,68,123,-1
1625374465327,Sat Jul 03 21:54:25 PDT 2021,68,124,-1
1625383703265,Sun Jul 04 00:28:23 PDT 2021,68,125,-1
1625410032650,Sun Jul 04 07:47:12 PDT 2021,68,126,-1
1625413276861,Sun Jul 04 08:41:16 PDT 2021,68,127,-1
1625415917119,Sun Jul 04 09:25:17 PDT 2021,68,128,-1
1625416022729,Sun Jul 04 09:27:02 PDT 2021,68,130,-1
1625424104699,Sun Jul 04 11:41:44 PDT 2021,68,131,-1
1625428685561,Sun Jul 04 12:58:05 PDT 2021,68,132,-1
1625428776761,Sun Jul 04 12:59:36 PDT 2021,68,133,-1
1625435038513,Sun Jul 04 14:43:58 PDT 2021,68,135,0
1625435968360,Sun Jul 04 14:59:28 PDT 2021,68,136,-1
1625436775069,Sun Jul 04 15:12:55 PDT 2021,68,137,-1
1625451872955,Sun Jul 04 19:24:32 PDT 2021,68,141,-1
1625454458903,Sun Jul 04 20:07:38 PDT 2021,68,142,-1
1625460903709,Sun Jul 04 21:55:03 PDT 2021,68,144,0
1625461657876,Sun Jul 04 22:07:37 PDT 2021,68,145,-1
1625465143528,Sun Jul 04 23:05:43 PDT 2021,68,146,-1
1625495377250,Mon Jul 05 07:29:37 PDT 2021,68,147,-1
1625528590486,Mon Jul 05 16:43:10 PDT 2021,68,148,-1
1625593540524,Tue Jul 06 10:45:40 PDT 2021,68,151,1
1625597460913,Tue Jul 06 11:51:00 PDT 2021,68,152,1
1625597880041,Tue Jul 06 11:58:00 PDT 2021,68,153,1
1625601307536,Tue Jul 06 12:55:07 PDT 2021,68,154,1
1625611134920,Tue Jul 06 15:38:54 PDT 2021,68,155,1
1625626872975,Tue Jul 06 20:01:12 PDT 2021,68,156,1
1625635655693,Tue Jul 06 22:27:35 PDT 2021,68,157,-1
1625672288966,Wed Jul 07 08:38:08 PDT 2021,68,159,-1
1625672675625,Wed Jul 07 08:44:35 PDT 2021,68,160,-1
1625674344542,Wed Jul 07 09:12:24 PDT 2021,68,161,-1
1625674871658,Wed Jul 07 09:21:11 PDT 2021,68,162,-1
1625676398562,Wed Jul 07 09:46:38 PDT 2021,68,163,-1
1625676949463,Wed Jul 07 09:55:49 PDT 2021,68,164,-1
1625677327997,Wed Jul 07 10:02:07 PDT 2021,68,165,-1
1625677471334,Wed Jul 07 10:04:31 PDT 2021,68,166,-1
1625677577777,Wed Jul 07 10:06:17 PDT 2021,68,167,-1
1625677714984,Wed Jul 07 10:08:34 PDT 2021,68,168,-1
1625678834498,Wed Jul 07 10:27:14 PDT 2021,68,169,-1
1625686130658,Wed Jul 07 12:28:50 PDT 2021,68,170,-1
1625689282178,Wed Jul 07 13:21:22 PDT 2021,68,171,0
1625690053597,Wed Jul 07 13:34:13 PDT 2021,68,172,-1
1625692935032,Wed Jul 07 14:22:15 PDT 2021,68,173,-1
1625693809823,Wed Jul 07 14:36:49 PDT 2021,68,174,1
1625694480745,Wed Jul 07 14:48:00 PDT 2021,68,176,0
1625694388594,Wed Jul 07 14:46:28 PDT 2021,68,177,1
1625695211203,Wed Jul 07 15:00:11 PDT 2021,68,178,-1
1625696081475,Wed Jul 07 15:14:41 PDT 2021,68,180,-1
1625696081849,Wed Jul 07 15:14:41 PDT 2021,68,180,-1
1625696324080,Wed Jul 07 15:18:44 PDT 2021,68,181,1
1625697113208,Wed Jul 07 15:31:53 PDT 2021,68,182,-1
1625697513330,Wed Jul 07 15:38:33 PDT 2021,68,183,-1
1625699242894,Wed Jul 07 16:07:22 PDT 2021,68,184,-1
1625699415306,Wed Jul 07 16:10:15 PDT 2021,68,185,-1
1625699603093,Wed Jul 07 16:13:23 PDT 2021,68,186,1
1625700010050,Wed Jul 07 16:20:10 PDT 2021,68,187,-1
1625700255312,Wed Jul 07 16:24:15 PDT 2021,68,188,0
1625702454618,Wed Jul 07 17:00:54 PDT 2021,68,189,-1
1625706879040,Wed Jul 07 18:14:39 PDT 2021,68,191,0
1625709800687,Wed Jul 07 19:03:20 PDT 2021,68,193,-1
1625710153905,Wed Jul 07 19:09:13 PDT 2021,68,194,-1
1625714365018,Wed Jul 07 20:19:25 PDT 2021,68,195,-1
1625722640146,Wed Jul 07 22:37:20 PDT 2021,68,196,-1
1625752460956,Thu Jul 08 06:54:20 PDT 2021,68,197,-1
1625755353370,Thu Jul 08 07:42:33 PDT 2021,68,198,1
1625758815522,Thu Jul 08 08:40:15 PDT 2021,68,199,-1
1625760021521,Thu Jul 08 09:00:21 PDT 2021,68,200,1
1625762307091,Thu Jul 08 09:38:27 PDT 2021,68,201,-1
1625762622183,Thu Jul 08 09:43:42 PDT 2021,68,202,-1
1625763296433,Thu Jul 08 09:54:56 PDT 2021,68,203,1
1625767983717,Thu Jul 08 11:13:03 PDT 2021,68,204,-1
1625770181461,Thu Jul 08 11:49:41 PDT 2021,68,205,1
1625772265138,Thu Jul 08 12:24:25 PDT 2021,68,206,-1
1625781386904,Thu Jul 08 14:56:26 PDT 2021,68,207,1
1625783590905,Thu Jul 08 15:33:10 PDT 2021,68,208,-1
1625786072862,Thu Jul 08 16:14:32 PDT 2021,68,209,1
1625787111972,Thu Jul 08 16:31:51 PDT 2021,68,210,-1
1625796178298,Thu Jul 08 19:02:58 PDT 2021,68,212,0
1625801337026,Thu Jul 08 20:28:57 PDT 2021,68,213,-1
1625805378087,Thu Jul 08 21:36:18 PDT 2021,68,214,-1
1625844393241,Fri Jul 09 08:26:33 PDT 2021,68,215,1
1625852902385,Fri Jul 09 10:48:22 PDT 2021,68,216,-1
1625855141207,Fri Jul 09 11:25:41 PDT 2021,68,217,-1
1625863274631,Fri Jul 09 13:41:14 PDT 2021,68,218,-1
1625867942460,Fri Jul 09 14:59:02 PDT 2021,68,219,1
1625921029666,Sat Jul 10 05:43:49 PDT 2021,68,223,-1
1625921778002,Sat Jul 10 05:56:18 PDT 2021,68,224,-1
1625926442660,Sat Jul 10 07:14:02 PDT 2021,68,225,0
1625928689530,Sat Jul 10 07:51:29 PDT 2021,68,226,-1
1625932386134,Sat Jul 10 08:53:06 PDT 2021,68,227,-1
1625939189338,Sat Jul 10 10:46:29 PDT 2021,68,228,0
1625957546041,Sat Jul 10 15:52:26 PDT 2021,68,230,1
1625961405660,Sat Jul 10 16:56:45 PDT 2021,68,231,-1
1625964209950,Sat Jul 10 17:43:29 PDT 2021,68,232,1
1625971284118,Sat Jul 10 19:41:24 PDT 2021,68,233,-1
1625982031857,Sat Jul 10 22:40:31 PDT 2021,68,234,1
1626011310650,Sun Jul 11 06:48:30 PDT 2021,68,236,-1
1626014862754,Sun Jul 11 07:47:42 PDT 2021,68,237,1
1626015089653,Sun Jul 11 07:51:29 PDT 2021,68,238,1
1626016184875,Sun Jul 11 08:09:44 PDT 2021,68,239,-1
1626027198330,Sun Jul 11 11:13:18 PDT 2021,68,240,-1
1626029696771,Sun Jul 11 11:54:56 PDT 2021,68,241,-1
1626033075441,Sun Jul 11 12:51:15 PDT 2021,68,243,0
1626041772193,Sun Jul 11 15:16:12 PDT 2021,68,245,0
1626050833418,Sun Jul 11 17:47:13 PDT 2021,68,246,-1
1626055634447,Sun Jul 11 19:07:14 PDT 2021,68,247,-1
1626062856780,Sun Jul 11 21:07:36 PDT 2021,68,248,1
1626096846467,Mon Jul 12 06:34:06 PDT 2021,68,249,-1
1626097097680,Mon Jul 12 06:38:17 PDT 2021,68,250,-1
1626100620487,Mon Jul 12 07:37:00 PDT 2021,68,251,-1
1626103791241,Mon Jul 12 08:29:51 PDT 2021,68,252,-1
1626160069415,Tue Jul 13 00:07:49 PDT 2021,68,255,1
1626184035108,Tue Jul 13 06:47:15 PDT 2021,68,256,-1
1626197811005,Tue Jul 13 10:36:51 PDT 2021,68,257,-1
1626204106438,Tue Jul 13 12:21:46 PDT 2021,68,258,1
1626227957777,Tue Jul 13 18:59:17 PDT 2021,68,259,-1
1626213665487,Tue Jul 13 15:01:05 PDT 2021,68,260,1
1626215298747,Tue Jul 13 15:28:18 PDT 2021,68,261,-1
1626218682969,Tue Jul 13 16:24:42 PDT 2021,68,262,0
1626220546347,Tue Jul 13 16:55:46 PDT 2021,68,263,0
1626234452407,Tue Jul 13 20:47:32 PDT 2021,68,264,-1
1626235219302,Tue Jul 13 21:00:19 PDT 2021,68,265,1
1626275997327,Wed Jul 14 08:19:57 PDT 2021,68,266,0
1626383199323,Thu Jul 15 14:06:39 PDT 2021,68,267,0
1626328191373,Wed Jul 14 22:49:51 PDT 2021,68,268,-1
1626360373405,Thu Jul 15 07:46:13 PDT 2021,68,269,-1
1626385544424,Thu Jul 15 14:45:44 PDT 2021,68,271,0
1626415289977,Thu Jul 15 23:01:29 PDT 2021,68,272,-1
1626455005442,Fri Jul 16 10:03:25 PDT 2021,68,273,1
1626455200978,Fri Jul 16 10:06:40 PDT 2021,68,274,1
1626470855286,Fri Jul 16 14:27:35 PDT 2021,68,275,1
1626492498138,Fri Jul 16 20:28:18 PDT 2021,68,276,0
1626540279002,Sat Jul 17 09:44:39 PDT 2021,68,278,1
1626540295059,Sat Jul 17 09:44:55 PDT 2021,68,279,-1
1626544850777,Sat Jul 17 11:00:50 PDT 2021,68,280,-1
1626552216491,Sat Jul 17 13:03:36 PDT 2021,68,281,-1
1626553281262,Sat Jul 17 13:21:21 PDT 2021,68,282,-1
1626567933600,Sat Jul 17 17:25:33 PDT 2021,68,284,1
1626577982074,Sat Jul 17 20:13:02 PDT 2021,68,285,-1
1626584449830,Sat Jul 17 22:00:49 PDT 2021,68,286,1
1626712792571,Mon Jul 19 09:39:52 PDT 2021,68,288,-1
1626716241739,Mon Jul 19 10:37:21 PDT 2021,68,290,1
1626718801557,Mon Jul 19 11:20:01 PDT 2021,68,291,-1
1626723854468,Mon Jul 19 12:44:14 PDT 2021,68,292,-1
1626726275528,Mon Jul 19 13:24:35 PDT 2021,68,293,0
1626737298141,Mon Jul 19 16:28:18 PDT 2021,68,294,-1
1626751803365,Mon Jul 19 20:30:03 PDT 2021,68,295,1
1626791572905,Tue Jul 20 07:32:52 PDT 2021,68,296,-1
1626798417387,Tue Jul 20 09:26:57 PDT 2021,68,298,-1
1626907944080,Wed Jul 21 15:52:24 PDT 2021,68,299,-1
1626910729423,Wed Jul 21 16:38:49 PDT 2021,68,300,0
1626918949051,Wed Jul 21 18:55:49 PDT 2021,68,301,-1
1627000714716,Thu Jul 22 17:38:34 PDT 2021,68,302,-1
1627002308221,Thu Jul 22 18:05:08 PDT 2021,68,303,-1
1627007715599,Thu Jul 22 19:35:15 PDT 2021,68,304,-1
1627008285475,Thu Jul 22 19:44:45 PDT 2021,68,305,1
1627082363116,Fri Jul 23 16:19:23 PDT 2021,68,308,1
1627083628079,Fri Jul 23 16:40:28 PDT 2021,68,309,-1
1627084969145,Fri Jul 23 17:02:49 PDT 2021,68,310,-1
1627086438896,Fri Jul 23 17:27:18 PDT 2021,68,311,-1
1627087664286,Fri Jul 23 17:47:44 PDT 2021,68,312,-1
1627099547497,Fri Jul 23 21:05:47 PDT 2021,68,313,-1
1627100460661,Fri Jul 23 21:21:00 PDT 2021,68,314,-1
1627101397243,Fri Jul 23 21:36:37 PDT 2021,68,315,1
1627131492021,Sat Jul 24 05:58:12 PDT 2021,68,316,-1
1627162352655,Sat Jul 24 14:32:32 PDT 2021,68,317,-1
1627186932123,Sat Jul 24 21:22:12 PDT 2021,68,318,1
1627191289214,Sat Jul 24 22:34:49 PDT 2021,68,319,0
1627404825775,Tue Jul 27 09:53:45 PDT 2021,68,321,1
1627407240875,Tue Jul 27 10:34:00 PDT 2021,68,322,-1
1627409322993,Tue Jul 27 11:08:42 PDT 2021,68,323,-1
1627414665998,Tue Jul 27 12:37:45 PDT 2021,68,325,-1
1627424708674,Tue Jul 27 15:25:08 PDT 2021,68,326,-1
1627439286688,Tue Jul 27 19:28:06 PDT 2021,68,327,0
1627451064385,Tue Jul 27 22:44:24 PDT 2021,68,328,-1
1627451346415,Tue Jul 27 22:49:06 PDT 2021,68,329,-1
1627451624214,Tue Jul 27 22:53:44 PDT 2021,68,330,-1
1627501557519,Wed Jul 28 12:45:57 PDT 2021,68,332,-1
1627503040047,Wed Jul 28 13:10:40 PDT 2021,68,333,-1
1627503123759,Wed Jul 28 13:12:03 PDT 2021,68,334,-1
1627503921834,Wed Jul 28 13:25:21 PDT 2021,68,335,-1
1627504585631,Wed Jul 28 13:36:25 PDT 2021,68,336,-1
1627504821314,Wed Jul 28 13:40:21 PDT 2021,68,337,1
1627505462916,Wed Jul 28 13:51:02 PDT 2021,68,339,-1
1627506077539,Wed Jul 28 14:01:17 PDT 2021,68,340,-1
1627506604527,Wed Jul 28 14:10:04 PDT 2021,68,341,-1
1627506828553,Wed Jul 28 14:13:48 PDT 2021,68,342,-1
1627508425824,Wed Jul 28 14:40:25 PDT 2021,68,343,-1
1627508569687,Wed Jul 28 14:42:49 PDT 2021,68,344,-1
1627508852592,Wed Jul 28 14:47:32 PDT 2021,68,345,-1
1627509844918,Wed Jul 28 15:04:04 PDT 2021,68,346,-1
1627510269663,Wed Jul 28 15:11:09 PDT 2021,68,347,-1
1627514910554,Wed Jul 28 16:28:30 PDT 2021,68,348,-1
1627515073485,Wed Jul 28 16:31:13 PDT 2021,68,349,-1
1627515343399,Wed Jul 28 16:35:43 PDT 2021,68,350,-1
1627518059481,Wed Jul 28 17:20:59 PDT 2021,68,352,-1
1627522344464,Wed Jul 28 18:32:24 PDT 2021,68,353,1
1627521479680,Wed Jul 28 18:17:59 PDT 2021,68,356,1
1627528930554,Wed Jul 28 20:22:10 PDT 2021,68,357,-1
1627531496892,Wed Jul 28 21:04:56 PDT 2021,68,358,-1
1627532070738,Wed Jul 28 21:14:30 PDT 2021,68,359,-1
1627532417720,Wed Jul 28 21:20:17 PDT 2021,68,360,1
1627535116213,Wed Jul 28 22:05:16 PDT 2021,68,361,-1
1627535354210,Wed Jul 28 22:09:14 PDT 2021,68,362,-1
1627536505526,Wed Jul 28 22:28:25 PDT 2021,68,363,-1
1627542883303,Thu Jul 29 00:14:43 PDT 2021,68,364,0
1627567985520,Thu Jul 29 07:13:05 PDT 2021,68,365,0
1627573244612,Thu Jul 29 08:40:44 PDT 2021,68,366,1
1627577149338,Thu Jul 29 09:45:49 PDT 2021,68,367,-1
1627577713482,Thu Jul 29 09:55:13 PDT 2021,68,368,1
1627577895682,Thu Jul 29 09:58:15 PDT 2021,68,369,-1
1627579532429,Thu Jul 29 10:25:32 PDT 2021,68,370,1
1627583768809,Thu Jul 29 11:36:08 PDT 2021,68,371,-1
1627585080433,Thu Jul 29 11:58:00 PDT 2021,68,372,-1
1627586449788,Thu Jul 29 12:20:49 PDT 2021,68,373,-1
1627593554901,Thu Jul 29 14:19:14 PDT 2021,68,374,-1
1627595239632,Thu Jul 29 14:47:19 PDT 2021,68,375,-1
1627607172286,Thu Jul 29 18:06:12 PDT 2021,68,376,-1
1627611765254,Thu Jul 29 19:22:45 PDT 2021,68,377,1
1627613494348,Thu Jul 29 19:51:34 PDT 2021,68,378,0
1627617918520,Thu Jul 29 21:05:18 PDT 2021,68,379,-1
1627654780256,Fri Jul 30 07:19:40 PDT 2021,68,380,0
1627655864636,Fri Jul 30 07:37:44 PDT 2021,68,381,-1
1627663574323,Fri Jul 30 09:46:14 PDT 2021,68,382,-1
1627664872901,Fri Jul 30 10:07:52 PDT 2021,68,383,-1
1627666421790,Fri Jul 30 10:33:41 PDT 2021,68,384,-1
1627673659192,Fri Jul 30 12:34:19 PDT 2021,68,385,-1
1627675203908,Fri Jul 30 13:00:03 PDT 2021,68,386,-1
1627675543511,Fri Jul 30 13:05:43 PDT 2021,68,387,-1
1627679980147,Fri Jul 30 14:19:40 PDT 2021,68,388,-1
1627681343955,Fri Jul 30 14:42:23 PDT 2021,68,389,0
1627682240403,Fri Jul 30 14:57:20 PDT 2021,68,390,-1
1627683973535,Fri Jul 30 15:26:13 PDT 2021,68,391,-1
1627684435651,Fri Jul 30 15:33:55 PDT 2021,68,392,-1
1627685069680,Fri Jul 30 15:44:29 PDT 2021,68,393,-1
1627685951253,Fri Jul 30 15:59:11 PDT 2021,68,394,-1
1627689960072,Fri Jul 30 17:06:00 PDT 2021,68,395,-1
1627701780686,Fri Jul 30 20:23:00 PDT 2021,68,396,0
1627752429177,Sat Jul 31 10:27:09 PDT 2021,68,397,-1
1627752503349,Sat Jul 31 10:28:23 PDT 2021,68,398,-1
1627756900771,Sat Jul 31 11:41:40 PDT 2021,68,399,0
1627759661916,Sat Jul 31 12:27:41 PDT 2021,68,400,-1
1627769547736,Sat Jul 31 15:12:27 PDT 2021,68,401,-1
1627771623025,Sat Jul 31 15:47:03 PDT 2021,68,402,-1
1627775362945,Sat Jul 31 16:49:22 PDT 2021,68,403,1
1627837532402,Sun Aug 01 10:05:32 PDT 2021,68,404,-1
1625002483933,Tue Jun 29 14:34:43 PDT 2021,69,14,1
1625002781943,Tue Jun 29 14:39:41 PDT 2021,70,0,-1
1625009007846,Tue Jun 29 16:23:27 PDT 2021,70,0,-1
1625600425022,Tue Jul 06 12:40:25 PDT 2021,70,12,-1
1625002505429,Tue Jun 29 14:35:05 PDT 2021,70,14,1
1625003259767,Tue Jun 29 14:47:39 PDT 2021,70,15,1
1625003752511,Tue Jun 29 14:55:52 PDT 2021,70,16,-1
1625007105055,Tue Jun 29 15:51:45 PDT 2021,70,17,1
1625007223367,Tue Jun 29 15:53:43 PDT 2021,70,18,0
1625008224909,Tue Jun 29 16:10:24 PDT 2021,70,19,-1
1625008644217,Tue Jun 29 16:17:24 PDT 2021,70,21,-1
1625008851733,Tue Jun 29 16:20:51 PDT 2021,70,22,-1
1625019349365,Tue Jun 29 19:15:49 PDT 2021,70,24,0
1625019683563,Tue Jun 29 19:21:23 PDT 2021,70,25,1
1625019729944,Tue Jun 29 19:22:09 PDT 2021,70,26,-1
1625021557649,Tue Jun 29 19:52:37 PDT 2021,70,27,-1
1625055345283,Wed Jun 30 05:15:45 PDT 2021,70,28,0
1625057638960,Wed Jun 30 05:53:58 PDT 2021,70,30,-1
1625064219369,Wed Jun 30 07:43:39 PDT 2021,70,33,-1
1625066211397,Wed Jun 30 08:16:51 PDT 2021,70,34,-1
1625068085906,Wed Jun 30 08:48:05 PDT 2021,70,35,1
1625068529752,Wed Jun 30 08:55:29 PDT 2021,70,36,-1
1625071273525,Wed Jun 30 09:41:13 PDT 2021,70,37,1
1625071787628,Wed Jun 30 09:49:47 PDT 2021,70,38,1
1625082208932,Wed Jun 30 12:43:28 PDT 2021,70,40,-1
1625083171748,Wed Jun 30 12:59:31 PDT 2021,70,41,-1
1625085857469,Wed Jun 30 13:44:17 PDT 2021,70,42,-1
1625089394983,Wed Jun 30 14:43:14 PDT 2021,70,43,1
1625092073565,Wed Jun 30 15:27:53 PDT 2021,70,44,-1
1625092778983,Wed Jun 30 15:39:38 PDT 2021,70,45,-1
1625094768964,Wed Jun 30 16:12:48 PDT 2021,70,46,-1
1625094898152,Wed Jun 30 16:14:58 PDT 2021,70,47,-1
1625095810238,Wed Jun 30 16:30:10 PDT 2021,70,48,-1
1625098942136,Wed Jun 30 17:22:22 PDT 2021,70,50,-1
1625100872859,Wed Jun 30 17:54:32 PDT 2021,70,51,-1
1625100859471,Wed Jun 30 17:54:19 PDT 2021,70,52,-1
1625101178295,Wed Jun 30 17:59:38 PDT 2021,70,53,-1
1625101177623,Wed Jun 30 17:59:37 PDT 2021,70,54,-1
1625107850622,Wed Jun 30 19:50:50 PDT 2021,70,55,-1
1625112112172,Wed Jun 30 21:01:52 PDT 2021,70,56,-1
1625115864391,Wed Jun 30 22:04:24 PDT 2021,70,57,-1
1625117161692,Wed Jun 30 22:26:01 PDT 2021,70,58,-1
1625117706005,Wed Jun 30 22:35:06 PDT 2021,70,59,-1
1625120562065,Wed Jun 30 23:22:42 PDT 2021,70,60,0
1625149966352,Thu Jul 01 07:32:46 PDT 2021,70,61,1
1625150942135,Thu Jul 01 07:49:02 PDT 2021,70,62,-1
1625152800243,Thu Jul 01 08:20:00 PDT 2021,70,63,-1
1625155355059,Thu Jul 01 09:02:35 PDT 2021,70,64,1
1625157798449,Thu Jul 01 09:43:18 PDT 2021,70,65,1
1625158729361,Thu Jul 01 09:58:49 PDT 2021,70,66,1
1625159365154,Thu Jul 01 10:09:25 PDT 2021,70,68,-1
1625159743682,Thu Jul 01 10:15:43 PDT 2021,70,69,-1
1625159884522,Thu Jul 01 10:18:04 PDT 2021,70,70,1
1625160854261,Thu Jul 01 10:34:14 PDT 2021,70,71,0
1625163041987,Thu Jul 01 11:10:41 PDT 2021,70,72,1
1625163200612,Thu Jul 01 11:13:20 PDT 2021,70,73,1
1625163631892,Thu Jul 01 11:20:31 PDT 2021,70,74,0
1625163754467,Thu Jul 01 11:22:34 PDT 2021,70,75,1
1625163782084,Thu Jul 01 11:23:02 PDT 2021,70,77,1
1625163805079,Thu Jul 01 11:23:25 PDT 2021,70,78,1
1625163839284,Thu Jul 01 11:23:59 PDT 2021,70,80,1
1625163931714,Thu Jul 01 11:25:31 PDT 2021,70,81,1
1625163952861,Thu Jul 01 11:25:52 PDT 2021,70,82,1
1625164016297,Thu Jul 01 11:26:56 PDT 2021,70,83,1
1625164416062,Thu Jul 01 11:33:36 PDT 2021,70,84,1
1625164555259,Thu Jul 01 11:35:55 PDT 2021,70,85,1
1625165259969,Thu Jul 01 11:47:39 PDT 2021,70,86,-1
1625165625680,Thu Jul 01 11:53:45 PDT 2021,70,87,1
1625165738169,Thu Jul 01 11:55:38 PDT 2021,70,88,-1
1625165861406,Thu Jul 01 11:57:41 PDT 2021,70,89,-1
1625165948922,Thu Jul 01 11:59:08 PDT 2021,70,90,-1
1625166108126,Thu Jul 01 12:01:48 PDT 2021,70,91,1
1625168124455,Thu Jul 01 12:35:24 PDT 2021,70,92,-1
1625173392119,Thu Jul 01 14:03:12 PDT 2021,70,93,0
1625174519501,Thu Jul 01 14:21:59 PDT 2021,70,94,1
1625174682706,Thu Jul 01 14:24:42 PDT 2021,70,95,1
1625182643460,Thu Jul 01 16:37:23 PDT 2021,70,96,-1
1625185181012,Thu Jul 01 17:19:41 PDT 2021,70,97,-1
1625185898604,Thu Jul 01 17:31:38 PDT 2021,70,98,0
1625189765116,Thu Jul 01 18:36:05 PDT 2021,70,99,0
1625190051849,Thu Jul 01 18:40:51 PDT 2021,70,100,-1
1625190481847,Thu Jul 01 18:48:01 PDT 2021,70,101,-1
1625199563066,Thu Jul 01 21:19:23 PDT 2021,70,102,1
1625237934254,Fri Jul 02 07:58:54 PDT 2021,70,103,-1
1625241039776,Fri Jul 02 08:50:39 PDT 2021,70,104,-1
1625241609970,Fri Jul 02 09:00:09 PDT 2021,70,105,1
1625241747473,Fri Jul 02 09:02:27 PDT 2021,70,106,-1
1625245341106,Fri Jul 02 10:02:21 PDT 2021,70,107,1
1625251389894,Fri Jul 02 11:43:09 PDT 2021,70,108,-1
1625265244662,Fri Jul 02 15:34:04 PDT 2021,70,110,-1
1625266097475,Fri Jul 02 15:48:17 PDT 2021,70,111,1
1625273922881,Fri Jul 02 17:58:42 PDT 2021,70,112,1
1625281778999,Fri Jul 02 20:09:38 PDT 2021,70,113,0
1625295393298,Fri Jul 02 23:56:33 PDT 2021,70,115,-1
1625320295326,Sat Jul 03 06:51:35 PDT 2021,70,116,-1
1625329022495,Sat Jul 03 09:17:02 PDT 2021,70,118,-1
1625333210191,Sat Jul 03 10:26:50 PDT 2021,70,119,-1
1625361746775,Sat Jul 03 18:22:26 PDT 2021,70,120,-1
1625364431058,Sat Jul 03 19:07:11 PDT 2021,70,121,-1
1625365208422,Sat Jul 03 19:20:08 PDT 2021,70,122,-1
1625365609624,Sat Jul 03 19:26:49 PDT 2021,70,123,1
1625374456592,Sat Jul 03 21:54:16 PDT 2021,70,124,1
1625383694643,Sun Jul 04 00:28:14 PDT 2021,70,125,0
1625410045082,Sun Jul 04 07:47:25 PDT 2021,70,126,1
1625413284996,Sun Jul 04 08:41:24 PDT 2021,70,127,-1
1625415991623,Sun Jul 04 09:26:31 PDT 2021,70,129,-1
1625416025240,Sun Jul 04 09:27:05 PDT 2021,70,130,1
1625424082866,Sun Jul 04 11:41:22 PDT 2021,70,131,-1
1625428680144,Sun Jul 04 12:58:00 PDT 2021,70,132,1
1625428778746,Sun Jul 04 12:59:38 PDT 2021,70,133,-1
1625434931936,Sun Jul 04 14:42:11 PDT 2021,70,134,1
1625435068628,Sun Jul 04 14:44:28 PDT 2021,70,135,-1
1625435920979,Sun Jul 04 14:58:40 PDT 2021,70,136,1
1625436748506,Sun Jul 04 15:12:28 PDT 2021,70,137,-1
1625451860290,Sun Jul 04 19:24:20 PDT 2021,70,141,-1
1625454461096,Sun Jul 04 20:07:41 PDT 2021,70,142,-1
1625460891301,Sun Jul 04 21:54:51 PDT 2021,70,144,-1
1625461650866,Sun Jul 04 22:07:30 PDT 2021,70,145,-1
1625465148883,Sun Jul 04 23:05:48 PDT 2021,70,146,-1
1625495374310,Mon Jul 05 07:29:34 PDT 2021,70,147,-1
1625528595219,Mon Jul 05 16:43:15 PDT 2021,70,148,-1
1625593529929,Tue Jul 06 10:45:29 PDT 2021,70,151,-1
1625597469478,Tue Jul 06 11:51:09 PDT 2021,70,152,-1
1625597861443,Tue Jul 06 11:57:41 PDT 2021,70,153,1
1625601318542,Tue Jul 06 12:55:18 PDT 2021,70,154,1
1625611126594,Tue Jul 06 15:38:46 PDT 2021,70,155,-1
1625626875561,Tue Jul 06 20:01:15 PDT 2021,70,156,-1
1625635637125,Tue Jul 06 22:27:17 PDT 2021,70,157,-1
1625671509297,Wed Jul 07 08:25:09 PDT 2021,70,158,-1
1625672298125,Wed Jul 07 08:38:18 PDT 2021,70,159,-1
1625672689754,Wed Jul 07 08:44:49 PDT 2021,70,160,-1
1625674396355,Wed Jul 07 09:13:16 PDT 2021,70,161,1
1625674854134,Wed Jul 07 09:20:54 PDT 2021,70,162,0
1625676346899,Wed Jul 07 09:45:46 PDT 2021,70,163,-1
1625676950879,Wed Jul 07 09:55:50 PDT 2021,70,164,-1
1625677336718,Wed Jul 07 10:02:16 PDT 2021,70,165,-1
1625677555778,Wed Jul 07 10:05:55 PDT 2021,70,166,-1
1625677590667,Wed Jul 07 10:06:30 PDT 2021,70,167,-1
1625677742533,Wed Jul 07 10:09:02 PDT 2021,70,168,-1
1625686186109,Wed Jul 07 12:29:46 PDT 2021,70,170,-1
1625689286907,Wed Jul 07 13:21:26 PDT 2021,70,171,0
1625690023488,Wed Jul 07 13:33:43 PDT 2021,70,172,-1
1625693029745,Wed Jul 07 14:23:49 PDT 2021,70,173,-1
1625693783412,Wed Jul 07 14:36:23 PDT 2021,70,174,-1
1625694383463,Wed Jul 07 14:46:23 PDT 2021,70,176,-1
1625694395892,Wed Jul 07 14:46:35 PDT 2021,70,177,-1
1625695205491,Wed Jul 07 15:00:05 PDT 2021,70,178,-1
1625696159127,Wed Jul 07 15:15:59 PDT 2021,70,180,-1
1625696321345,Wed Jul 07 15:18:41 PDT 2021,70,181,0
1625697090177,Wed Jul 07 15:31:30 PDT 2021,70,182,-1
1625697531360,Wed Jul 07 15:38:51 PDT 2021,70,183,-1
1625699254665,Wed Jul 07 16:07:34 PDT 2021,70,184,-1
1625699409968,Wed Jul 07 16:10:09 PDT 2021,70,185,-1
1625699555309,Wed Jul 07 16:12:35 PDT 2021,70,186,-1
1625699965005,Wed Jul 07 16:19:25 PDT 2021,70,187,-1
1625700218847,Wed Jul 07 16:23:38 PDT 2021,70,188,0
1625702353379,Wed Jul 07 16:59:13 PDT 2021,70,189,-1
1625706850439,Wed Jul 07 18:14:10 PDT 2021,70,191,0
1625709783524,Wed Jul 07 19:03:03 PDT 2021,70,193,-1
1625710234994,Wed Jul 07 19:10:34 PDT 2021,70,194,-1
1625714367554,Wed Jul 07 20:19:27 PDT 2021,70,195,-1
1625722638300,Wed Jul 07 22:37:18 PDT 2021,70,196,-1
1625752467192,Thu Jul 08 06:54:27 PDT 2021,70,197,-1
1625755286371,Thu Jul 08 07:41:26 PDT 2021,70,198,-1
1625758744955,Thu Jul 08 08:39:04 PDT 2021,70,199,-1
1625760008496,Thu Jul 08 09:00:08 PDT 2021,70,200,-1
1625762310163,Thu Jul 08 09:38:30 PDT 2021,70,201,-1
1625763307928,Thu Jul 08 09:55:07 PDT 2021,70,203,-1
1625767987011,Thu Jul 08 11:13:07 PDT 2021,70,204,-1
1625770169821,Thu Jul 08 11:49:29 PDT 2021,70,205,-1
1625772314559,Thu Jul 08 12:25:14 PDT 2021,70,206,-1
1625781471235,Thu Jul 08 14:57:51 PDT 2021,70,207,1
1625783517508,Thu Jul 08 15:31:57 PDT 2021,70,208,-1
1625786095067,Thu Jul 08 16:14:55 PDT 2021,70,209,0
1625787118974,Thu Jul 08 16:31:58 PDT 2021,70,210,-1
1625796211962,Thu Jul 08 19:03:31 PDT 2021,70,212,-1
1625801353015,Thu Jul 08 20:29:13 PDT 2021,70,213,-1
1625805400508,Thu Jul 08 21:36:40 PDT 2021,70,214,-1
1625844317208,Fri Jul 09 08:25:17 PDT 2021,70,215,1
1625852921389,Fri Jul 09 10:48:41 PDT 2021,70,216,-1
1625855223762,Fri Jul 09 11:27:03 PDT 2021,70,217,-1
1625863164832,Fri Jul 09 13:39:24 PDT 2021,70,218,1
1625867918725,Fri Jul 09 14:58:38 PDT 2021,70,219,0
1625868797257,Fri Jul 09 15:13:17 PDT 2021,70,220,-1
1625921044635,Sat Jul 10 05:44:04 PDT 2021,70,223,-1
1625921799792,Sat Jul 10 05:56:39 PDT 2021,70,224,1
1625926420446,Sat Jul 10 07:13:40 PDT 2021,70,225,0
1625928649881,Sat Jul 10 07:50:49 PDT 2021,70,226,-1
1625932366953,Sat Jul 10 08:52:46 PDT 2021,70,227,-1
1625939183770,Sat Jul 10 10:46:23 PDT 2021,70,228,0
1625957556088,Sat Jul 10 15:52:36 PDT 2021,70,230,1
1625961426875,Sat Jul 10 16:57:06 PDT 2021,70,231,-1
1625964224390,Sat Jul 10 17:43:44 PDT 2021,70,232,1
1625971221181,Sat Jul 10 19:40:21 PDT 2021,70,233,-1
1625981956418,Sat Jul 10 22:39:16 PDT 2021,70,234,-1
1626008480681,Sun Jul 11 06:01:20 PDT 2021,70,235,0
1626011279467,Sun Jul 11 06:47:59 PDT 2021,70,236,-1
1626014868375,Sun Jul 11 07:47:48 PDT 2021,70,237,1
1626015058389,Sun Jul 11 07:50:58 PDT 2021,70,238,1
1626016150847,Sun Jul 11 08:09:10 PDT 2021,70,239,-1
1626027265632,Sun Jul 11 11:14:25 PDT 2021,70,240,-1
1626029694150,Sun Jul 11 11:54:54 PDT 2021,70,241,-1
1626032961240,Sun Jul 11 12:49:21 PDT 2021,70,243,0
1626041751112,Sun Jul 11 15:15:51 PDT 2021,70,245,0
1626050854819,Sun Jul 11 17:47:34 PDT 2021,70,246,-1
1626055659818,Sun Jul 11 19:07:39 PDT 2021,70,247,-1
1626062777710,Sun Jul 11 21:06:17 PDT 2021,70,248,1
1626096858832,Mon Jul 12 06:34:18 PDT 2021,70,249,-1
1626097107828,Mon Jul 12 06:38:27 PDT 2021,70,250,-1
1626100622925,Mon Jul 12 07:37:02 PDT 2021,70,251,-1
1626103802635,Mon Jul 12 08:30:02 PDT 2021,70,252,-1
1626106278438,Mon Jul 12 09:11:18 PDT 2021,70,253,1
1626160011235,Tue Jul 13 00:06:51 PDT 2021,70,255,-1
1626184056331,Tue Jul 13 06:47:36 PDT 2021,70,256,-1
1626197924033,Tue Jul 13 10:38:44 PDT 2021,70,257,-1
1626641012300,Sun Jul 18 13:43:32 PDT 2021,70,258,1
1626211891944,Tue Jul 13 14:31:31 PDT 2021,70,259,-1
1626213663566,Tue Jul 13 15:01:03 PDT 2021,70,260,1
1626215304443,Tue Jul 13 15:28:24 PDT 2021,70,261,-1
1626218677936,Tue Jul 13 16:24:37 PDT 2021,70,262,0
1626220587990,Tue Jul 13 16:56:27 PDT 2021,70,263,0
1626234509620,Tue Jul 13 20:48:29 PDT 2021,70,264,-1
1626235224555,Tue Jul 13 21:00:24 PDT 2021,70,265,1
1626275985431,Wed Jul 14 08:19:45 PDT 2021,70,266,0
1626383202726,Thu Jul 15 14:06:42 PDT 2021,70,267,0
1626328178487,Wed Jul 14 22:49:38 PDT 2021,70,268,-1
1626360369663,Thu Jul 15 07:46:09 PDT 2021,70,269,1
1626385481431,Thu Jul 15 14:44:41 PDT 2021,70,271,0
1626415267074,Thu Jul 15 23:01:07 PDT 2021,70,272,1
1626455204658,Fri Jul 16 10:06:44 PDT 2021,70,274,-1
1626470873086,Fri Jul 16 14:27:53 PDT 2021,70,275,0
1626492501903,Fri Jul 16 20:28:21 PDT 2021,70,276,0
1626540253558,Sat Jul 17 09:44:13 PDT 2021,70,278,1
1626540300559,Sat Jul 17 09:45:00 PDT 2021,70,279,1
1626544848332,Sat Jul 17 11:00:48 PDT 2021,70,280,-1
1626552260451,Sat Jul 17 13:04:20 PDT 2021,70,281,-1
1626553272113,Sat Jul 17 13:21:12 PDT 2021,70,282,1
1626567948153,Sat Jul 17 17:25:48 PDT 2021,70,284,0
1626577986054,Sat Jul 17 20:13:06 PDT 2021,70,285,-1
1626584447564,Sat Jul 17 22:00:47 PDT 2021,70,286,-1
1626712795152,Mon Jul 19 09:39:55 PDT 2021,70,288,1
1626716230099,Mon Jul 19 10:37:10 PDT 2021,70,290,-1
1626719671105,Mon Jul 19 11:34:31 PDT 2021,70,291,-1
1626723814271,Mon Jul 19 12:43:34 PDT 2021,70,292,-1
1626726231594,Mon Jul 19 13:23:51 PDT 2021,70,293,0
1626737260941,Mon Jul 19 16:27:40 PDT 2021,70,294,-1
1626751767404,Mon Jul 19 20:29:27 PDT 2021,70,295,0
1626791602852,Tue Jul 20 07:33:22 PDT 2021,70,296,1
1626798464418,Tue Jul 20 09:27:44 PDT 2021,70,298,-1
1626907958421,Wed Jul 21 15:52:38 PDT 2021,70,299,-1
1626910691189,Wed Jul 21 16:38:11 PDT 2021,70,300,0
1626918924006,Wed Jul 21 18:55:24 PDT 2021,70,301,-1
1627000769814,Thu Jul 22 17:39:29 PDT 2021,70,302,-1
1627002294186,Thu Jul 22 18:04:54 PDT 2021,70,303,-1
1627007675526,Thu Jul 22 19:34:35 PDT 2021,70,304,-1
1627008250617,Thu Jul 22 19:44:10 PDT 2021,70,305,1
1627070214786,Fri Jul 23 12:56:54 PDT 2021,70,307,0
1627082395074,Fri Jul 23 16:19:55 PDT 2021,70,308,1
1627083625499,Fri Jul 23 16:40:25 PDT 2021,70,309,-1
1627084964335,Fri Jul 23 17:02:44 PDT 2021,70,310,-1
1627086436528,Fri Jul 23 17:27:16 PDT 2021,70,311,-1
1627087681589,Fri Jul 23 17:48:01 PDT 2021,70,312,-1
1627099653677,Fri Jul 23 21:07:33 PDT 2021,70,313,-1
1627100531228,Fri Jul 23 21:22:11 PDT 2021,70,314,-1
1627101349147,Fri Jul 23 21:35:49 PDT 2021,70,315,1
1627131565853,Sat Jul 24 05:59:25 PDT 2021,70,316,-1
1627162350083,Sat Jul 24 14:32:30 PDT 2021,70,317,1
1627186948726,Sat Jul 24 21:22:28 PDT 2021,70,318,-1
1627191395828,Sat Jul 24 22:36:35 PDT 2021,70,319,-1
1627404813225,Tue Jul 27 09:53:33 PDT 2021,70,321,-1
1627407207517,Tue Jul 27 10:33:27 PDT 2021,70,322,-1
1627409330524,Tue Jul 27 11:08:50 PDT 2021,70,323,-1
1627414648181,Tue Jul 27 12:37:28 PDT 2021,70,325,-1
1627424640219,Tue Jul 27 15:24:00 PDT 2021,70,326,-1
1627439288157,Tue Jul 27 19:28:08 PDT 2021,70,327,0
1627451074275,Tue Jul 27 22:44:34 PDT 2021,70,328,-1
1627451502031,Tue Jul 27 22:51:42 PDT 2021,70,329,-1
1627500193983,Wed Jul 28 12:23:13 PDT 2021,70,331,1
1627501553775,Wed Jul 28 12:45:53 PDT 2021,70,332,-1
1627503063154,Wed Jul 28 13:11:03 PDT 2021,70,333,-1
1627503125353,Wed Jul 28 13:12:05 PDT 2021,70,334,-1
1627503874886,Wed Jul 28 13:24:34 PDT 2021,70,335,-1
1627504593208,Wed Jul 28 13:36:33 PDT 2021,70,336,-1
1627504825122,Wed Jul 28 13:40:25 PDT 2021,70,337,-1
1627505464201,Wed Jul 28 13:51:04 PDT 2021,70,339,-1
1627506042768,Wed Jul 28 14:00:42 PDT 2021,70,340,-1
1627506590641,Wed Jul 28 14:09:50 PDT 2021,70,341,-1
1627506734505,Wed Jul 28 14:12:14 PDT 2021,70,342,-1
1627508432248,Wed Jul 28 14:40:32 PDT 2021,70,343,-1
1627508571898,Wed Jul 28 14:42:51 PDT 2021,70,344,-1
1627508912186,Wed Jul 28 14:48:32 PDT 2021,70,345,-1
1627509856981,Wed Jul 28 15:04:16 PDT 2021,70,346,1
1627510266188,Wed Jul 28 15:11:06 PDT 2021,70,347,-1
1627514969195,Wed Jul 28 16:29:29 PDT 2021,70,348,-1
1627515008838,Wed Jul 28 16:30:08 PDT 2021,70,349,-1
1627515359630,Wed Jul 28 16:35:59 PDT 2021,70,350,-1
1627517966242,Wed Jul 28 17:19:26 PDT 2021,70,352,-1
1627520205837,Wed Jul 28 17:56:45 PDT 2021,70,353,1
1627521591114,Wed Jul 28 18:19:51 PDT 2021,70,356,-1
1627528933342,Wed Jul 28 20:22:13 PDT 2021,70,357,-1
1627531448473,Wed Jul 28 21:04:08 PDT 2021,70,358,-1
1627532073687,Wed Jul 28 21:14:33 PDT 2021,70,359,-1
1627535363747,Wed Jul 28 22:09:23 PDT 2021,70,361,-1
1627535375872,Wed Jul 28 22:09:35 PDT 2021,70,362,-1
1627536507265,Wed Jul 28 22:28:27 PDT 2021,70,363,-1
1627542748247,Thu Jul 29 00:12:28 PDT 2021,70,364,1
1627567927569,Thu Jul 29 07:12:07 PDT 2021,70,365,1
1627573228964,Thu Jul 29 08:40:28 PDT 2021,70,366,-1
1627577122976,Thu Jul 29 09:45:22 PDT 2021,70,367,-1
1627577727400,Thu Jul 29 09:55:27 PDT 2021,70,368,-1
1627577907968,Thu Jul 29 09:58:27 PDT 2021,70,369,-1
1627579507621,Thu Jul 29 10:25:07 PDT 2021,70,370,-1
1627583730405,Thu Jul 29 11:35:30 PDT 2021,70,371,-1
1627585073330,Thu Jul 29 11:57:53 PDT 2021,70,372,1
1627586476352,Thu Jul 29 12:21:16 PDT 2021,70,373,1
1627593564078,Thu Jul 29 14:19:24 PDT 2021,70,374,-1
1627595290694,Thu Jul 29 14:48:10 PDT 2021,70,375,-1
1627607425993,Thu Jul 29 18:10:25 PDT 2021,70,376,-1
1627611771659,Thu Jul 29 19:22:51 PDT 2021,70,377,1
1627613491569,Thu Jul 29 19:51:31 PDT 2021,70,378,-1
1627617916882,Thu Jul 29 21:05:16 PDT 2021,70,379,-1
1627654820098,Fri Jul 30 07:20:20 PDT 2021,70,380,0
1627655903270,Fri Jul 30 07:38:23 PDT 2021,70,381,-1
1627663563487,Fri Jul 30 09:46:03 PDT 2021,70,382,-1
1627664845854,Fri Jul 30 10:07:25 PDT 2021,70,383,-1
1627666355998,Fri Jul 30 10:32:35 PDT 2021,70,384,-1
1627673692062,Fri Jul 30 12:34:52 PDT 2021,70,385,-1
1627675160176,Fri Jul 30 12:59:20 PDT 2021,70,386,1
1627675536158,Fri Jul 30 13:05:36 PDT 2021,70,387,1
1627680003697,Fri Jul 30 14:20:03 PDT 2021,70,388,-1
1627681383992,Fri Jul 30 14:43:03 PDT 2021,70,389,-1
1627682255989,Fri Jul 30 14:57:35 PDT 2021,70,390,0
1627683967557,Fri Jul 30 15:26:07 PDT 2021,70,391,-1
1627684437025,Fri Jul 30 15:33:57 PDT 2021,70,392,-1
1627685139191,Fri Jul 30 15:45:39 PDT 2021,70,393,-1
1627685994385,Fri Jul 30 15:59:54 PDT 2021,70,394,-1
1627689888595,Fri Jul 30 17:04:48 PDT 2021,70,395,-1
1627701886091,Fri Jul 30 20:24:46 PDT 2021,70,396,-1
1627752364150,Sat Jul 31 10:26:04 PDT 2021,70,397,-1
1627752505001,Sat Jul 31 10:28:25 PDT 2021,70,398,-1
1627756895046,Sat Jul 31 11:41:35 PDT 2021,70,399,0
1627759656418,Sat Jul 31 12:27:36 PDT 2021,70,400,-1
1627769530871,Sat Jul 31 15:12:10 PDT 2021,70,401,-1
1627771645936,Sat Jul 31 15:47:25 PDT 2021,70,402,-1
1627775156333,Sat Jul 31 16:45:56 PDT 2021,70,403,1
1627837507980,Sun Aug 01 10:05:07 PDT 2021,70,404,-1
1625003669602,Tue Jun 29 14:54:29 PDT 2021,71,0,1
1625003599686,Tue Jun 29 14:53:19 PDT 2021,71,15,1
1625003925129,Tue Jun 29 14:58:45 PDT 2021,71,16,1
1625007141119,Tue Jun 29 15:52:21 PDT 2021,71,17,1
1625007302135,Tue Jun 29 15:55:02 PDT 2021,71,18,1
1625008260070,Tue Jun 29 16:11:00 PDT 2021,71,19,1
1625008641804,Tue Jun 29 16:17:21 PDT 2021,71,21,1
1625008966412,Tue Jun 29 16:22:46 PDT 2021,71,22,1
1625019382445,Tue Jun 29 19:16:22 PDT 2021,71,24,1
1625019696122,Tue Jun 29 19:21:36 PDT 2021,71,25,1
1625019754821,Tue Jun 29 19:22:34 PDT 2021,71,26,1
1625021850980,Tue Jun 29 19:57:30 PDT 2021,71,27,1
1625055444255,Wed Jun 30 05:17:24 PDT 2021,71,28,1
1625057660639,Wed Jun 30 05:54:20 PDT 2021,71,30,1
1625064378473,Wed Jun 30 07:46:18 PDT 2021,71,33,1
1625066278884,Wed Jun 30 08:17:58 PDT 2021,71,34,1
1625068542268,Wed Jun 30 08:55:42 PDT 2021,71,35,1
1625069169002,Wed Jun 30 09:06:09 PDT 2021,71,36,1
1625071371735,Wed Jun 30 09:42:51 PDT 2021,71,37,1
1625071978033,Wed Jun 30 09:52:58 PDT 2021,71,38,1
1625082435649,Wed Jun 30 12:47:15 PDT 2021,71,40,1
1625099131893,Wed Jun 30 17:25:31 PDT 2021,71,41,-1
1625086107685,Wed Jun 30 13:48:27 PDT 2021,71,42,1
1625089777001,Wed Jun 30 14:49:37 PDT 2021,71,43,1
1625093031176,Wed Jun 30 15:43:51 PDT 2021,71,45,1
1625095336233,Wed Jun 30 16:22:16 PDT 2021,71,46,-1
1625095083620,Wed Jun 30 16:18:03 PDT 2021,71,47,1
1625096148731,Wed Jun 30 16:35:48 PDT 2021,71,48,1
1625099354124,Wed Jun 30 17:29:14 PDT 2021,71,50,1
1625102724461,Wed Jun 30 18:25:24 PDT 2021,71,52,1
1625101614927,Wed Jun 30 18:06:54 PDT 2021,71,53,-1
1625101476876,Wed Jun 30 18:04:36 PDT 2021,71,54,1
1625108205076,Wed Jun 30 19:56:45 PDT 2021,71,55,1
1625112060208,Wed Jun 30 21:01:00 PDT 2021,71,56,1
1625115821674,Wed Jun 30 22:03:41 PDT 2021,71,57,1
1625117775496,Wed Jun 30 22:36:15 PDT 2021,71,59,1
1625150031968,Thu Jul 01 07:33:51 PDT 2021,71,61,1
1625151292288,Thu Jul 01 07:54:52 PDT 2021,71,62,1
1625154226954,Thu Jul 01 08:43:46 PDT 2021,71,63,1
1625155699340,Thu Jul 01 09:08:19 PDT 2021,71,64,0
1625157840578,Thu Jul 01 09:44:00 PDT 2021,71,65,1
1625158799787,Thu Jul 01 09:59:59 PDT 2021,71,66,1
1625159813793,Thu Jul 01 10:16:53 PDT 2021,71,68,1
1625159888698,Thu Jul 01 10:18:08 PDT 2021,71,69,-1
1625160078812,Thu Jul 01 10:21:18 PDT 2021,71,70,1
1625161496777,Thu Jul 01 10:44:56 PDT 2021,71,71,0
1625163621338,Thu Jul 01 11:20:21 PDT 2021,71,73,-1
1625163702458,Thu Jul 01 11:21:42 PDT 2021,71,74,0
1625164995158,Thu Jul 01 11:43:15 PDT 2021,71,85,-1
1625165335623,Thu Jul 01 11:48:55 PDT 2021,71,86,-1
1625168379894,Thu Jul 01 12:39:39 PDT 2021,71,92,1
1625173717558,Thu Jul 01 14:08:37 PDT 2021,71,93,1
1625174344815,Thu Jul 01 14:19:04 PDT 2021,71,94,1
1625175279568,Thu Jul 01 14:34:39 PDT 2021,71,95,1
1625183220770,Thu Jul 01 16:47:00 PDT 2021,71,96,1
1625185259070,Thu Jul 01 17:20:59 PDT 2021,71,97,1
1626133877007,Mon Jul 12 16:51:17 PDT 2021,71,98,0
1625191120703,Thu Jul 01 18:58:40 PDT 2021,71,100,1
1625191119120,Thu Jul 01 18:58:39 PDT 2021,71,101,1
1625200092650,Thu Jul 01 21:28:12 PDT 2021,71,102,0
1625238009734,Fri Jul 02 08:00:09 PDT 2021,71,103,0
1625241734222,Fri Jul 02 09:02:14 PDT 2021,71,104,1
1625242294150,Fri Jul 02 09:11:34 PDT 2021,71,106,1
1625246299390,Fri Jul 02 10:18:19 PDT 2021,71,107,1
1625251590174,Fri Jul 02 11:46:30 PDT 2021,71,108,1
1625266678076,Fri Jul 02 15:57:58 PDT 2021,71,111,1
1625274759387,Fri Jul 02 18:12:39 PDT 2021,71,112,1
1625281765529,Fri Jul 02 20:09:25 PDT 2021,71,113,0
1625329073366,Sat Jul 03 09:17:53 PDT 2021,71,118,-1
1625333417927,Sat Jul 03 10:30:17 PDT 2021,71,119,1
1625361903275,Sat Jul 03 18:25:03 PDT 2021,71,120,1
1625364478423,Sat Jul 03 19:07:58 PDT 2021,71,121,-1
1625365203069,Sat Jul 03 19:20:03 PDT 2021,71,122,-1
1625365605664,Sat Jul 03 19:26:45 PDT 2021,71,123,1
1625374482913,Sat Jul 03 21:54:42 PDT 2021,71,124,1
1625383661763,Sun Jul 04 00:27:41 PDT 2021,71,125,1
1625410475809,Sun Jul 04 07:54:35 PDT 2021,71,126,1
1625413454272,Sun Jul 04 08:44:14 PDT 2021,71,127,1
1625424185933,Sun Jul 04 11:43:05 PDT 2021,71,131,1
1625428829606,Sun Jul 04 13:00:29 PDT 2021,71,132,1
1625428795208,Sun Jul 04 12:59:55 PDT 2021,71,133,1
1625435387628,Sun Jul 04 14:49:47 PDT 2021,71,135,1
1625436080590,Sun Jul 04 15:01:20 PDT 2021,71,136,1
1625437160568,Sun Jul 04 15:19:20 PDT 2021,71,137,1
1625451991373,Sun Jul 04 19:26:31 PDT 2021,71,141,1
1625454882526,Sun Jul 04 20:14:42 PDT 2021,71,142,1
1625461737126,Sun Jul 04 22:08:57 PDT 2021,71,145,1
1625495763447,Mon Jul 05 07:36:03 PDT 2021,71,147,1
1625593592515,Tue Jul 06 10:46:32 PDT 2021,71,151,1
1625602549559,Tue Jul 06 13:15:49 PDT 2021,71,152,1
1625597996734,Tue Jul 06 11:59:56 PDT 2021,71,153,1
1625611371530,Tue Jul 06 15:42:51 PDT 2021,71,155,1
1625627375576,Tue Jul 06 20:09:35 PDT 2021,71,156,1
1625635833786,Tue Jul 06 22:30:33 PDT 2021,71,157,1
1625672562009,Wed Jul 07 08:42:42 PDT 2021,71,159,1
1625672994061,Wed Jul 07 08:49:54 PDT 2021,71,160,0
1625674635989,Wed Jul 07 09:17:15 PDT 2021,71,161,1
1625675069830,Wed Jul 07 09:24:29 PDT 2021,71,162,0
1625676409898,Wed Jul 07 09:46:49 PDT 2021,71,163,1
1625677932029,Wed Jul 07 10:12:12 PDT 2021,71,166,1
1625689347755,Wed Jul 07 13:22:27 PDT 2021,71,171,1
1625692799930,Wed Jul 07 14:19:59 PDT 2021,71,172,1
1625693215457,Wed Jul 07 14:26:55 PDT 2021,71,173,1
1625693832397,Wed Jul 07 14:37:12 PDT 2021,71,174,1
1625694658029,Wed Jul 07 14:50:58 PDT 2021,71,176,0
1625696502871,Wed Jul 07 15:21:42 PDT 2021,71,181,1
1625697195808,Wed Jul 07 15:33:15 PDT 2021,71,182,0
1625698222872,Wed Jul 07 15:50:22 PDT 2021,71,183,1
1625699354724,Wed Jul 07 16:09:14 PDT 2021,71,184,1
1625699743364,Wed Jul 07 16:15:43 PDT 2021,71,186,1
1625700812997,Wed Jul 07 16:33:32 PDT 2021,71,187,1
1625700504863,Wed Jul 07 16:28:24 PDT 2021,71,188,1
1625702425096,Wed Jul 07 17:00:25 PDT 2021,71,189,-1
1625710396472,Wed Jul 07 19:13:16 PDT 2021,71,191,1
1625710129529,Wed Jul 07 19:08:49 PDT 2021,71,193,1
1625710191138,Wed Jul 07 19:09:51 PDT 2021,71,194,-1
1625722760663,Wed Jul 07 22:39:20 PDT 2021,71,196,1
1625752918998,Thu Jul 08 07:01:58 PDT 2021,71,197,1
1625755912224,Thu Jul 08 07:51:52 PDT 2021,71,198,0
1625759303208,Thu Jul 08 08:48:23 PDT 2021,71,199,1
1625760341058,Thu Jul 08 09:05:41 PDT 2021,71,200,1
1625762720376,Thu Jul 08 09:45:20 PDT 2021,71,201,-1
1625763617582,Thu Jul 08 10:00:17 PDT 2021,71,203,1
1625770320647,Thu Jul 08 11:52:00 PDT 2021,71,205,1
1625772371968,Thu Jul 08 12:26:11 PDT 2021,71,206,1
1625781553910,Thu Jul 08 14:59:13 PDT 2021,71,207,1
1625784039091,Thu Jul 08 15:40:39 PDT 2021,71,208,1
1625786190985,Thu Jul 08 16:16:30 PDT 2021,71,209,1
1625788302683,Thu Jul 08 16:51:42 PDT 2021,71,210,1
1625845165750,Fri Jul 09 08:39:25 PDT 2021,71,215,1
1625855467222,Fri Jul 09 11:31:07 PDT 2021,71,217,1
1625863917382,Fri Jul 09 13:51:57 PDT 2021,71,218,1
1625868461069,Fri Jul 09 15:07:41 PDT 2021,71,219,1
1625921040469,Sat Jul 10 05:44:00 PDT 2021,71,223,1
1625921955787,Sat Jul 10 05:59:15 PDT 2021,71,224,1
1625926437140,Sat Jul 10 07:13:57 PDT 2021,71,225,0
1625929007696,Sat Jul 10 07:56:47 PDT 2021,71,226,1
1625932338913,Sat Jul 10 08:52:18 PDT 2021,71,227,0
1625939882515,Sat Jul 10 10:58:02 PDT 2021,71,228,1
1625961483711,Sat Jul 10 16:58:03 PDT 2021,71,231,1
1625964782910,Sat Jul 10 17:53:02 PDT 2021,71,232,1
1625971696806,Sat Jul 10 19:48:16 PDT 2021,71,233,1
1625982333515,Sat Jul 10 22:45:33 PDT 2021,71,234,-1
1626011955439,Sun Jul 11 06:59:15 PDT 2021,71,236,1
1626015057313,Sun Jul 11 07:50:57 PDT 2021,71,237,1
1626015428330,Sun Jul 11 07:57:08 PDT 2021,71,238,1
1626016572676,Sun Jul 11 08:16:12 PDT 2021,71,239,-1
1626027562332,Sun Jul 11 11:19:22 PDT 2021,71,240,1
1626031363182,Sun Jul 11 12:22:43 PDT 2021,71,241,-1
1626033564460,Sun Jul 11 12:59:24 PDT 2021,71,243,1
1626055875829,Sun Jul 11 19:11:15 PDT 2021,71,247,1
1626063225404,Sun Jul 11 21:13:45 PDT 2021,71,248,1
1626096982008,Mon Jul 12 06:36:22 PDT 2021,71,249,1
1626097578265,Mon Jul 12 06:46:18 PDT 2021,71,250,1
1626160088891,Tue Jul 13 00:08:08 PDT 2021,71,255,1
1626184439515,Tue Jul 13 06:53:59 PDT 2021,71,256,1
1626197816148,Tue Jul 13 10:36:56 PDT 2021,71,257,0
1626640989808,Sun Jul 18 13:43:09 PDT 2021,71,258,-1
1626213820440,Tue Jul 13 15:03:40 PDT 2021,71,260,1
1626234513182,Tue Jul 13 20:48:33 PDT 2021,71,264,1
1626235501450,Tue Jul 13 21:05:01 PDT 2021,71,265,1
1626276065595,Wed Jul 14 08:21:05 PDT 2021,71,266,0
1626383144618,Thu Jul 15 14:05:44 PDT 2021,71,267,1
1626385767055,Thu Jul 15 14:49:27 PDT 2021,71,271,1
1626455503463,Fri Jul 16 10:11:43 PDT 2021,71,274,1
1626470971425,Fri Jul 16 14:29:31 PDT 2021,71,275,1
1626492647685,Fri Jul 16 20:30:47 PDT 2021,71,276,-1
1626540719305,Sat Jul 17 09:51:59 PDT 2021,71,278,1
1626540635571,Sat Jul 17 09:50:35 PDT 2021,71,279,1
1626545555985,Sat Jul 17 11:12:35 PDT 2021,71,280,0
1626552409280,Sat Jul 17 13:06:49 PDT 2021,71,281,1
1626553417862,Sat Jul 17 13:23:37 PDT 2021,71,282,1
1626567946352,Sat Jul 17 17:25:46 PDT 2021,71,284,0
1626584575087,Sat Jul 17 22:02:55 PDT 2021,71,286,1
1626713050731,Mon Jul 19 09:44:10 PDT 2021,71,288,1
1626716293083,Mon Jul 19 10:38:13 PDT 2021,71,290,1
1626720139841,Mon Jul 19 11:42:19 PDT 2021,71,291,1
1626724325859,Mon Jul 19 12:52:05 PDT 2021,71,292,1
1626737704614,Mon Jul 19 16:35:04 PDT 2021,71,294,1
1626752242683,Mon Jul 19 20:37:22 PDT 2021,71,295,1
1626792072255,Tue Jul 20 07:41:12 PDT 2021,71,296,1
1626799010620,Tue Jul 20 09:36:50 PDT 2021,71,298,1
1626909007788,Wed Jul 21 16:10:07 PDT 2021,71,299,1
1626910756102,Wed Jul 21 16:39:16 PDT 2021,71,300,0
1626919096820,Wed Jul 21 18:58:16 PDT 2021,71,301,1
1627001444618,Thu Jul 22 17:50:44 PDT 2021,71,302,1
1627002532862,Thu Jul 22 18:08:52 PDT 2021,71,303,-1
1627007700428,Thu Jul 22 19:35:00 PDT 2021,71,304,1
1627008921808,Thu Jul 22 19:55:21 PDT 2021,71,305,1
1627082572985,Fri Jul 23 16:22:52 PDT 2021,71,308,-1
1627084109479,Fri Jul 23 16:48:29 PDT 2021,71,309,1
1627085280276,Fri Jul 23 17:08:00 PDT 2021,71,310,1
1627086697913,Fri Jul 23 17:31:37 PDT 2021,71,311,1
1627087793336,Fri Jul 23 17:49:53 PDT 2021,71,312,1
1627099783955,Fri Jul 23 21:09:43 PDT 2021,71,313,1
1627100826561,Fri Jul 23 21:27:06 PDT 2021,71,314,1
1627101819791,Fri Jul 23 21:43:39 PDT 2021,71,315,1
1627162905766,Sat Jul 24 14:41:45 PDT 2021,71,317,1
1627187274862,Sat Jul 24 21:27:54 PDT 2021,71,318,-1
1627191645754,Sat Jul 24 22:40:45 PDT 2021,71,319,0
1627407881786,Tue Jul 27 10:44:41 PDT 2021,71,322,0
1627414630299,Tue Jul 27 12:37:10 PDT 2021,71,325,1
1627425462501,Tue Jul 27 15:37:42 PDT 2021,71,326,1
1627439312057,Tue Jul 27 19:28:32 PDT 2021,71,327,1
1627451291726,Tue Jul 27 22:48:11 PDT 2021,71,328,1
1627451496368,Tue Jul 27 22:51:36 PDT 2021,71,329,0
1627502510499,Wed Jul 28 13:01:50 PDT 2021,71,332,0
1627503202811,Wed Jul 28 13:13:22 PDT 2021,71,334,1
1627504182440,Wed Jul 28 13:29:42 PDT 2021,71,335,1
1627505049850,Wed Jul 28 13:44:09 PDT 2021,71,337,0
1627505687121,Wed Jul 28 13:54:47 PDT 2021,71,339,1
1627506843360,Wed Jul 28 14:14:03 PDT 2021,71,342,1
1627508452174,Wed Jul 28 14:40:52 PDT 2021,71,343,1
1627509202102,Wed Jul 28 14:53:22 PDT 2021,71,345,-1
1627509935920,Wed Jul 28 15:05:35 PDT 2021,71,346,1
1627514942385,Wed Jul 28 16:29:02 PDT 2021,71,348,1
1627515285587,Wed Jul 28 16:34:45 PDT 2021,71,349,0
1627522808923,Wed Jul 28 18:40:08 PDT 2021,71,353,1
1627521778122,Wed Jul 28 18:22:58 PDT 2021,71,356,1
1627529421436,Wed Jul 28 20:30:21 PDT 2021,71,357,-1
1627531672767,Wed Jul 28 21:07:52 PDT 2021,71,358,-1
1627532726618,Wed Jul 28 21:25:26 PDT 2021,71,359,1
1627543325965,Thu Jul 29 00:22:05 PDT 2021,71,364,1
1627573343670,Thu Jul 29 08:42:23 PDT 2021,71,366,-1
1627578372054,Thu Jul 29 10:06:12 PDT 2021,71,368,1
1627582614667,Thu Jul 29 11:16:54 PDT 2021,71,369,1
1627586968032,Thu Jul 29 12:29:28 PDT 2021,71,373,1
1627607626836,Thu Jul 29 18:13:46 PDT 2021,71,376,0
1627614123977,Thu Jul 29 20:02:03 PDT 2021,71,378,1
1627655657951,Fri Jul 30 07:34:17 PDT 2021,71,380,1
1627663648141,Fri Jul 30 09:47:28 PDT 2021,71,382,-1
1627667100391,Fri Jul 30 10:45:00 PDT 2021,71,384,1
1627675429485,Fri Jul 30 13:03:49 PDT 2021,71,386,1
1627680326851,Fri Jul 30 14:25:26 PDT 2021,71,388,1
1627682518208,Fri Jul 30 15:01:58 PDT 2021,71,389,1
1627684340146,Fri Jul 30 15:32:20 PDT 2021,71,391,0
1627685612565,Fri Jul 30 15:53:32 PDT 2021,71,393,0
1627686259751,Fri Jul 30 16:04:19 PDT 2021,71,394,0
1627702528845,Fri Jul 30 20:35:28 PDT 2021,71,396,1
1627752431544,Sat Jul 31 10:27:11 PDT 2021,71,397,0
1627752544708,Sat Jul 31 10:29:04 PDT 2021,71,398,0
1627757016805,Sat Jul 31 11:43:36 PDT 2021,71,399,1
1627760009150,Sat Jul 31 12:33:29 PDT 2021,71,400,-1
1627769807463,Sat Jul 31 15:16:47 PDT 2021,71,401,1
1627772042168,Sat Jul 31 15:54:02 PDT 2021,71,402,-1
1627777106746,Sat Jul 31 17:18:26 PDT 2021,71,403,1
1627837501648,Sun Aug 01 10:05:01 PDT 2021,71,404,-1
1625003860513,Tue Jun 29 14:57:40 PDT 2021,72,0,0
1625003673889,Tue Jun 29 14:54:33 PDT 2021,72,15,1
1625004054106,Tue Jun 29 15:00:54 PDT 2021,72,16,1
1625007148382,Tue Jun 29 15:52:28 PDT 2021,72,17,1
1625007371657,Tue Jun 29 15:56:11 PDT 2021,72,18,1
1625008201658,Tue Jun 29 16:10:01 PDT 2021,72,19,1
1625008849949,Tue Jun 29 16:20:49 PDT 2021,72,21,1
1625008945573,Tue Jun 29 16:22:25 PDT 2021,72,22,1
1625019643518,Tue Jun 29 19:20:43 PDT 2021,72,24,1
1625019681582,Tue Jun 29 19:21:21 PDT 2021,72,25,1
1625019899938,Tue Jun 29 19:24:59 PDT 2021,72,26,-1
1625021725143,Tue Jun 29 19:55:25 PDT 2021,72,27,-1
1625055365222,Wed Jun 30 05:16:05 PDT 2021,72,28,1
1625057830976,Wed Jun 30 05:57:10 PDT 2021,72,30,0
1625064658888,Wed Jun 30 07:50:58 PDT 2021,72,33,1
1625066369841,Wed Jun 30 08:19:29 PDT 2021,72,34,1
1625068443634,Wed Jun 30 08:54:03 PDT 2021,72,35,1
1625069095550,Wed Jun 30 09:04:55 PDT 2021,72,36,1
1625071531886,Wed Jun 30 09:45:31 PDT 2021,72,37,1
1625071862717,Wed Jun 30 09:51:02 PDT 2021,72,38,0
1625082468901,Wed Jun 30 12:47:48 PDT 2021,72,40,1
1625099208952,Wed Jun 30 17:26:48 PDT 2021,72,41,-1
1625086483444,Wed Jun 30 13:54:43 PDT 2021,72,42,0
1625089364659,Wed Jun 30 14:42:44 PDT 2021,72,43,1
1625092823303,Wed Jun 30 15:40:23 PDT 2021,72,45,1
1625095162136,Wed Jun 30 16:19:22 PDT 2021,72,46,-1
1625095072652,Wed Jun 30 16:17:52 PDT 2021,72,47,1
1625096185593,Wed Jun 30 16:36:25 PDT 2021,72,48,-1
1625098951115,Wed Jun 30 17:22:31 PDT 2021,72,50,0
1625101013989,Wed Jun 30 17:56:53 PDT 2021,72,51,0
1625100927538,Wed Jun 30 17:55:27 PDT 2021,72,52,-1
1625101645884,Wed Jun 30 18:07:25 PDT 2021,72,53,-1
1625101623276,Wed Jun 30 18:07:03 PDT 2021,72,54,-1
1625108009136,Wed Jun 30 19:53:29 PDT 2021,72,55,1
1625112357995,Wed Jun 30 21:05:57 PDT 2021,72,56,0
1625116035778,Wed Jun 30 22:07:15 PDT 2021,72,57,1
1625117437328,Wed Jun 30 22:30:37 PDT 2021,72,58,0
1625118042246,Wed Jun 30 22:40:42 PDT 2021,72,59,1
1625150842284,Thu Jul 01 07:47:22 PDT 2021,72,61,1
1625151098445,Thu Jul 01 07:51:38 PDT 2021,72,62,-1
1625154223284,Thu Jul 01 08:43:43 PDT 2021,72,63,0
1625155662536,Thu Jul 01 09:07:42 PDT 2021,72,64,-1
1625157818758,Thu Jul 01 09:43:38 PDT 2021,72,65,1
1625158695814,Thu Jul 01 09:58:15 PDT 2021,72,66,1
1625159805275,Thu Jul 01 10:16:45 PDT 2021,72,68,1
1625159937150,Thu Jul 01 10:18:57 PDT 2021,72,69,-1
1625160071711,Thu Jul 01 10:21:11 PDT 2021,72,70,1
1625161848859,Thu Jul 01 10:50:48 PDT 2021,72,71,-1
1625163445399,Thu Jul 01 11:17:25 PDT 2021,72,73,-1
1625164856094,Thu Jul 01 11:40:56 PDT 2021,72,74,0
1625163933988,Thu Jul 01 11:25:33 PDT 2021,72,81,-1
1625164048759,Thu Jul 01 11:27:28 PDT 2021,72,83,-1
1625164563355,Thu Jul 01 11:36:03 PDT 2021,72,85,-1
1625165270665,Thu Jul 01 11:47:50 PDT 2021,72,86,-1
1625168415237,Thu Jul 01 12:40:15 PDT 2021,72,92,0
1625173933314,Thu Jul 01 14:12:13 PDT 2021,72,93,1
1625174423165,Thu Jul 01 14:20:23 PDT 2021,72,94,0
1625175032056,Thu Jul 01 14:30:32 PDT 2021,72,95,1
1625182778919,Thu Jul 01 16:39:38 PDT 2021,72,96,0
1625185666221,Thu Jul 01 17:27:46 PDT 2021,72,97,-1
1626141802591,Mon Jul 12 19:03:22 PDT 2021,72,98,-1
1625190200529,Thu Jul 01 18:43:20 PDT 2021,72,100,0
1625191244284,Thu Jul 01 19:00:44 PDT 2021,72,101,0
1625200077296,Thu Jul 01 21:27:57 PDT 2021,72,102,-1
1625238109726,Fri Jul 02 08:01:49 PDT 2021,72,103,-1
1625241104135,Fri Jul 02 08:51:44 PDT 2021,72,104,0
1625241835534,Fri Jul 02 09:03:55 PDT 2021,72,106,-1
1625246385570,Fri Jul 02 10:19:45 PDT 2021,72,107,1
1625251432514,Fri Jul 02 11:43:52 PDT 2021,72,108,1
1625266161637,Fri Jul 02 15:49:21 PDT 2021,72,111,1
1625274749506,Fri Jul 02 18:12:29 PDT 2021,72,112,0
1625295592829,Fri Jul 02 23:59:52 PDT 2021,72,115,0
1625329550623,Sat Jul 03 09:25:50 PDT 2021,72,118,-1
1625333690138,Sat Jul 03 10:34:50 PDT 2021,72,119,1
1625364758458,Sat Jul 03 19:12:38 PDT 2021,72,121,-1
1625365597960,Sat Jul 03 19:26:37 PDT 2021,72,122,-1
1625366273363,Sat Jul 03 19:37:53 PDT 2021,72,123,1
1625374604136,Sat Jul 03 21:56:44 PDT 2021,72,124,1
1625384755099,Sun Jul 04 00:45:55 PDT 2021,72,125,1
1625410152664,Sun Jul 04 07:49:12 PDT 2021,72,126,1
1625414081500,Sun Jul 04 08:54:41 PDT 2021,72,127,0
1625424100284,Sun Jul 04 11:41:40 PDT 2021,72,131,1
1625428854635,Sun Jul 04 13:00:54 PDT 2021,72,132,1
1625435757374,Sun Jul 04 14:55:57 PDT 2021,72,135,1
1625436384681,Sun Jul 04 15:06:24 PDT 2021,72,136,1
1625436797819,Sun Jul 04 15:13:17 PDT 2021,72,137,0
1625452280715,Sun Jul 04 19:31:20 PDT 2021,72,141,0
1625463093781,Sun Jul 04 22:31:33 PDT 2021,72,145,1
1625495856432,Mon Jul 05 07:37:36 PDT 2021,72,147,1
1625593785102,Tue Jul 06 10:49:45 PDT 2021,72,151,1
1625602877100,Tue Jul 06 13:21:17 PDT 2021,72,152,1
1625613405109,Tue Jul 06 16:16:45 PDT 2021,72,153,1
1625601369753,Tue Jul 06 12:56:09 PDT 2021,72,154,1
1625611333910,Tue Jul 06 15:42:13 PDT 2021,72,155,1
1625627284302,Tue Jul 06 20:08:04 PDT 2021,72,156,0
1625635682318,Tue Jul 06 22:28:02 PDT 2021,72,157,-1
1625672531316,Wed Jul 07 08:42:11 PDT 2021,72,159,1
1625672751185,Wed Jul 07 08:45:51 PDT 2021,72,160,0
1625674641831,Wed Jul 07 09:17:21 PDT 2021,72,161,0
1625675530050,Wed Jul 07 09:32:10 PDT 2021,72,162,0
1625676436195,Wed Jul 07 09:47:16 PDT 2021,72,163,0
1625678547759,Wed Jul 07 10:22:27 PDT 2021,72,166,0
1625677583463,Wed Jul 07 10:06:23 PDT 2021,72,167,0
1625686224648,Wed Jul 07 12:30:24 PDT 2021,72,170,0
1625693405776,Wed Jul 07 14:30:05 PDT 2021,72,173,1
1625694092379,Wed Jul 07 14:41:32 PDT 2021,72,174,1
1625695345883,Wed Jul 07 15:02:25 PDT 2021,72,178,1
1625696153560,Wed Jul 07 15:15:53 PDT 2021,72,180,1
1625696732781,Wed Jul 07 15:25:32 PDT 2021,72,181,1
1625697218272,Wed Jul 07 15:33:38 PDT 2021,72,182,0
1625697580700,Wed Jul 07 15:39:40 PDT 2021,72,183,1
1625699374645,Wed Jul 07 16:09:34 PDT 2021,72,184,1
1625699832589,Wed Jul 07 16:17:12 PDT 2021,72,186,1
1625700630125,Wed Jul 07 16:30:30 PDT 2021,72,187,1
1625700369747,Wed Jul 07 16:26:09 PDT 2021,72,188,1
1625702876722,Wed Jul 07 17:07:56 PDT 2021,72,189,-1
1625707404768,Wed Jul 07 18:23:24 PDT 2021,72,191,0
1625709877444,Wed Jul 07 19:04:37 PDT 2021,72,193,1
1625710673413,Wed Jul 07 19:17:53 PDT 2021,72,194,0
1625722819911,Wed Jul 07 22:40:19 PDT 2021,72,196,0
1625752618770,Thu Jul 08 06:56:58 PDT 2021,72,197,0
1625772691391,Thu Jul 08 12:31:31 PDT 2021,72,198,0
1625758903753,Thu Jul 08 08:41:43 PDT 2021,72,199,1
1625760207856,Thu Jul 08 09:03:27 PDT 2021,72,200,1
1625762443899,Thu Jul 08 09:40:43 PDT 2021,72,201,0
1625763615801,Thu Jul 08 10:00:15 PDT 2021,72,203,0
1625770606081,Thu Jul 08 11:56:46 PDT 2021,72,205,-1
1625781657906,Thu Jul 08 15:00:57 PDT 2021,72,207,1
1625784288853,Thu Jul 08 15:44:48 PDT 2021,72,208,1
1625786535796,Thu Jul 08 16:22:15 PDT 2021,72,209,1
1625787493707,Thu Jul 08 16:38:13 PDT 2021,72,210,1
1625801648214,Thu Jul 08 20:34:08 PDT 2021,72,213,0
1625845446710,Fri Jul 09 08:44:06 PDT 2021,72,215,1
1625855556317,Fri Jul 09 11:32:36 PDT 2021,72,217,0
1625863822065,Fri Jul 09 13:50:22 PDT 2021,72,218,0
1625868258243,Fri Jul 09 15:04:18 PDT 2021,72,219,1
1625921097041,Sat Jul 10 05:44:57 PDT 2021,72,223,1
1625922476887,Sat Jul 10 06:07:56 PDT 2021,72,224,1
1625929605677,Sat Jul 10 08:06:45 PDT 2021,72,226,0
1625932352809,Sat Jul 10 08:52:32 PDT 2021,72,227,0
1625939928170,Sat Jul 10 10:58:48 PDT 2021,72,228,1
1625961807303,Sat Jul 10 17:03:27 PDT 2021,72,231,0
1625965104361,Sat Jul 10 17:58:24 PDT 2021,72,232,1
1625971632209,Sat Jul 10 19:47:12 PDT 2021,72,233,0
1625982257051,Sat Jul 10 22:44:17 PDT 2021,72,234,-1
1626012167169,Sun Jul 11 07:02:47 PDT 2021,72,236,0
1626015532973,Sun Jul 11 07:58:52 PDT 2021,72,237,0
1626015100314,Sun Jul 11 07:51:40 PDT 2021,72,238,1
1626018681656,Sun Jul 11 08:51:21 PDT 2021,72,239,-1
1626027322406,Sun Jul 11 11:15:22 PDT 2021,72,240,1
1626031403708,Sun Jul 11 12:23:23 PDT 2021,72,241,0
1626033777625,Sun Jul 11 13:02:57 PDT 2021,72,243,0
1626050955472,Sun Jul 11 17:49:15 PDT 2021,72,246,-1
1626055884927,Sun Jul 11 19:11:24 PDT 2021,72,247,1
1626063251165,Sun Jul 11 21:14:11 PDT 2021,72,248,1
1626097562846,Mon Jul 12 06:46:02 PDT 2021,72,250,0
1626101078998,Mon Jul 12 07:44:38 PDT 2021,72,251,0
1626160436171,Tue Jul 13 00:13:56 PDT 2021,72,255,0
1626184490710,Tue Jul 13 06:54:50 PDT 2021,72,256,1
1626198217063,Tue Jul 13 10:43:37 PDT 2021,72,257,0
1626213975365,Tue Jul 13 15:06:15 PDT 2021,72,260,1
1626215466169,Tue Jul 13 15:31:06 PDT 2021,72,261,-1
1626235385935,Tue Jul 13 21:03:05 PDT 2021,72,265,1
1626276087851,Wed Jul 14 08:21:27 PDT 2021,72,266,0
1626383289330,Thu Jul 15 14:08:09 PDT 2021,72,267,0
1626328260367,Wed Jul 14 22:51:00 PDT 2021,72,268,0
1626385910987,Thu Jul 15 14:51:50 PDT 2021,72,271,0
1626455302404,Fri Jul 16 10:08:22 PDT 2021,72,274,1
1626470926703,Fri Jul 16 14:28:46 PDT 2021,72,275,1
1626493006504,Fri Jul 16 20:36:46 PDT 2021,72,276,-1
1626540791386,Sat Jul 17 09:53:11 PDT 2021,72,278,0
1626540429493,Sat Jul 17 09:47:09 PDT 2021,72,279,1
1626545146157,Sat Jul 17 11:05:46 PDT 2021,72,280,-1
1626552290210,Sat Jul 17 13:04:50 PDT 2021,72,281,1
1626553997488,Sat Jul 17 13:33:17 PDT 2021,72,282,1
1626568281208,Sat Jul 17 17:31:21 PDT 2021,72,284,-1
1626584664637,Sat Jul 17 22:04:24 PDT 2021,72,286,-1
1626712819085,Mon Jul 19 09:40:19 PDT 2021,72,288,0
1626716448398,Mon Jul 19 10:40:48 PDT 2021,72,290,-1
1626720412484,Mon Jul 19 11:46:52 PDT 2021,72,291,1
1626737454328,Mon Jul 19 16:30:54 PDT 2021,72,294,1
1626752260888,Mon Jul 19 20:37:40 PDT 2021,72,295,1
1626792142184,Tue Jul 20 07:42:22 PDT 2021,72,296,0
1626799133575,Tue Jul 20 09:38:53 PDT 2021,72,298,1
1626909778166,Wed Jul 21 16:22:58 PDT 2021,72,299,-1
1626965033746,Thu Jul 22 07:43:53 PDT 2021,72,300,0
1626919076369,Wed Jul 21 18:57:56 PDT 2021,72,301,1
1627001478884,Thu Jul 22 17:51:18 PDT 2021,72,302,1
1627002445413,Thu Jul 22 18:07:25 PDT 2021,72,303,-1
1627008829892,Thu Jul 22 19:53:49 PDT 2021,72,305,1
1627083644148,Fri Jul 23 16:40:44 PDT 2021,72,309,-1
1627085301150,Fri Jul 23 17:08:21 PDT 2021,72,310,-1
1627086469801,Fri Jul 23 17:27:49 PDT 2021,72,311,-1
1627088065900,Fri Jul 23 17:54:25 PDT 2021,72,312,-1
1627099767320,Fri Jul 23 21:09:27 PDT 2021,72,313,-1
1627101015285,Fri Jul 23 21:30:15 PDT 2021,72,314,-1
1627101720937,Fri Jul 23 21:42:00 PDT 2021,72,315,-1
1627131634613,Sat Jul 24 06:00:34 PDT 2021,72,316,0
1627163043958,Sat Jul 24 14:44:03 PDT 2021,72,317,1
1627187108058,Sat Jul 24 21:25:08 PDT 2021,72,318,-1
1627191632519,Sat Jul 24 22:40:32 PDT 2021,72,319,-1
1627407862984,Tue Jul 27 10:44:22 PDT 2021,72,322,-1
1627414878203,Tue Jul 27 12:41:18 PDT 2021,72,325,-1
1627425473475,Tue Jul 27 15:37:53 PDT 2021,72,326,0
1627439404833,Tue Jul 27 19:30:04 PDT 2021,72,327,0
1627451418919,Tue Jul 27 22:50:18 PDT 2021,72,329,-1
1627502743589,Wed Jul 28 13:05:43 PDT 2021,72,332,-1
1627503131983,Wed Jul 28 13:12:11 PDT 2021,72,334,-1
1627504002142,Wed Jul 28 13:26:42 PDT 2021,72,335,0
1627504968712,Wed Jul 28 13:42:48 PDT 2021,72,337,-1
1627505736091,Wed Jul 28 13:55:36 PDT 2021,72,339,-1
1627506722668,Wed Jul 28 14:12:02 PDT 2021,72,341,-1
1627508421441,Wed Jul 28 14:40:21 PDT 2021,72,343,-1
1627515287274,Wed Jul 28 16:34:47 PDT 2021,72,348,1
1627523726655,Wed Jul 28 18:55:26 PDT 2021,72,353,1
1627521712895,Wed Jul 28 18:21:52 PDT 2021,72,356,1
1627529784790,Wed Jul 28 20:36:24 PDT 2021,72,357,-1
1627531618578,Wed Jul 28 21:06:58 PDT 2021,72,358,0
1627532508094,Wed Jul 28 21:21:48 PDT 2021,72,359,-1
1627536228858,Wed Jul 28 22:23:48 PDT 2021,72,361,1
1627543758738,Thu Jul 29 00:29:18 PDT 2021,72,364,1
1627573590663,Thu Jul 29 08:46:30 PDT 2021,72,366,-1
1627579181769,Thu Jul 29 10:19:41 PDT 2021,72,368,1
1627577904268,Thu Jul 29 09:58:24 PDT 2021,72,369,-1
1627587234953,Thu Jul 29 12:33:54 PDT 2021,72,373,1
1627607781420,Thu Jul 29 18:16:21 PDT 2021,72,376,1
1627654713609,Fri Jul 30 07:18:33 PDT 2021,72,380,1
1627663620359,Fri Jul 30 09:47:00 PDT 2021,72,382,-1
1627666559410,Fri Jul 30 10:35:59 PDT 2021,72,384,1
1627675833847,Fri Jul 30 13:10:33 PDT 2021,72,386,1
1627680872741,Fri Jul 30 14:34:32 PDT 2021,72,388,0
1627682634559,Fri Jul 30 15:03:54 PDT 2021,72,389,1
1627684284717,Fri Jul 30 15:31:24 PDT 2021,72,391,-1
1627686255117,Fri Jul 30 16:04:15 PDT 2021,72,394,-1
1627690250207,Fri Jul 30 17:10:50 PDT 2021,72,395,-1
1627702568710,Fri Jul 30 20:36:08 PDT 2021,72,396,0
1627752354035,Sat Jul 31 10:25:54 PDT 2021,72,397,-1
1627759905397,Sat Jul 31 12:31:45 PDT 2021,72,400,1
1627769686344,Sat Jul 31 15:14:46 PDT 2021,72,401,1
1627771785757,Sat Jul 31 15:49:45 PDT 2021,72,402,-1
1627775780657,Sat Jul 31 16:56:20 PDT 2021,72,403,1
1627837927020,Sun Aug 01 10:12:07 PDT 2021,72,404,-1
1625003863901,Tue Jun 29 14:57:43 PDT 2021,73,0,1
1625003797875,Tue Jun 29 14:56:37 PDT 2021,73,15,1
1625004101554,Tue Jun 29 15:01:41 PDT 2021,73,16,1
1625007138017,Tue Jun 29 15:52:18 PDT 2021,73,17,0
1625007307041,Tue Jun 29 15:55:07 PDT 2021,73,18,1
1625008213847,Tue Jun 29 16:10:13 PDT 2021,73,19,1
1625008755800,Tue Jun 29 16:19:15 PDT 2021,73,21,1
1625009074071,Tue Jun 29 16:24:34 PDT 2021,73,22,1
1625019671405,Tue Jun 29 19:21:11 PDT 2021,73,24,1
1625019878757,Tue Jun 29 19:24:38 PDT 2021,73,25,1
1625019788342,Tue Jun 29 19:23:08 PDT 2021,73,26,1
1625021880379,Tue Jun 29 19:58:00 PDT 2021,73,27,1
1625055587587,Wed Jun 30 05:19:47 PDT 2021,73,28,1
1625057889914,Wed Jun 30 05:58:09 PDT 2021,73,30,1
1625064229244,Wed Jun 30 07:43:49 PDT 2021,73,33,0
1625066372308,Wed Jun 30 08:19:32 PDT 2021,73,34,1
1625068600283,Wed Jun 30 08:56:40 PDT 2021,73,35,1
1625068835947,Wed Jun 30 09:00:35 PDT 2021,73,36,1
1625071582789,Wed Jun 30 09:46:22 PDT 2021,73,37,1
1625072000793,Wed Jun 30 09:53:20 PDT 2021,73,38,1
1625082485622,Wed Jun 30 12:48:05 PDT 2021,73,40,1
1625099319367,Wed Jun 30 17:28:39 PDT 2021,73,41,-1
1625086488461,Wed Jun 30 13:54:48 PDT 2021,73,42,0
1625089884714,Wed Jun 30 14:51:24 PDT 2021,73,43,1
1625093162996,Wed Jun 30 15:46:02 PDT 2021,73,45,1
1625095211948,Wed Jun 30 16:20:11 PDT 2021,73,46,-1
1625095069129,Wed Jun 30 16:17:49 PDT 2021,73,47,1
1625096167395,Wed Jun 30 16:36:07 PDT 2021,73,48,0
1625099068183,Wed Jun 30 17:24:28 PDT 2021,73,50,1
1625100953042,Wed Jun 30 17:55:53 PDT 2021,73,52,1
1625101849130,Wed Jun 30 18:10:49 PDT 2021,73,53,-1
1625101338852,Wed Jun 30 18:02:18 PDT 2021,73,54,1
1625108263038,Wed Jun 30 19:57:43 PDT 2021,73,55,1
1625112103080,Wed Jun 30 21:01:43 PDT 2021,73,56,1
1625116291194,Wed Jun 30 22:11:31 PDT 2021,73,57,1
1625117646997,Wed Jun 30 22:34:06 PDT 2021,73,58,0
1625118153266,Wed Jun 30 22:42:33 PDT 2021,73,59,1
1625150244250,Thu Jul 01 07:37:24 PDT 2021,73,61,1
1625150968144,Thu Jul 01 07:49:28 PDT 2021,73,62,1
1625152844669,Thu Jul 01 08:20:44 PDT 2021,73,63,1
1625155552567,Thu Jul 01 09:05:52 PDT 2021,73,64,-1
1625157979578,Thu Jul 01 09:46:19 PDT 2021,73,65,1
1625410146314,Sun Jul 04 07:49:06 PDT 2021,73,66,1
1625159649244,Thu Jul 01 10:14:09 PDT 2021,73,68,1
1625159803068,Thu Jul 01 10:16:43 PDT 2021,73,69,1
1625160086672,Thu Jul 01 10:21:26 PDT 2021,73,70,1
1625161302563,Thu Jul 01 10:41:42 PDT 2021,73,71,1
1625163047670,Thu Jul 01 11:10:47 PDT 2021,73,72,1
1625163421852,Thu Jul 01 11:17:01 PDT 2021,73,73,-1
1625164879699,Thu Jul 01 11:41:19 PDT 2021,73,74,0
1625164089573,Thu Jul 01 11:28:09 PDT 2021,73,83,1
1625165023499,Thu Jul 01 11:43:43 PDT 2021,73,85,-1
1625165427529,Thu Jul 01 11:50:27 PDT 2021,73,86,-1
1625165624199,Thu Jul 01 11:53:44 PDT 2021,73,87,1
1625168144327,Thu Jul 01 12:35:44 PDT 2021,73,92,1
1625173930819,Thu Jul 01 14:12:10 PDT 2021,73,93,1
1625174866876,Thu Jul 01 14:27:46 PDT 2021,73,94,0
1625174883432,Thu Jul 01 14:28:03 PDT 2021,73,95,1
1625183148595,Thu Jul 01 16:45:48 PDT 2021,73,96,1
1626141793499,Mon Jul 12 19:03:13 PDT 2021,73,98,1
1625191023582,Thu Jul 01 18:57:03 PDT 2021,73,100,1
1625190947482,Thu Jul 01 18:55:47 PDT 2021,73,101,1
1625199998587,Thu Jul 01 21:26:38 PDT 2021,73,102,0
1625238247430,Fri Jul 02 08:04:07 PDT 2021,73,103,0
1625241488702,Fri Jul 02 08:58:08 PDT 2021,73,104,1
1625241842542,Fri Jul 02 09:04:02 PDT 2021,73,105,1
1625242007168,Fri Jul 02 09:06:47 PDT 2021,73,106,1
1625245642626,Fri Jul 02 10:07:22 PDT 2021,73,107,1
1625251436038,Fri Jul 02 11:43:56 PDT 2021,73,108,1
1625265436783,Fri Jul 02 15:37:16 PDT 2021,73,110,0
1625266299430,Fri Jul 02 15:51:39 PDT 2021,73,111,1
1625275504978,Fri Jul 02 18:25:04 PDT 2021,73,112,1
1625329261075,Sat Jul 03 09:21:01 PDT 2021,73,118,0
1625333341131,Sat Jul 03 10:29:01 PDT 2021,73,119,1
1625361841998,Sat Jul 03 18:24:01 PDT 2021,73,120,1
1625364992183,Sat Jul 03 19:16:32 PDT 2021,73,121,-1
1625365247846,Sat Jul 03 19:20:47 PDT 2021,73,122,-1
1625365813024,Sat Jul 03 19:30:13 PDT 2021,73,123,1
1625374972916,Sat Jul 03 22:02:52 PDT 2021,73,124,1
1625383998910,Sun Jul 04 00:33:18 PDT 2021,73,125,1
1625413949984,Sun Jul 04 08:52:29 PDT 2021,73,127,1
1625424368068,Sun Jul 04 11:46:08 PDT 2021,73,131,1
1625428720354,Sun Jul 04 12:58:40 PDT 2021,73,132,1
1625435205432,Sun Jul 04 14:46:45 PDT 2021,73,135,1
1625436691169,Sun Jul 04 15:11:31 PDT 2021,73,136,1
1625437132625,Sun Jul 04 15:18:52 PDT 2021,73,137,1
1625452054636,Sun Jul 04 19:27:34 PDT 2021,73,141,1
1625454864139,Sun Jul 04 20:14:24 PDT 2021,73,142,-1
1625461828146,Sun Jul 04 22:10:28 PDT 2021,73,145,1
1625496417253,Mon Jul 05 07:46:57 PDT 2021,73,147,1
1625528684799,Mon Jul 05 16:44:44 PDT 2021,73,148,1
1625593957983,Tue Jul 06 10:52:37 PDT 2021,73,151,1
1625597500773,Tue Jul 06 11:51:40 PDT 2021,73,152,1
1625613497426,Tue Jul 06 16:18:17 PDT 2021,73,153,0
1625611287984,Tue Jul 06 15:41:27 PDT 2021,73,155,1
1625627584946,Tue Jul 06 20:13:04 PDT 2021,73,156,1
1625635861050,Tue Jul 06 22:31:01 PDT 2021,73,157,1
1625672943514,Wed Jul 07 08:49:03 PDT 2021,73,160,-1
1625674693381,Wed Jul 07 09:18:13 PDT 2021,73,161,1
1625675060258,Wed Jul 07 09:24:20 PDT 2021,73,162,1
1625676573354,Wed Jul 07 09:49:33 PDT 2021,73,163,1
1625678213314,Wed Jul 07 10:16:53 PDT 2021,73,166,-1
1625677709264,Wed Jul 07 10:08:29 PDT 2021,73,168,-1
1625693778812,Wed Jul 07 14:36:18 PDT 2021,73,173,1
1625694176010,Wed Jul 07 14:42:56 PDT 2021,73,174,1
1625695231897,Wed Jul 07 15:00:31 PDT 2021,73,178,1
1625696579690,Wed Jul 07 15:22:59 PDT 2021,73,180,-1
1625696695854,Wed Jul 07 15:24:55 PDT 2021,73,181,1
1625697198580,Wed Jul 07 15:33:18 PDT 2021,73,182,1
1625698584780,Wed Jul 07 15:56:24 PDT 2021,73,183,0
1625699791828,Wed Jul 07 16:16:31 PDT 2021,73,186,0
1625700076852,Wed Jul 07 16:21:16 PDT 2021,73,187,0
1625700501296,Wed Jul 07 16:28:21 PDT 2021,73,188,1
1625702957837,Wed Jul 07 17:09:17 PDT 2021,73,189,-1
1625707068122,Wed Jul 07 18:17:48 PDT 2021,73,191,0
1625710039974,Wed Jul 07 19:07:19 PDT 2021,73,193,1
1625710619649,Wed Jul 07 19:16:59 PDT 2021,73,194,1
1625722754409,Wed Jul 07 22:39:14 PDT 2021,73,196,0
1625755883974,Thu Jul 08 07:51:23 PDT 2021,73,198,1
1625758812663,Thu Jul 08 08:40:12 PDT 2021,73,199,1
1625762422673,Thu Jul 08 09:40:22 PDT 2021,73,201,-1
1625763519345,Thu Jul 08 09:58:39 PDT 2021,73,203,1
1625768100062,Thu Jul 08 11:15:00 PDT 2021,73,204,-1
1625770387445,Thu Jul 08 11:53:07 PDT 2021,73,205,1
1625781745882,Thu Jul 08 15:02:25 PDT 2021,73,207,1
1625783611243,Thu Jul 08 15:33:31 PDT 2021,73,208,1
1625786488835,Thu Jul 08 16:21:28 PDT 2021,73,209,0
1625789541198,Thu Jul 08 17:12:21 PDT 2021,73,210,1
1625796276551,Thu Jul 08 19:04:36 PDT 2021,73,212,0
1625844829552,Fri Jul 09 08:33:49 PDT 2021,73,215,1
1625852942069,Fri Jul 09 10:49:02 PDT 2021,73,216,1
1625855806484,Fri Jul 09 11:36:46 PDT 2021,73,217,1
1625863383508,Fri Jul 09 13:43:03 PDT 2021,73,218,1
1625868085633,Fri Jul 09 15:01:25 PDT 2021,73,219,1
1625921324812,Sat Jul 10 05:48:44 PDT 2021,73,223,1
1625921814269,Sat Jul 10 05:56:54 PDT 2021,73,224,1
1625928995218,Sat Jul 10 07:56:35 PDT 2021,73,226,1
1625937623202,Sat Jul 10 10:20:23 PDT 2021,73,227,1
1625939885415,Sat Jul 10 10:58:05 PDT 2021,73,228,1
1625957588139,Sat Jul 10 15:53:08 PDT 2021,73,230,1
1625965052597,Sat Jul 10 17:57:32 PDT 2021,73,232,1
1625971638007,Sat Jul 10 19:47:18 PDT 2021,73,233,1
1625982446874,Sat Jul 10 22:47:26 PDT 2021,73,234,1
1626011979476,Sun Jul 11 06:59:39 PDT 2021,73,236,-1
1626015133564,Sun Jul 11 07:52:13 PDT 2021,73,237,1
1626015206667,Sun Jul 11 07:53:26 PDT 2021,73,238,1
1626016387084,Sun Jul 11 08:13:07 PDT 2021,73,239,1
1626027547979,Sun Jul 11 11:19:07 PDT 2021,73,240,1
1626029875164,Sun Jul 11 11:57:55 PDT 2021,73,241,0
1626033393475,Sun Jul 11 12:56:33 PDT 2021,73,243,1
1626055958684,Sun Jul 11 19:12:38 PDT 2021,73,247,1
1626063051194,Sun Jul 11 21:10:51 PDT 2021,73,248,1
1626097139759,Mon Jul 12 06:38:59 PDT 2021,73,249,1
1626097427506,Mon Jul 12 06:43:47 PDT 2021,73,250,1
1626160369244,Tue Jul 13 00:12:49 PDT 2021,73,255,-1
1626184487712,Tue Jul 13 06:54:47 PDT 2021,73,256,1
1626198118275,Tue Jul 13 10:41:58 PDT 2021,73,257,1
1626213849954,Tue Jul 13 15:04:09 PDT 2021,73,260,1
1626218917464,Tue Jul 13 16:28:37 PDT 2021,73,262,0
1626235222911,Tue Jul 13 21:00:22 PDT 2021,73,265,1
1626383564239,Thu Jul 15 14:12:44 PDT 2021,73,267,1
1626385948395,Thu Jul 15 14:52:28 PDT 2021,73,271,1
1626455683626,Fri Jul 16 10:14:43 PDT 2021,73,274,1
1626471013528,Fri Jul 16 14:30:13 PDT 2021,73,275,1
1626492835828,Fri Jul 16 20:33:55 PDT 2021,73,276,0
1626540784025,Sat Jul 17 09:53:04 PDT 2021,73,278,1
1626540476228,Sat Jul 17 09:47:56 PDT 2021,73,279,1
1626545287270,Sat Jul 17 11:08:07 PDT 2021,73,280,1
1626552394922,Sat Jul 17 13:06:34 PDT 2021,73,281,1
1626553777819,Sat Jul 17 13:29:37 PDT 2021,73,282,1
1626568004961,Sat Jul 17 17:26:44 PDT 2021,73,284,0
1626578229479,Sat Jul 17 20:17:09 PDT 2021,73,285,1
1626584589691,Sat Jul 17 22:03:09 PDT 2021,73,286,1
1626712839748,Mon Jul 19 09:40:39 PDT 2021,73,288,1
1626716285806,Mon Jul 19 10:38:05 PDT 2021,73,290,1
1626719914331,Mon Jul 19 11:38:34 PDT 2021,73,291,1
1626723945383,Mon Jul 19 12:45:45 PDT 2021,73,292,1
1626737741498,Mon Jul 19 16:35:41 PDT 2021,73,294,1
1626751858901,Mon Jul 19 20:30:58 PDT 2021,73,295,1
1626791848180,Tue Jul 20 07:37:28 PDT 2021,73,296,1
1626798653520,Tue Jul 20 09:30:53 PDT 2021,73,298,1
1626908439716,Wed Jul 21 16:00:39 PDT 2021,73,299,-1
1626910763493,Wed Jul 21 16:39:23 PDT 2021,73,300,0
1626919179370,Wed Jul 21 18:59:39 PDT 2021,73,301,1
1627001372431,Thu Jul 22 17:49:32 PDT 2021,73,302,0
1627002458403,Thu Jul 22 18:07:38 PDT 2021,73,303,-1
1627008549379,Thu Jul 22 19:49:09 PDT 2021,73,305,1
1627082415051,Fri Jul 23 16:20:15 PDT 2021,73,308,1
1627083698411,Fri Jul 23 16:41:38 PDT 2021,73,309,1
1627085364310,Fri Jul 23 17:09:24 PDT 2021,73,310,1
1627086663264,Fri Jul 23 17:31:03 PDT 2021,73,311,1
1627087920118,Fri Jul 23 17:52:00 PDT 2021,73,312,1
1627099992190,Fri Jul 23 21:13:12 PDT 2021,73,313,1
1627100766735,Fri Jul 23 21:26:06 PDT 2021,73,314,1
1627101687684,Fri Jul 23 21:41:27 PDT 2021,73,315,1
1627131576361,Sat Jul 24 05:59:36 PDT 2021,73,316,-1
1627162866815,Sat Jul 24 14:41:06 PDT 2021,73,317,1
1627186960002,Sat Jul 24 21:22:40 PDT 2021,73,318,1
1627191427105,Sat Jul 24 22:37:07 PDT 2021,73,319,1
1627407642989,Tue Jul 27 10:40:42 PDT 2021,73,322,0
1627415021706,Tue Jul 27 12:43:41 PDT 2021,73,325,1
1627425813260,Tue Jul 27 15:43:33 PDT 2021,73,326,1
1627439367402,Tue Jul 27 19:29:27 PDT 2021,73,327,0
1627451193038,Tue Jul 27 22:46:33 PDT 2021,73,328,1
1627451509467,Tue Jul 27 22:51:49 PDT 2021,73,329,1
1627503151747,Wed Jul 28 13:12:31 PDT 2021,73,334,1
1627505110577,Wed Jul 28 13:45:10 PDT 2021,73,337,1
1627505936274,Wed Jul 28 13:58:56 PDT 2021,73,339,1
1627506056364,Wed Jul 28 14:00:56 PDT 2021,73,340,1
1627506648374,Wed Jul 28 14:10:48 PDT 2021,73,341,1
1627508829500,Wed Jul 28 14:47:09 PDT 2021,73,343,1
1627508625388,Wed Jul 28 14:43:45 PDT 2021,73,344,1
1627515197618,Wed Jul 28 16:33:17 PDT 2021,73,348,1
1627515459607,Wed Jul 28 16:37:39 PDT 2021,73,350,1
1627518123725,Wed Jul 28 17:22:03 PDT 2021,73,352,1
1627523213479,Wed Jul 28 18:46:53 PDT 2021,73,353,1
1627521915923,Wed Jul 28 18:25:15 PDT 2021,73,356,1
1627530177556,Wed Jul 28 20:42:57 PDT 2021,73,357,1
1627531572046,Wed Jul 28 21:06:12 PDT 2021,73,358,1
1627532606639,Wed Jul 28 21:23:26 PDT 2021,73,359,1
1627543946134,Thu Jul 29 00:32:26 PDT 2021,73,364,1
1627573266276,Thu Jul 29 08:41:06 PDT 2021,73,366,-1
1627578188504,Thu Jul 29 10:03:08 PDT 2021,73,368,-1
1627586514319,Thu Jul 29 12:21:54 PDT 2021,73,373,1
1627595382079,Thu Jul 29 14:49:42 PDT 2021,73,375,1
1627608313626,Thu Jul 29 18:25:13 PDT 2021,73,376,1
1627614187694,Thu Jul 29 20:03:07 PDT 2021,73,378,1
1627655897005,Fri Jul 30 07:38:17 PDT 2021,73,380,1
1627663746422,Fri Jul 30 09:49:06 PDT 2021,73,382,0
1627666587583,Fri Jul 30 10:36:27 PDT 2021,73,384,1
1627675601280,Fri Jul 30 13:06:41 PDT 2021,73,386,1
1627680816397,Fri Jul 30 14:33:36 PDT 2021,73,388,0
1627682899386,Fri Jul 30 15:08:19 PDT 2021,73,389,1
1627686002575,Fri Jul 30 16:00:02 PDT 2021,73,394,1
1627690216822,Fri Jul 30 17:10:16 PDT 2021,73,395,0
1627702227447,Fri Jul 30 20:30:27 PDT 2021,73,396,1
1627759873296,Sat Jul 31 12:31:13 PDT 2021,73,400,1
1627769819634,Sat Jul 31 15:16:59 PDT 2021,73,401,1
1627771766244,Sat Jul 31 15:49:26 PDT 2021,73,402,0
1627776345941,Sat Jul 31 17:05:45 PDT 2021,73,403,1
1627837782685,Sun Aug 01 10:09:42 PDT 2021,73,404,0
1625007987458,Tue Jun 29 16:06:27 PDT 2021,74,0,1
1625007691756,Tue Jun 29 16:01:31 PDT 2021,74,18,1
1625008257604,Tue Jun 29 16:10:57 PDT 2021,74,19,1
1625008763044,Tue Jun 29 16:19:23 PDT 2021,74,21,-1
1625008856402,Tue Jun 29 16:20:56 PDT 2021,74,22,1
1625019531716,Tue Jun 29 19:18:51 PDT 2021,74,24,1
1625019773161,Tue Jun 29 19:22:53 PDT 2021,74,25,1
1625019647617,Tue Jun 29 19:20:47 PDT 2021,74,26,1
1625021691589,Tue Jun 29 19:54:51 PDT 2021,74,27,1
1625055357718,Wed Jun 30 05:15:57 PDT 2021,74,28,1
1625057677447,Wed Jun 30 05:54:37 PDT 2021,74,30,1
1625064562391,Wed Jun 30 07:49:22 PDT 2021,74,33,1
1625066379602,Wed Jun 30 08:19:39 PDT 2021,74,34,0
1625068255546,Wed Jun 30 08:50:55 PDT 2021,74,35,1
1625068526853,Wed Jun 30 08:55:26 PDT 2021,74,36,1
1625071291151,Wed Jun 30 09:41:31 PDT 2021,74,37,1
1625071872385,Wed Jun 30 09:51:12 PDT 2021,74,38,1
1625082432509,Wed Jun 30 12:47:12 PDT 2021,74,40,1
1625099360357,Wed Jun 30 17:29:20 PDT 2021,74,41,0
1625085969390,Wed Jun 30 13:46:09 PDT 2021,74,42,1
1625089923163,Wed Jun 30 14:52:03 PDT 2021,74,43,1
1625092939356,Wed Jun 30 15:42:19 PDT 2021,74,45,0
1625095023509,Wed Jun 30 16:17:03 PDT 2021,74,46,1
1625095195993,Wed Jun 30 16:19:55 PDT 2021,74,47,1
1625095980232,Wed Jun 30 16:33:00 PDT 2021,74,48,1
1625099556603,Wed Jun 30 17:32:36 PDT 2021,74,50,1
1625100947812,Wed Jun 30 17:55:47 PDT 2021,74,51,1
1625102713930,Wed Jun 30 18:25:13 PDT 2021,74,52,-1
1625101764813,Wed Jun 30 18:09:24 PDT 2021,74,53,1
1625101552390,Wed Jun 30 18:05:52 PDT 2021,74,54,1
1625107991821,Wed Jun 30 19:53:11 PDT 2021,74,55,1
1625112287623,Wed Jun 30 21:04:47 PDT 2021,74,56,0
1625116077963,Wed Jun 30 22:07:57 PDT 2021,74,57,-1
1625118300522,Wed Jun 30 22:45:00 PDT 2021,74,59,0
1625150847790,Thu Jul 01 07:47:27 PDT 2021,74,61,1
1625151451100,Thu Jul 01 07:57:31 PDT 2021,74,62,0
1625153991536,Thu Jul 01 08:39:51 PDT 2021,74,63,0
1625155479751,Thu Jul 01 09:04:39 PDT 2021,74,64,1
1625158224560,Thu Jul 01 09:50:24 PDT 2021,74,65,1
1625158788172,Thu Jul 01 09:59:48 PDT 2021,74,66,0
1625159746582,Thu Jul 01 10:15:46 PDT 2021,74,68,1
1625159850482,Thu Jul 01 10:17:30 PDT 2021,74,69,-1
1625167926521,Thu Jul 01 12:32:06 PDT 2021,74,70,1
1625162289828,Thu Jul 01 10:58:09 PDT 2021,74,71,-1
1625163291364,Thu Jul 01 11:14:51 PDT 2021,74,73,-1
1625164424501,Thu Jul 01 11:33:44 PDT 2021,74,74,0
1625164190510,Thu Jul 01 11:29:50 PDT 2021,74,83,-1
1625165059048,Thu Jul 01 11:44:19 PDT 2021,74,85,-1
1625165405074,Thu Jul 01 11:50:05 PDT 2021,74,86,-1
1625166010175,Thu Jul 01 12:00:10 PDT 2021,74,90,-1
1625168632610,Thu Jul 01 12:43:52 PDT 2021,74,92,0
1625173277207,Thu Jul 01 14:01:17 PDT 2021,74,93,1
1625175127180,Thu Jul 01 14:32:07 PDT 2021,74,94,1
1625179635108,Thu Jul 01 15:47:15 PDT 2021,74,95,1
1625183106601,Thu Jul 01 16:45:06 PDT 2021,74,96,0
1626144934271,Mon Jul 12 19:55:34 PDT 2021,74,98,-1
1625191263032,Thu Jul 01 19:01:03 PDT 2021,74,100,1
1625190883527,Thu Jul 01 18:54:43 PDT 2021,74,101,1
1625200177434,Thu Jul 01 21:29:37 PDT 2021,74,102,1
1625238040154,Fri Jul 02 08:00:40 PDT 2021,74,103,-1
1625241064571,Fri Jul 02 08:51:04 PDT 2021,74,104,-1
1625241963752,Fri Jul 02 09:06:03 PDT 2021,74,106,-1
1625245593005,Fri Jul 02 10:06:33 PDT 2021,74,107,1
1625266553543,Fri Jul 02 15:55:53 PDT 2021,74,111,1
1625275946626,Fri Jul 02 18:32:26 PDT 2021,74,112,1
1625320419134,Sat Jul 03 06:53:39 PDT 2021,74,116,0
1625329297630,Sat Jul 03 09:21:37 PDT 2021,74,118,0
1625333602867,Sat Jul 03 10:33:22 PDT 2021,74,119,1
1625361930542,Sat Jul 03 18:25:30 PDT 2021,74,120,1
1625364917270,Sat Jul 03 19:15:17 PDT 2021,74,121,-1
1625365610721,Sat Jul 03 19:26:50 PDT 2021,74,122,1
1625365724549,Sat Jul 03 19:28:44 PDT 2021,74,123,1
1625375834788,Sat Jul 03 22:17:14 PDT 2021,74,124,1
1625413590625,Sun Jul 04 08:46:30 PDT 2021,74,127,1
1625424388513,Sun Jul 04 11:46:28 PDT 2021,74,131,-1
1625428783087,Sun Jul 04 12:59:43 PDT 2021,74,132,1
1625435678196,Sun Jul 04 14:54:38 PDT 2021,74,135,1
1625436335449,Sun Jul 04 15:05:35 PDT 2021,74,136,0
1625436871794,Sun Jul 04 15:14:31 PDT 2021,74,137,0
1625452295779,Sun Jul 04 19:31:35 PDT 2021,74,141,-1
1625463121256,Sun Jul 04 22:32:01 PDT 2021,74,145,0
1625495724077,Mon Jul 05 07:35:24 PDT 2021,74,147,1
1625593992687,Tue Jul 06 10:53:12 PDT 2021,74,151,1
1625602920623,Tue Jul 06 13:22:00 PDT 2021,74,152,1
1625613552755,Tue Jul 06 16:19:12 PDT 2021,74,153,0
1625611552052,Tue Jul 06 15:45:52 PDT 2021,74,155,1
1625627170208,Tue Jul 06 20:06:10 PDT 2021,74,156,1
1625636013031,Tue Jul 06 22:33:33 PDT 2021,74,157,1
1625672534068,Wed Jul 07 08:42:14 PDT 2021,74,159,1
1625672704240,Wed Jul 07 08:45:04 PDT 2021,74,160,0
1625674719089,Wed Jul 07 09:18:39 PDT 2021,74,161,1
1625675345049,Wed Jul 07 09:29:05 PDT 2021,74,162,0
1625676669281,Wed Jul 07 09:51:09 PDT 2021,74,163,0
1625677381727,Wed Jul 07 10:03:01 PDT 2021,74,165,1
1625678631695,Wed Jul 07 10:23:51 PDT 2021,74,166,0
1625686153474,Wed Jul 07 12:29:13 PDT 2021,74,170,-1
1625689314254,Wed Jul 07 13:21:54 PDT 2021,74,171,0
1625694144983,Wed Jul 07 14:42:24 PDT 2021,74,173,1
1625694069249,Wed Jul 07 14:41:09 PDT 2021,74,174,1
1625694656984,Wed Jul 07 14:50:56 PDT 2021,74,177,0
1625695246346,Wed Jul 07 15:00:46 PDT 2021,74,178,1
1625696642298,Wed Jul 07 15:24:02 PDT 2021,74,181,1
1625697164122,Wed Jul 07 15:32:44 PDT 2021,74,182,1
1625697596521,Wed Jul 07 15:39:56 PDT 2021,74,183,1
1625699802262,Wed Jul 07 16:16:42 PDT 2021,74,184,1
1625699988297,Wed Jul 07 16:19:48 PDT 2021,74,186,0
1625700419582,Wed Jul 07 16:26:59 PDT 2021,74,187,0
1625700703505,Wed Jul 07 16:31:43 PDT 2021,74,188,1
1625703077894,Wed Jul 07 17:11:17 PDT 2021,74,189,-1
1625709597915,Wed Jul 07 18:59:57 PDT 2021,74,191,0
1625710290961,Wed Jul 07 19:11:30 PDT 2021,74,193,1
1625710535074,Wed Jul 07 19:15:35 PDT 2021,74,194,-1
1625723057524,Wed Jul 07 22:44:17 PDT 2021,74,196,0
1625753218818,Thu Jul 08 07:06:58 PDT 2021,74,197,1
1625755624010,Thu Jul 08 07:47:04 PDT 2021,74,198,-1
1625759147616,Thu Jul 08 08:45:47 PDT 2021,74,199,1
1625760027843,Thu Jul 08 09:00:27 PDT 2021,74,200,1
1625762824390,Thu Jul 08 09:47:04 PDT 2021,74,201,-1
1625763368427,Thu Jul 08 09:56:08 PDT 2021,74,203,1
1625770272063,Thu Jul 08 11:51:12 PDT 2021,74,205,1
1625782419583,Thu Jul 08 15:13:39 PDT 2021,74,207,0
1625784053531,Thu Jul 08 15:40:53 PDT 2021,74,208,0
1625786626102,Thu Jul 08 16:23:46 PDT 2021,74,209,0
1625788833065,Thu Jul 08 17:00:33 PDT 2021,74,210,1
1625842291920,Fri Jul 09 07:51:31 PDT 2021,74,214,-1
1625844548809,Fri Jul 09 08:29:08 PDT 2021,74,215,1
1625855885614,Fri Jul 09 11:38:05 PDT 2021,74,217,0
1625864088560,Fri Jul 09 13:54:48 PDT 2021,74,218,1
1625868316592,Fri Jul 09 15:05:16 PDT 2021,74,219,1
1625921480164,Sat Jul 10 05:51:20 PDT 2021,74,223,0
1625921876964,Sat Jul 10 05:57:56 PDT 2021,74,224,1
1625926446871,Sat Jul 10 07:14:06 PDT 2021,74,225,-1
1625929479486,Sat Jul 10 08:04:39 PDT 2021,74,226,1
1625937619530,Sat Jul 10 10:20:19 PDT 2021,74,227,0
1625961549173,Sat Jul 10 16:59:09 PDT 2021,74,231,-1
1625964662368,Sat Jul 10 17:51:02 PDT 2021,74,232,0
1625971528054,Sat Jul 10 19:45:28 PDT 2021,74,233,1
1625982452713,Sat Jul 10 22:47:32 PDT 2021,74,234,-1
1626011493005,Sun Jul 11 06:51:33 PDT 2021,74,236,-1
1626014913268,Sun Jul 11 07:48:33 PDT 2021,74,237,-1
1626015377445,Sun Jul 11 07:56:17 PDT 2021,74,238,-1
1626018057851,Sun Jul 11 08:40:57 PDT 2021,74,239,-1
1626027271231,Sun Jul 11 11:14:31 PDT 2021,74,240,1
1626031438188,Sun Jul 11 12:23:58 PDT 2021,74,241,0
1626033160995,Sun Jul 11 12:52:40 PDT 2021,74,243,1
1626055888716,Sun Jul 11 19:11:28 PDT 2021,74,247,1
1626063156604,Sun Jul 11 21:12:36 PDT 2021,74,248,1
1626097106502,Mon Jul 12 06:38:26 PDT 2021,74,249,0
1626097083013,Mon Jul 12 06:38:03 PDT 2021,74,250,1
1626160085893,Tue Jul 13 00:08:05 PDT 2021,74,255,-1
1626184707833,Tue Jul 13 06:58:27 PDT 2021,74,256,1
1626198030981,Tue Jul 13 10:40:30 PDT 2021,74,257,0
1626641309041,Sun Jul 18 13:48:29 PDT 2021,74,258,-1
1626214269617,Tue Jul 13 15:11:09 PDT 2021,74,260,0
1626215428180,Tue Jul 13 15:30:28 PDT 2021,74,261,1
1626218948020,Tue Jul 13 16:29:08 PDT 2021,74,262,0
1626220920156,Tue Jul 13 17:02:00 PDT 2021,74,263,1
1626298244947,Wed Jul 14 14:30:44 PDT 2021,74,265,1
1626276080405,Wed Jul 14 08:21:20 PDT 2021,74,266,0
1626383793810,Thu Jul 15 14:16:33 PDT 2021,74,267,1
1626361027307,Thu Jul 15 07:57:07 PDT 2021,74,269,0
1626385816901,Thu Jul 15 14:50:16 PDT 2021,74,271,0
1626455583862,Fri Jul 16 10:13:03 PDT 2021,74,274,1
1626471159520,Fri Jul 16 14:32:39 PDT 2021,74,275,0
1626492945561,Fri Jul 16 20:35:45 PDT 2021,74,276,0
1626540891795,Sat Jul 17 09:54:51 PDT 2021,74,278,1
1626540480841,Sat Jul 17 09:48:00 PDT 2021,74,279,1
1626545666553,Sat Jul 17 11:14:26 PDT 2021,74,280,1
1626552477122,Sat Jul 17 13:07:57 PDT 2021,74,281,1
1626553434200,Sat Jul 17 13:23:54 PDT 2021,74,282,1
1626568039418,Sat Jul 17 17:27:19 PDT 2021,74,284,1
1626584717398,Sat Jul 17 22:05:17 PDT 2021,74,286,1
1626713173766,Mon Jul 19 09:46:13 PDT 2021,74,288,1
1626716342260,Mon Jul 19 10:39:02 PDT 2021,74,290,1
1626720347939,Mon Jul 19 11:45:47 PDT 2021,74,291,1
1626724236664,Mon Jul 19 12:50:36 PDT 2021,74,292,0
1626737680237,Mon Jul 19 16:34:40 PDT 2021,74,294,-1
1626752328334,Mon Jul 19 20:38:48 PDT 2021,74,295,0
1626792045317,Tue Jul 20 07:40:45 PDT 2021,74,296,-1
1626798584684,Tue Jul 20 09:29:44 PDT 2021,74,298,0
1626908341268,Wed Jul 21 15:59:01 PDT 2021,74,299,1
1626965194599,Thu Jul 22 07:46:34 PDT 2021,74,300,0
1626919002980,Wed Jul 21 18:56:42 PDT 2021,74,301,1
1627001323218,Thu Jul 22 17:48:43 PDT 2021,74,302,0
1627002347145,Thu Jul 22 18:05:47 PDT 2021,74,303,-1
1627008755157,Thu Jul 22 19:52:35 PDT 2021,74,305,1
1627083940859,Fri Jul 23 16:45:40 PDT 2021,74,309,1
1627085394922,Fri Jul 23 17:09:54 PDT 2021,74,310,1
1627087159435,Fri Jul 23 17:39:19 PDT 2021,74,311,1
1627088218059,Fri Jul 23 17:56:58 PDT 2021,74,312,1
1627099843654,Fri Jul 23 21:10:43 PDT 2021,74,313,1
1627101008365,Fri Jul 23 21:30:08 PDT 2021,74,314,1
1627101718157,Fri Jul 23 21:41:58 PDT 2021,74,315,1
1627162832340,Sat Jul 24 14:40:32 PDT 2021,74,317,1
1627187069161,Sat Jul 24 21:24:29 PDT 2021,74,318,1
1627191345637,Sat Jul 24 22:35:45 PDT 2021,74,319,1
1627407247646,Tue Jul 27 10:34:07 PDT 2021,74,322,1
1627414813290,Tue Jul 27 12:40:13 PDT 2021,74,325,1
1627698883175,Fri Jul 30 19:34:43 PDT 2021,74,326,0
1627502979954,Wed Jul 28 13:09:39 PDT 2021,74,332,1
1627504086476,Wed Jul 28 13:28:06 PDT 2021,74,335,0
1627505075965,Wed Jul 28 13:44:35 PDT 2021,74,337,1
1627505777308,Wed Jul 28 13:56:17 PDT 2021,74,339,1
1627506654615,Wed Jul 28 14:10:54 PDT 2021,74,341,1
1627508913716,Wed Jul 28 14:48:33 PDT 2021,74,343,1
1627509927251,Wed Jul 28 15:05:27 PDT 2021,74,346,1
1627515457440,Wed Jul 28 16:37:37 PDT 2021,74,348,1
1627515470261,Wed Jul 28 16:37:50 PDT 2021,74,350,1
1627523074718,Wed Jul 28 18:44:34 PDT 2021,74,353,1
1627522123525,Wed Jul 28 18:28:43 PDT 2021,74,356,1
1627529687935,Wed Jul 28 20:34:47 PDT 2021,74,357,1
1627531632890,Wed Jul 28 21:07:12 PDT 2021,74,358,1
1627532194111,Wed Jul 28 21:16:34 PDT 2021,74,359,1
1627544200270,Thu Jul 29 00:36:40 PDT 2021,74,364,0
1627573506661,Thu Jul 29 08:45:06 PDT 2021,74,366,-1
1627577857794,Thu Jul 29 09:57:37 PDT 2021,74,368,0
1627582894276,Thu Jul 29 11:21:34 PDT 2021,74,369,1
1627587173728,Thu Jul 29 12:32:53 PDT 2021,74,373,1
1627607382411,Thu Jul 29 18:09:42 PDT 2021,74,376,1
1627614168685,Thu Jul 29 20:02:48 PDT 2021,74,378,1
1627656179845,Fri Jul 30 07:42:59 PDT 2021,74,380,1
1627655828404,Fri Jul 30 07:37:08 PDT 2021,74,381,1
1627663713929,Fri Jul 30 09:48:33 PDT 2021,74,382,1
1627664848660,Fri Jul 30 10:07:28 PDT 2021,74,383,1
1627667697921,Fri Jul 30 10:54:57 PDT 2021,74,384,1
1627676262544,Fri Jul 30 13:17:42 PDT 2021,74,386,-1
1627680785405,Fri Jul 30 14:33:05 PDT 2021,74,388,0
1627682106273,Fri Jul 30 14:55:06 PDT 2021,74,389,1
1627685515444,Fri Jul 30 15:51:55 PDT 2021,74,393,-1
1627686077590,Fri Jul 30 16:01:17 PDT 2021,74,394,1
1627690269965,Fri Jul 30 17:11:09 PDT 2021,74,395,0
1627703157491,Fri Jul 30 20:45:57 PDT 2021,74,396,1
1627770320783,Sat Jul 31 15:25:20 PDT 2021,74,401,1
1627772095816,Sat Jul 31 15:54:55 PDT 2021,74,402,1
1627777016826,Sat Jul 31 17:16:56 PDT 2021,74,403,0
1627837818106,Sun Aug 01 10:10:18 PDT 2021,74,404,1
1625009024625,Tue Jun 29 16:23:44 PDT 2021,75,0,1
1625008442762,Tue Jun 29 16:14:02 PDT 2021,75,20,1
1625008963755,Tue Jun 29 16:22:43 PDT 2021,75,21,-1
1625009030510,Tue Jun 29 16:23:50 PDT 2021,75,22,-1
1625019573162,Tue Jun 29 19:19:33 PDT 2021,75,24,-1
1625019709119,Tue Jun 29 19:21:49 PDT 2021,75,25,-1
1625019808842,Tue Jun 29 19:23:28 PDT 2021,75,26,1
1625021780940,Tue Jun 29 19:56:20 PDT 2021,75,27,1
1625055425231,Wed Jun 30 05:17:05 PDT 2021,75,28,-1
1625057604025,Wed Jun 30 05:53:24 PDT 2021,75,30,-1
1625064186847,Wed Jun 30 07:43:06 PDT 2021,75,33,-1
1625066241616,Wed Jun 30 08:17:21 PDT 2021,75,34,0
1625068096491,Wed Jun 30 08:48:16 PDT 2021,75,35,-1
1625069105739,Wed Jun 30 09:05:05 PDT 2021,75,36,-1
1625071704189,Wed Jun 30 09:48:24 PDT 2021,75,37,-1
1625071985377,Wed Jun 30 09:53:05 PDT 2021,75,38,-1
1625082451834,Wed Jun 30 12:47:31 PDT 2021,75,40,-1
1625099190877,Wed Jun 30 17:26:30 PDT 2021,75,41,-1
1625086103370,Wed Jun 30 13:48:23 PDT 2021,75,42,-1
1625089931799,Wed Jun 30 14:52:11 PDT 2021,75,43,-1
1625092166748,Wed Jun 30 15:29:26 PDT 2021,75,44,-1
1625092916643,Wed Jun 30 15:41:56 PDT 2021,75,45,-1
1625095197821,Wed Jun 30 16:19:57 PDT 2021,75,46,-1
1625095161154,Wed Jun 30 16:19:21 PDT 2021,75,47,-1
1625096074062,Wed Jun 30 16:34:34 PDT 2021,75,48,-1
1625099118418,Wed Jun 30 17:25:18 PDT 2021,75,50,-1
1625102868334,Wed Jun 30 18:27:48 PDT 2021,75,52,0
1625101687543,Wed Jun 30 18:08:07 PDT 2021,75,53,-1
1625101587367,Wed Jun 30 18:06:27 PDT 2021,75,54,1
1625108213508,Wed Jun 30 19:56:53 PDT 2021,75,55,-1
1625116486453,Wed Jun 30 22:14:46 PDT 2021,75,57,-1
1625117433199,Wed Jun 30 22:30:33 PDT 2021,75,58,-1
1625118380415,Wed Jun 30 22:46:20 PDT 2021,75,59,-1
1625150434585,Thu Jul 01 07:40:34 PDT 2021,75,61,-1
1625151265841,Thu Jul 01 07:54:25 PDT 2021,75,62,-1
1625154235646,Thu Jul 01 08:43:55 PDT 2021,75,63,-1
1625155570593,Thu Jul 01 09:06:10 PDT 2021,75,64,-1
1625158304300,Thu Jul 01 09:51:44 PDT 2021,75,65,-1
1625410703016,Sun Jul 04 07:58:23 PDT 2021,75,66,-1
1625159699262,Thu Jul 01 10:14:59 PDT 2021,75,68,-1
1625160141596,Thu Jul 01 10:22:21 PDT 2021,75,69,-1
1625167852220,Thu Jul 01 12:30:52 PDT 2021,75,70,-1
1625162778285,Thu Jul 01 11:06:18 PDT 2021,75,71,1
1625163404406,Thu Jul 01 11:16:44 PDT 2021,75,73,1
1625164938301,Thu Jul 01 11:42:18 PDT 2021,75,74,0
1625164153389,Thu Jul 01 11:29:13 PDT 2021,75,83,1
1625165099623,Thu Jul 01 11:44:59 PDT 2021,75,85,1
1625168586840,Thu Jul 01 12:43:06 PDT 2021,75,92,0
1625173795536,Thu Jul 01 14:09:55 PDT 2021,75,93,-1
1625175155961,Thu Jul 01 14:32:35 PDT 2021,75,94,-1
1625179615670,Thu Jul 01 15:46:55 PDT 2021,75,95,-1
1625182972647,Thu Jul 01 16:42:52 PDT 2021,75,96,-1
1626145067324,Mon Jul 12 19:57:47 PDT 2021,75,98,0
1625190186071,Thu Jul 01 18:43:06 PDT 2021,75,100,-1
1625191061282,Thu Jul 01 18:57:41 PDT 2021,75,101,-1
1625200116028,Thu Jul 01 21:28:36 PDT 2021,75,102,0
1625238396827,Fri Jul 02 08:06:36 PDT 2021,75,103,1
1625241658545,Fri Jul 02 09:00:58 PDT 2021,75,104,-1
1625241635201,Fri Jul 02 09:00:35 PDT 2021,75,105,-1
1625241796337,Fri Jul 02 09:03:16 PDT 2021,75,106,-1
1625245799968,Fri Jul 02 10:09:59 PDT 2021,75,107,-1
1625266958387,Fri Jul 02 16:02:38 PDT 2021,75,111,-1
1625276125708,Fri Jul 02 18:35:25 PDT 2021,75,112,-1
1625329170444,Sat Jul 03 09:19:30 PDT 2021,75,118,-1
1625334203592,Sat Jul 03 10:43:23 PDT 2021,75,119,-1
1625365141538,Sat Jul 03 19:19:01 PDT 2021,75,121,1
1625365618250,Sat Jul 03 19:26:58 PDT 2021,75,122,0
1625366547029,Sat Jul 03 19:42:27 PDT 2021,75,123,-1
1625375823082,Sat Jul 03 22:17:03 PDT 2021,75,124,-1
1625410437401,Sun Jul 04 07:53:57 PDT 2021,75,126,1
1625414974541,Sun Jul 04 09:09:34 PDT 2021,75,127,-1
1625424198496,Sun Jul 04 11:43:18 PDT 2021,75,131,-1
1625429025836,Sun Jul 04 13:03:45 PDT 2021,75,132,-1
1625436021734,Sun Jul 04 15:00:21 PDT 2021,75,135,-1
1625436518516,Sun Jul 04 15:08:38 PDT 2021,75,136,1
1625437369834,Sun Jul 04 15:22:49 PDT 2021,75,137,-1
1625452306602,Sun Jul 04 19:31:46 PDT 2021,75,141,-1
1625454561148,Sun Jul 04 20:09:21 PDT 2021,75,142,0
1625463219083,Sun Jul 04 22:33:39 PDT 2021,75,145,-1
1625496850454,Mon Jul 05 07:54:10 PDT 2021,75,147,-1
1625593675130,Tue Jul 06 10:47:55 PDT 2021,75,151,-1
1625602956518,Tue Jul 06 13:22:36 PDT 2021,75,152,-1
1625613537772,Tue Jul 06 16:18:57 PDT 2021,75,153,-1
1625611951364,Tue Jul 06 15:52:31 PDT 2021,75,155,-1
1625627814915,Tue Jul 06 20:16:54 PDT 2021,75,156,-1
1625636023856,Tue Jul 06 22:33:43 PDT 2021,75,157,1
1625672969071,Wed Jul 07 08:49:29 PDT 2021,75,160,-1
1625674902185,Wed Jul 07 09:21:42 PDT 2021,75,161,1
1625675254859,Wed Jul 07 09:27:34 PDT 2021,75,162,0
1625676658993,Wed Jul 07 09:50:58 PDT 2021,75,163,-1
1625677875973,Wed Jul 07 10:11:15 PDT 2021,75,166,0
1625693126013,Wed Jul 07 14:25:26 PDT 2021,75,173,-1
1625693966591,Wed Jul 07 14:39:26 PDT 2021,75,174,-1
1625696375787,Wed Jul 07 15:19:35 PDT 2021,75,181,-1
1625697208087,Wed Jul 07 15:33:28 PDT 2021,75,182,0
1625698514364,Wed Jul 07 15:55:14 PDT 2021,75,183,-1
1625700110709,Wed Jul 07 16:21:50 PDT 2021,75,186,0
1625699988974,Wed Jul 07 16:19:48 PDT 2021,75,187,-1
1625700858036,Wed Jul 07 16:34:18 PDT 2021,75,188,-1
1625703229985,Wed Jul 07 17:13:49 PDT 2021,75,189,1
1625710430005,Wed Jul 07 19:13:50 PDT 2021,75,191,0
1625710490995,Wed Jul 07 19:14:50 PDT 2021,75,193,-1
1625710941636,Wed Jul 07 19:22:21 PDT 2021,75,194,-1
1625723000510,Wed Jul 07 22:43:20 PDT 2021,75,196,0
1625772959245,Thu Jul 08 12:35:59 PDT 2021,75,198,-1
1625759367079,Thu Jul 08 08:49:27 PDT 2021,75,199,-1
1625762775030,Thu Jul 08 09:46:15 PDT 2021,75,201,0
1625763841150,Thu Jul 08 10:04:01 PDT 2021,75,203,-1
1625770742170,Thu Jul 08 11:59:02 PDT 2021,75,205,1
1625782394359,Thu Jul 08 15:13:14 PDT 2021,75,207,-1
1625783576526,Thu Jul 08 15:32:56 PDT 2021,75,208,-1
1625786955495,Thu Jul 08 16:29:15 PDT 2021,75,209,-1
1625788335538,Thu Jul 08 16:52:15 PDT 2021,75,210,-1
1625845252530,Fri Jul 09 08:40:52 PDT 2021,75,215,1
1625855463187,Fri Jul 09 11:31:03 PDT 2021,75,217,-1
1625865012901,Fri Jul 09 14:10:12 PDT 2021,75,218,-1
1625868651726,Fri Jul 09 15:10:51 PDT 2021,75,219,-1
1625921804576,Sat Jul 10 05:56:44 PDT 2021,75,223,-1
1625922565757,Sat Jul 10 06:09:25 PDT 2021,75,224,-1
1625929894595,Sat Jul 10 08:11:34 PDT 2021,75,226,-1
1625937818152,Sat Jul 10 10:23:38 PDT 2021,75,227,-1
1625939492897,Sat Jul 10 10:51:32 PDT 2021,75,228,1
1625961691238,Sat Jul 10 17:01:31 PDT 2021,75,231,-1
1625965996069,Sat Jul 10 18:13:16 PDT 2021,75,232,-1
1625982237702,Sat Jul 10 22:43:57 PDT 2021,75,234,-1
1626012735180,Sun Jul 11 07:12:15 PDT 2021,75,236,-1
1626015356086,Sun Jul 11 07:55:56 PDT 2021,75,237,-1
1626015611969,Sun Jul 11 08:00:11 PDT 2021,75,238,1
1626018522362,Sun Jul 11 08:48:42 PDT 2021,75,239,1
1626027448432,Sun Jul 11 11:17:28 PDT 2021,75,240,-1
1626031853327,Sun Jul 11 12:30:53 PDT 2021,75,241,-1
1626033696075,Sun Jul 11 13:01:36 PDT 2021,75,243,-1
1626063794708,Sun Jul 11 21:23:14 PDT 2021,75,248,-1
1626097872385,Mon Jul 12 06:51:12 PDT 2021,75,250,-1
1626160543156,Tue Jul 13 00:15:43 PDT 2021,75,255,-1
1626184318014,Tue Jul 13 06:51:58 PDT 2021,75,256,-1
1626197970621,Tue Jul 13 10:39:30 PDT 2021,75,257,0
1626641176236,Sun Jul 18 13:46:16 PDT 2021,75,258,1
1626213846573,Tue Jul 13 15:04:06 PDT 2021,75,260,-1
1626219010149,Tue Jul 13 16:30:10 PDT 2021,75,262,0
1626220999130,Tue Jul 13 17:03:19 PDT 2021,75,263,1
1626298345144,Wed Jul 14 14:32:25 PDT 2021,75,265,-1
1626383945973,Thu Jul 15 14:19:05 PDT 2021,75,267,-1
1626386137812,Thu Jul 15 14:55:37 PDT 2021,75,271,-1
1626455198537,Fri Jul 16 10:06:38 PDT 2021,75,274,-1
1626472073080,Fri Jul 16 14:47:53 PDT 2021,75,275,-1
1626492941367,Fri Jul 16 20:35:41 PDT 2021,75,276,-1
1626541492898,Sat Jul 17 10:04:52 PDT 2021,75,278,-1
1626545696628,Sat Jul 17 11:14:56 PDT 2021,75,280,0
1626552826100,Sat Jul 17 13:13:46 PDT 2021,75,281,0
1626554099974,Sat Jul 17 13:34:59 PDT 2021,75,282,-1
1626568276514,Sat Jul 17 17:31:16 PDT 2021,75,284,-1
1626584917407,Sat Jul 17 22:08:37 PDT 2021,75,286,1
1626713271029,Mon Jul 19 09:47:51 PDT 2021,75,288,-1
1626720118119,Mon Jul 19 11:41:58 PDT 2021,75,291,-1
1626737378406,Mon Jul 19 16:29:38 PDT 2021,75,294,-1
1626752372131,Mon Jul 19 20:39:32 PDT 2021,75,295,-1
1626792524094,Tue Jul 20 07:48:44 PDT 2021,75,296,-1
1626799110306,Tue Jul 20 09:38:30 PDT 2021,75,298,-1
1626909519992,Wed Jul 21 16:18:39 PDT 2021,75,299,0
1626965139267,Thu Jul 22 07:45:39 PDT 2021,75,300,0
1627000917470,Thu Jul 22 17:41:57 PDT 2021,75,302,-1
1627002746795,Thu Jul 22 18:12:26 PDT 2021,75,303,1
1627009116210,Thu Jul 22 19:58:36 PDT 2021,75,305,-1
1627082482906,Fri Jul 23 16:21:22 PDT 2021,75,308,1
1627083777529,Fri Jul 23 16:42:57 PDT 2021,75,309,1
1627085459604,Fri Jul 23 17:10:59 PDT 2021,75,310,1
1627087210954,Fri Jul 23 17:40:10 PDT 2021,75,311,1
1627088445353,Fri Jul 23 18:00:45 PDT 2021,75,312,1
1627100252013,Fri Jul 23 21:17:32 PDT 2021,75,313,1
1627101179296,Fri Jul 23 21:32:59 PDT 2021,75,314,1
1627101527692,Fri Jul 23 21:38:47 PDT 2021,75,315,-1
1627163168986,Sat Jul 24 14:46:08 PDT 2021,75,317,-1
1627188254108,Sat Jul 24 21:44:14 PDT 2021,75,318,-1
1627191737424,Sat Jul 24 22:42:17 PDT 2021,75,319,0
1627404876314,Tue Jul 27 09:54:36 PDT 2021,75,321,-1
1627407958554,Tue Jul 27 10:45:58 PDT 2021,75,322,0
1627414853135,Tue Jul 27 12:40:53 PDT 2021,75,325,1
1627425430192,Tue Jul 27 15:37:10 PDT 2021,75,326,-1
1627502892873,Wed Jul 28 13:08:12 PDT 2021,75,332,1
1627504256181,Wed Jul 28 13:30:56 PDT 2021,75,334,1
1627505304750,Wed Jul 28 13:48:24 PDT 2021,75,337,1
1627505500238,Wed Jul 28 13:51:40 PDT 2021,75,339,1
1627506073826,Wed Jul 28 14:01:13 PDT 2021,75,340,1
1627506680378,Wed Jul 28 14:11:20 PDT 2021,75,341,1
1627508705858,Wed Jul 28 14:45:05 PDT 2021,75,343,1
1627515489900,Wed Jul 28 16:38:09 PDT 2021,75,348,-1
1627523621920,Wed Jul 28 18:53:41 PDT 2021,75,353,-1
1627522379047,Wed Jul 28 18:32:59 PDT 2021,75,356,-1
1627529335087,Wed Jul 28 20:28:55 PDT 2021,75,357,1
1627532110971,Wed Jul 28 21:15:10 PDT 2021,75,358,1
1627532494820,Wed Jul 28 21:21:34 PDT 2021,75,359,-1
1627536106741,Wed Jul 28 22:21:46 PDT 2021,75,361,0
1627573597229,Thu Jul 29 08:46:37 PDT 2021,75,366,-1
1627579088075,Thu Jul 29 10:18:08 PDT 2021,75,368,-1
1627587305235,Thu Jul 29 12:35:05 PDT 2021,75,373,-1
1627607524520,Thu Jul 29 18:12:04 PDT 2021,75,376,-1
1627613683603,Thu Jul 29 19:54:43 PDT 2021,75,378,-1
1627655462057,Fri Jul 30 07:31:02 PDT 2021,75,380,-1
1627656282695,Fri Jul 30 07:44:42 PDT 2021,75,381,-1
1627664047298,Fri Jul 30 09:54:07 PDT 2021,75,382,-1
1627666682657,Fri Jul 30 10:38:02 PDT 2021,75,384,-1
1627676321485,Fri Jul 30 13:18:41 PDT 2021,75,386,-1
1627680433756,Fri Jul 30 14:27:13 PDT 2021,75,388,-1
1627682210653,Fri Jul 30 14:56:50 PDT 2021,75,389,-1
1627684508595,Fri Jul 30 15:35:08 PDT 2021,75,392,1
1627686284874,Fri Jul 30 16:04:44 PDT 2021,75,394,1
1627689932714,Fri Jul 30 17:05:32 PDT 2021,75,395,-1
1627702817156,Fri Jul 30 20:40:17 PDT 2021,75,396,-1
1627752599165,Sat Jul 31 10:29:59 PDT 2021,75,398,1
1627760081677,Sat Jul 31 12:34:41 PDT 2021,75,400,-1
1627770069288,Sat Jul 31 15:21:09 PDT 2021,75,401,-1
1627771635481,Sat Jul 31 15:47:15 PDT 2021,75,402,-1
1627776429681,Sat Jul 31 17:07:09 PDT 2021,75,403,-1
1627838144047,Sun Aug 01 10:15:44 PDT 2021,75,404,-1
1625023076878,Tue Jun 29 20:17:56 PDT 2021,76,0,1
1625009461326,Tue Jun 29 16:31:01 PDT 2021,76,22,1
1625019640970,Tue Jun 29 19:20:40 PDT 2021,76,24,1
1625019365780,Tue Jun 29 19:16:05 PDT 2021,76,25,-1
1625019956195,Tue Jun 29 19:25:56 PDT 2021,76,26,1
1625021646645,Tue Jun 29 19:54:06 PDT 2021,76,27,1
1625055431936,Wed Jun 30 05:17:11 PDT 2021,76,28,0
1625057809558,Wed Jun 30 05:56:49 PDT 2021,76,30,1
1625064352723,Wed Jun 30 07:45:52 PDT 2021,76,33,-1
1625066253902,Wed Jun 30 08:17:33 PDT 2021,76,34,-1
1625068275567,Wed Jun 30 08:51:15 PDT 2021,76,35,-1
1625068536033,Wed Jun 30 08:55:36 PDT 2021,76,36,1
1625071410528,Wed Jun 30 09:43:30 PDT 2021,76,37,1
1625071946346,Wed Jun 30 09:52:26 PDT 2021,76,38,1
1625082328415,Wed Jun 30 12:45:28 PDT 2021,76,40,0
1625099342486,Wed Jun 30 17:29:02 PDT 2021,76,41,1
1625086216078,Wed Jun 30 13:50:16 PDT 2021,76,42,-1
1625089815814,Wed Jun 30 14:50:15 PDT 2021,76,43,-1
1625093028318,Wed Jun 30 15:43:48 PDT 2021,76,45,1
1625094932488,Wed Jun 30 16:15:32 PDT 2021,76,46,1
1625095166041,Wed Jun 30 16:19:26 PDT 2021,76,47,1
1625095996898,Wed Jun 30 16:33:16 PDT 2021,76,48,-1
1625099088662,Wed Jun 30 17:24:48 PDT 2021,76,50,1
1625100997086,Wed Jun 30 17:56:37 PDT 2021,76,51,1
1625101084900,Wed Jun 30 17:58:04 PDT 2021,76,52,1
1625101639349,Wed Jun 30 18:07:19 PDT 2021,76,53,-1
1625101583208,Wed Jun 30 18:06:23 PDT 2021,76,54,1
1625108218119,Wed Jun 30 19:56:58 PDT 2021,76,55,-1
1625112279420,Wed Jun 30 21:04:39 PDT 2021,76,56,1
1625115979552,Wed Jun 30 22:06:19 PDT 2021,76,57,-1
1625117336635,Wed Jun 30 22:28:56 PDT 2021,76,58,-1
1625117696856,Wed Jun 30 22:34:56 PDT 2021,76,59,1
1625120717657,Wed Jun 30 23:25:17 PDT 2021,76,60,0
1625150651492,Thu Jul 01 07:44:11 PDT 2021,76,61,-1
1625151182761,Thu Jul 01 07:53:02 PDT 2021,76,62,-1
1625153205427,Thu Jul 01 08:26:45 PDT 2021,76,63,-1
1625155492160,Thu Jul 01 09:04:52 PDT 2021,76,64,0
1625157870724,Thu Jul 01 09:44:30 PDT 2021,76,65,0
1625410077532,Sun Jul 04 07:47:57 PDT 2021,76,66,1
1625159788127,Thu Jul 01 10:16:28 PDT 2021,76,68,-1
1625160065384,Thu Jul 01 10:21:05 PDT 2021,76,69,-1
1625167950217,Thu Jul 01 12:32:30 PDT 2021,76,70,-1
1625161789565,Thu Jul 01 10:49:49 PDT 2021,76,71,-1
1625163457102,Thu Jul 01 11:17:37 PDT 2021,76,73,-1
1625163873274,Thu Jul 01 11:24:33 PDT 2021,76,74,0
1625164106737,Thu Jul 01 11:28:26 PDT 2021,76,83,-1
1625164391447,Thu Jul 01 11:33:11 PDT 2021,76,84,-1
1625164928882,Thu Jul 01 11:42:08 PDT 2021,76,85,-1
1625168229308,Thu Jul 01 12:37:09 PDT 2021,76,92,1
1625173325761,Thu Jul 01 14:02:05 PDT 2021,76,93,1
1625174605733,Thu Jul 01 14:23:25 PDT 2021,76,94,-1
1625179605773,Thu Jul 01 15:46:45 PDT 2021,76,95,1
1625183228065,Thu Jul 01 16:47:08 PDT 2021,76,96,-1
1626133713960,Mon Jul 12 16:48:33 PDT 2021,76,98,-1
1625189903124,Thu Jul 01 18:38:23 PDT 2021,76,99,0
1625190215842,Thu Jul 01 18:43:35 PDT 2021,76,100,-1
1625191042357,Thu Jul 01 18:57:22 PDT 2021,76,101,-1
1625200020529,Thu Jul 01 21:27:00 PDT 2021,76,102,-1
1625238101880,Fri Jul 02 08:01:41 PDT 2021,76,103,0
1625241425945,Fri Jul 02 08:57:05 PDT 2021,76,104,-1
1625242336905,Fri Jul 02 09:12:16 PDT 2021,76,106,1
1625246269257,Fri Jul 02 10:17:49 PDT 2021,76,107,1
1625266445796,Fri Jul 02 15:54:05 PDT 2021,76,111,1
1625275925434,Fri Jul 02 18:32:05 PDT 2021,76,112,-1
1625295535854,Fri Jul 02 23:58:55 PDT 2021,76,115,-1
1625329165556,Sat Jul 03 09:19:25 PDT 2021,76,118,1
1625333439724,Sat Jul 03 10:30:39 PDT 2021,76,119,-1
1625361799111,Sat Jul 03 18:23:19 PDT 2021,76,120,1
1625364692174,Sat Jul 03 19:11:32 PDT 2021,76,121,-1
1625365440479,Sat Jul 03 19:24:00 PDT 2021,76,122,1
1625365767392,Sat Jul 03 19:29:27 PDT 2021,76,123,-1
1625375537982,Sat Jul 03 22:12:17 PDT 2021,76,124,1
1625383933491,Sun Jul 04 00:32:13 PDT 2021,76,125,-1
1625410346433,Sun Jul 04 07:52:26 PDT 2021,76,126,0
1625414196277,Sun Jul 04 08:56:36 PDT 2021,76,127,1
1625416071412,Sun Jul 04 09:27:51 PDT 2021,76,130,1
1625424425568,Sun Jul 04 11:47:05 PDT 2021,76,131,1
1625428978108,Sun Jul 04 13:02:58 PDT 2021,76,132,1
1625435660365,Sun Jul 04 14:54:20 PDT 2021,76,135,1
1625436526290,Sun Jul 04 15:08:46 PDT 2021,76,136,-1
1625437089095,Sun Jul 04 15:18:09 PDT 2021,76,137,-1
1625451988802,Sun Jul 04 19:26:28 PDT 2021,76,141,-1
1625454757205,Sun Jul 04 20:12:37 PDT 2021,76,142,1
1625460961505,Sun Jul 04 21:56:01 PDT 2021,76,144,1
1625461981731,Sun Jul 04 22:13:01 PDT 2021,76,145,-1
1625495758806,Mon Jul 05 07:35:58 PDT 2021,76,147,1
1625593933884,Tue Jul 06 10:52:13 PDT 2021,76,151,0
1625602682364,Tue Jul 06 13:18:02 PDT 2021,76,152,1
1625613421784,Tue Jul 06 16:17:01 PDT 2021,76,153,-1
1625611175274,Tue Jul 06 15:39:35 PDT 2021,76,155,-1
1625627386736,Tue Jul 06 20:09:46 PDT 2021,76,156,1
1625635665454,Tue Jul 06 22:27:45 PDT 2021,76,157,1
1625672719230,Wed Jul 07 08:45:19 PDT 2021,76,160,1
1625674501292,Wed Jul 07 09:15:01 PDT 2021,76,161,1
1625675035115,Wed Jul 07 09:23:55 PDT 2021,76,162,0
1625676505024,Wed Jul 07 09:48:25 PDT 2021,76,163,1
1625677350398,Wed Jul 07 10:02:30 PDT 2021,76,165,-1
1625677973681,Wed Jul 07 10:12:53 PDT 2021,76,166,-1
1625677686189,Wed Jul 07 10:08:06 PDT 2021,76,167,0
1625690030872,Wed Jul 07 13:33:50 PDT 2021,76,172,-1
1625693043019,Wed Jul 07 14:24:03 PDT 2021,76,173,-1
1625693891572,Wed Jul 07 14:38:11 PDT 2021,76,174,1
1625694756461,Wed Jul 07 14:52:36 PDT 2021,76,176,0
1625694573908,Wed Jul 07 14:49:33 PDT 2021,76,177,1
1625695726135,Wed Jul 07 15:08:46 PDT 2021,76,178,1
1625696323564,Wed Jul 07 15:18:43 PDT 2021,76,180,-1
1625696637471,Wed Jul 07 15:23:57 PDT 2021,76,181,0
1625697277960,Wed Jul 07 15:34:37 PDT 2021,76,182,1
1625698288939,Wed Jul 07 15:51:28 PDT 2021,76,183,-1
1625699752886,Wed Jul 07 16:15:52 PDT 2021,76,184,0
1625699662579,Wed Jul 07 16:14:22 PDT 2021,76,186,1
1625700551449,Wed Jul 07 16:29:11 PDT 2021,76,187,1
1625700699924,Wed Jul 07 16:31:39 PDT 2021,76,188,1
1625702494694,Wed Jul 07 17:01:34 PDT 2021,76,189,-1
1625707036361,Wed Jul 07 18:17:16 PDT 2021,76,191,1
1625710166636,Wed Jul 07 19:09:26 PDT 2021,76,193,1
1625710739738,Wed Jul 07 19:18:59 PDT 2021,76,194,1
1625722677853,Wed Jul 07 22:37:57 PDT 2021,76,196,1
1625752528650,Thu Jul 08 06:55:28 PDT 2021,76,197,-1
1625755670354,Thu Jul 08 07:47:50 PDT 2021,76,198,1
1625758968441,Thu Jul 08 08:42:48 PDT 2021,76,199,-1
1625762646728,Thu Jul 08 09:44:06 PDT 2021,76,201,1
1625763377021,Thu Jul 08 09:56:17 PDT 2021,76,203,1
1625770217048,Thu Jul 08 11:50:17 PDT 2021,76,205,1
1625772365236,Thu Jul 08 12:26:05 PDT 2021,76,206,1
1625781908275,Thu Jul 08 15:05:08 PDT 2021,76,207,0
1625784161887,Thu Jul 08 15:42:41 PDT 2021,76,208,1
1625786133525,Thu Jul 08 16:15:33 PDT 2021,76,209,-1
1625787325867,Thu Jul 08 16:35:25 PDT 2021,76,210,1
1625801449327,Thu Jul 08 20:30:49 PDT 2021,76,213,1
1625842372819,Fri Jul 09 07:52:52 PDT 2021,76,214,1
1625844509259,Fri Jul 09 08:28:29 PDT 2021,76,215,-1
1625855400507,Fri Jul 09 11:30:00 PDT 2021,76,217,1
1625863329273,Fri Jul 09 13:42:09 PDT 2021,76,218,1
1625868092548,Fri Jul 09 15:01:32 PDT 2021,76,219,1
1625921438022,Sat Jul 10 05:50:38 PDT 2021,76,223,-1
1625922207841,Sat Jul 10 06:03:27 PDT 2021,76,224,1
1625928928650,Sat Jul 10 07:55:28 PDT 2021,76,226,-1
1625932530320,Sat Jul 10 08:55:30 PDT 2021,76,227,1
1625939955554,Sat Jul 10 10:59:15 PDT 2021,76,228,1
1625961676195,Sat Jul 10 17:01:16 PDT 2021,76,231,-1
1625964574193,Sat Jul 10 17:49:34 PDT 2021,76,232,-1
1625971362313,Sat Jul 10 19:42:42 PDT 2021,76,233,0
1625982270558,Sat Jul 10 22:44:30 PDT 2021,76,234,-1
1626012114938,Sun Jul 11 07:01:54 PDT 2021,76,236,-1
1626015217530,Sun Jul 11 07:53:37 PDT 2021,76,237,-1
1626015637274,Sun Jul 11 08:00:37 PDT 2021,76,238,1
1626018536683,Sun Jul 11 08:48:56 PDT 2021,76,239,1
1626027260499,Sun Jul 11 11:14:20 PDT 2021,76,240,1
1626029719890,Sun Jul 11 11:55:19 PDT 2021,76,241,1
1626033344328,Sun Jul 11 12:55:44 PDT 2021,76,243,0
1626055951738,Sun Jul 11 19:12:31 PDT 2021,76,247,1
1626063538495,Sun Jul 11 21:18:58 PDT 2021,76,248,1
1626096906854,Mon Jul 12 06:35:06 PDT 2021,76,249,0
1626097201905,Mon Jul 12 06:40:01 PDT 2021,76,250,1
1626100796155,Mon Jul 12 07:39:56 PDT 2021,76,251,-1
1626160022262,Tue Jul 13 00:07:02 PDT 2021,76,255,-1
1626184202204,Tue Jul 13 06:50:02 PDT 2021,76,256,1
1626198229373,Tue Jul 13 10:43:49 PDT 2021,76,257,0
1626641008964,Sun Jul 18 13:43:28 PDT 2021,76,258,1
1626227918084,Tue Jul 13 18:58:38 PDT 2021,76,259,-1
1626214057083,Tue Jul 13 15:07:37 PDT 2021,76,260,-1
1626215363298,Tue Jul 13 15:29:23 PDT 2021,76,261,1
1626218737539,Tue Jul 13 16:25:37 PDT 2021,76,262,0
1626220628708,Tue Jul 13 16:57:08 PDT 2021,76,263,1
1626234497468,Tue Jul 13 20:48:17 PDT 2021,76,264,0
1626235256433,Tue Jul 13 21:00:56 PDT 2021,76,265,1
1626383217888,Thu Jul 15 14:06:57 PDT 2021,76,267,1
1626360881589,Thu Jul 15 07:54:41 PDT 2021,76,269,1
1626385676282,Thu Jul 15 14:47:56 PDT 2021,76,271,-1
1626455046107,Fri Jul 16 10:04:06 PDT 2021,76,273,1
1626455258552,Fri Jul 16 10:07:38 PDT 2021,76,274,-1
1626471140742,Fri Jul 16 14:32:20 PDT 2021,76,275,-1
1626492558701,Fri Jul 16 20:29:18 PDT 2021,76,276,1
1626540764455,Sat Jul 17 09:52:44 PDT 2021,76,278,1
1626540391469,Sat Jul 17 09:46:31 PDT 2021,76,279,-1
1626544914111,Sat Jul 17 11:01:54 PDT 2021,76,280,1
1626552349548,Sat Jul 17 13:05:49 PDT 2021,76,281,1
1626553405444,Sat Jul 17 13:23:25 PDT 2021,76,282,1
1626567901143,Sat Jul 17 17:25:01 PDT 2021,76,284,1
1626578045346,Sat Jul 17 20:14:05 PDT 2021,76,285,1
1626584516407,Sat Jul 17 22:01:56 PDT 2021,76,286,1
1626713023643,Mon Jul 19 09:43:43 PDT 2021,76,288,0
1626716298232,Mon Jul 19 10:38:18 PDT 2021,76,290,1
1626720301251,Mon Jul 19 11:45:01 PDT 2021,76,291,-1
1626737400073,Mon Jul 19 16:30:00 PDT 2021,76,294,-1
1626751819098,Mon Jul 19 20:30:19 PDT 2021,76,295,-1
1626791987626,Tue Jul 20 07:39:47 PDT 2021,76,296,-1
1626798598050,Tue Jul 20 09:29:58 PDT 2021,76,298,0
1626909095789,Wed Jul 21 16:11:35 PDT 2021,76,299,0
1626965222500,Thu Jul 22 07:47:02 PDT 2021,76,300,-1
1626919069321,Wed Jul 21 18:57:49 PDT 2021,76,301,1
1627000839187,Thu Jul 22 17:40:39 PDT 2021,76,302,-1
1627002418897,Thu Jul 22 18:06:58 PDT 2021,76,303,-1
1627008440610,Thu Jul 22 19:47:20 PDT 2021,76,305,1
1627084007050,Fri Jul 23 16:46:47 PDT 2021,76,309,1
1627084982184,Fri Jul 23 17:03:02 PDT 2021,76,310,1
1627087049156,Fri Jul 23 17:37:29 PDT 2021,76,311,1
1627087843476,Fri Jul 23 17:50:43 PDT 2021,76,312,1
1627100002517,Fri Jul 23 21:13:22 PDT 2021,76,313,1
1627100472535,Fri Jul 23 21:21:12 PDT 2021,76,314,-1
1627101588656,Fri Jul 23 21:39:48 PDT 2021,76,315,1
1627131560438,Sat Jul 24 05:59:20 PDT 2021,76,316,-1
1627163019710,Sat Jul 24 14:43:39 PDT 2021,76,317,-1
1627187437216,Sat Jul 24 21:30:37 PDT 2021,76,318,1
1627191261274,Sat Jul 24 22:34:21 PDT 2021,76,319,-1
1627407456842,Tue Jul 27 10:37:36 PDT 2021,76,322,-1
1627414712885,Tue Jul 27 12:38:32 PDT 2021,76,325,1
1627424749334,Tue Jul 27 15:25:49 PDT 2021,76,326,1
1627439365175,Tue Jul 27 19:29:25 PDT 2021,76,327,0
1627451270947,Tue Jul 27 22:47:50 PDT 2021,76,328,1
1627451494341,Tue Jul 27 22:51:34 PDT 2021,76,329,1
1627502693706,Wed Jul 28 13:04:53 PDT 2021,76,332,1
1627504260302,Wed Jul 28 13:31:00 PDT 2021,76,334,1
1627505227215,Wed Jul 28 13:47:07 PDT 2021,76,337,1
1627505829357,Wed Jul 28 13:57:09 PDT 2021,76,339,1
1627506049396,Wed Jul 28 14:00:49 PDT 2021,76,340,1
1627506757934,Wed Jul 28 14:12:37 PDT 2021,76,341,1
1627508581966,Wed Jul 28 14:43:01 PDT 2021,76,343,1
1627508648431,Wed Jul 28 14:44:08 PDT 2021,76,344,0
1627509009493,Wed Jul 28 14:50:09 PDT 2021,76,345,1
1627511129949,Wed Jul 28 15:25:29 PDT 2021,76,347,1
1627515189245,Wed Jul 28 16:33:09 PDT 2021,76,348,1
1627523049173,Wed Jul 28 18:44:09 PDT 2021,76,353,1
1627521595558,Wed Jul 28 18:19:55 PDT 2021,76,356,1
1627529064493,Wed Jul 28 20:24:24 PDT 2021,76,357,1
1627531858613,Wed Jul 28 21:10:58 PDT 2021,76,358,1
1627532255786,Wed Jul 28 21:17:35 PDT 2021,76,359,-1
1627535881830,Wed Jul 28 22:18:01 PDT 2021,76,361,1
1627543296654,Thu Jul 29 00:21:36 PDT 2021,76,364,1
1627573547022,Thu Jul 29 08:45:47 PDT 2021,76,366,1
1627577141454,Thu Jul 29 09:45:41 PDT 2021,76,367,-1
1627578356434,Thu Jul 29 10:05:56 PDT 2021,76,368,-1
1627583030240,Thu Jul 29 11:23:50 PDT 2021,76,369,1
1627579566368,Thu Jul 29 10:26:06 PDT 2021,76,370,-1
1627586525497,Thu Jul 29 12:22:05 PDT 2021,76,373,-1
1627607606085,Thu Jul 29 18:13:26 PDT 2021,76,376,-1
1627613690873,Thu Jul 29 19:54:50 PDT 2021,76,378,1
1627618015262,Thu Jul 29 21:06:55 PDT 2021,76,379,1
1627654969010,Fri Jul 30 07:22:49 PDT 2021,76,380,1
1627663653449,Fri Jul 30 09:47:33 PDT 2021,76,382,1
1627666928579,Fri Jul 30 10:42:08 PDT 2021,76,384,1
1627675342629,Fri Jul 30 13:02:22 PDT 2021,76,386,1
1627681143883,Fri Jul 30 14:39:03 PDT 2021,76,388,-1
1627682170961,Fri Jul 30 14:56:10 PDT 2021,76,389,1
1627685299792,Fri Jul 30 15:48:19 PDT 2021,76,393,-1
1627686004797,Fri Jul 30 16:00:04 PDT 2021,76,394,1
1627689986521,Fri Jul 30 17:06:26 PDT 2021,76,395,0
1627702335498,Fri Jul 30 20:32:15 PDT 2021,76,396,0
1627752470657,Sat Jul 31 10:27:50 PDT 2021,76,397,1
1627756915613,Sat Jul 31 11:41:55 PDT 2021,76,399,0
1627759816426,Sat Jul 31 12:30:16 PDT 2021,76,400,1
1627769911098,Sat Jul 31 15:18:31 PDT 2021,76,401,1
1627771876590,Sat Jul 31 15:51:16 PDT 2021,76,402,1
1627775448094,Sat Jul 31 16:50:48 PDT 2021,76,403,-1
1627837922522,Sun Aug 01 10:12:02 PDT 2021,76,404,1
1625023060132,Tue Jun 29 20:17:40 PDT 2021,77,0,1
1625009571578,Tue Jun 29 16:32:51 PDT 2021,77,22,1
1625019523107,Tue Jun 29 19:18:43 PDT 2021,77,24,-1
1625019726534,Tue Jun 29 19:22:06 PDT 2021,77,25,0
1625019699941,Tue Jun 29 19:21:39 PDT 2021,77,26,-1
1625021510006,Tue Jun 29 19:51:50 PDT 2021,77,27,1
1625055472223,Wed Jun 30 05:17:52 PDT 2021,77,28,1
1625057628855,Wed Jun 30 05:53:48 PDT 2021,77,30,0
1625064674699,Wed Jun 30 07:51:14 PDT 2021,77,33,-1
1625066321954,Wed Jun 30 08:18:41 PDT 2021,77,34,1
1625068286759,Wed Jun 30 08:51:26 PDT 2021,77,35,0
1625069319429,Wed Jun 30 09:08:39 PDT 2021,77,36,1
1625071818922,Wed Jun 30 09:50:18 PDT 2021,77,37,0
1625072175386,Wed Jun 30 09:56:15 PDT 2021,77,38,-1
1625082407694,Wed Jun 30 12:46:47 PDT 2021,77,40,0
1625099505419,Wed Jun 30 17:31:45 PDT 2021,77,41,1
1625086465378,Wed Jun 30 13:54:25 PDT 2021,77,42,1
1625090011808,Wed Jun 30 14:53:31 PDT 2021,77,43,0
1625092901852,Wed Jun 30 15:41:41 PDT 2021,77,45,-1
1625094839006,Wed Jun 30 16:13:59 PDT 2021,77,46,-1
1625095181073,Wed Jun 30 16:19:41 PDT 2021,77,47,0
1625096290769,Wed Jun 30 16:38:10 PDT 2021,77,48,-1
1625099312081,Wed Jun 30 17:28:32 PDT 2021,77,50,0
1625102705436,Wed Jun 30 18:25:05 PDT 2021,77,52,-1
1625101836202,Wed Jun 30 18:10:36 PDT 2021,77,53,1
1625101270981,Wed Jun 30 18:01:10 PDT 2021,77,54,0
1625108135484,Wed Jun 30 19:55:35 PDT 2021,77,55,-1
1625116385161,Wed Jun 30 22:13:05 PDT 2021,77,57,1
1625117970573,Wed Jun 30 22:39:30 PDT 2021,77,59,-1
1625150723734,Thu Jul 01 07:45:23 PDT 2021,77,61,-1
1625151478606,Thu Jul 01 07:57:58 PDT 2021,77,62,-1
1625153158994,Thu Jul 01 08:25:58 PDT 2021,77,63,0
1625155871991,Thu Jul 01 09:11:11 PDT 2021,77,64,1
1625157895228,Thu Jul 01 09:44:55 PDT 2021,77,65,0
1625158829506,Thu Jul 01 10:00:29 PDT 2021,77,66,-1
1625159772989,Thu Jul 01 10:16:12 PDT 2021,77,68,-1
1625159985837,Thu Jul 01 10:19:45 PDT 2021,77,69,-1
1625167922639,Thu Jul 01 12:32:02 PDT 2021,77,70,-1
1625162744506,Thu Jul 01 11:05:44 PDT 2021,77,71,-1
1625163322702,Thu Jul 01 11:15:22 PDT 2021,77,73,-1
1625164432827,Thu Jul 01 11:33:52 PDT 2021,77,74,0
1625164979990,Thu Jul 01 11:42:59 PDT 2021,77,85,-1
1625165242380,Thu Jul 01 11:47:22 PDT 2021,77,86,-1
1625168805055,Thu Jul 01 12:46:45 PDT 2021,77,92,-1
1625173975401,Thu Jul 01 14:12:55 PDT 2021,77,93,0
1625174947702,Thu Jul 01 14:29:07 PDT 2021,77,94,0
1625179543558,Thu Jul 01 15:45:43 PDT 2021,77,95,-1
1625183069307,Thu Jul 01 16:44:29 PDT 2021,77,96,-1
1626145098845,Mon Jul 12 19:58:18 PDT 2021,77,98,0
1625190812074,Thu Jul 01 18:53:32 PDT 2021,77,100,-1
1625190962841,Thu Jul 01 18:56:02 PDT 2021,77,101,-1
1625200088444,Thu Jul 01 21:28:08 PDT 2021,77,102,1
1625238043693,Fri Jul 02 08:00:43 PDT 2021,77,103,-1
1625241934424,Fri Jul 02 09:05:34 PDT 2021,77,104,-1
1625241767792,Fri Jul 02 09:02:47 PDT 2021,77,105,0
1625241948562,Fri Jul 02 09:05:48 PDT 2021,77,106,-1
1625245743309,Fri Jul 02 10:09:03 PDT 2021,77,107,-1
1625251726555,Fri Jul 02 11:48:46 PDT 2021,77,108,0
1625266408849,Fri Jul 02 15:53:28 PDT 2021,77,111,-1
1625274952155,Fri Jul 02 18:15:52 PDT 2021,77,112,-1
1625329340024,Sat Jul 03 09:22:20 PDT 2021,77,118,1
1625333912480,Sat Jul 03 10:38:32 PDT 2021,77,119,-1
1625362161242,Sat Jul 03 18:29:21 PDT 2021,77,120,0
1625364891342,Sat Jul 03 19:14:51 PDT 2021,77,121,-1
1625365729462,Sat Jul 03 19:28:49 PDT 2021,77,122,1
1625366322654,Sat Jul 03 19:38:42 PDT 2021,77,123,0
1625375716951,Sat Jul 03 22:15:16 PDT 2021,77,124,0
1625384366113,Sun Jul 04 00:39:26 PDT 2021,77,125,0
1625414697364,Sun Jul 04 09:04:57 PDT 2021,77,127,0
1625424557059,Sun Jul 04 11:49:17 PDT 2021,77,131,-1
1625428814746,Sun Jul 04 13:00:14 PDT 2021,77,132,1
1625435798608,Sun Jul 04 14:56:38 PDT 2021,77,135,0
1625436948690,Sun Jul 04 15:15:48 PDT 2021,77,136,0
1625437187720,Sun Jul 04 15:19:47 PDT 2021,77,137,1
1625452350291,Sun Jul 04 19:32:30 PDT 2021,77,141,-1
1625454837779,Sun Jul 04 20:13:57 PDT 2021,77,142,-1
1625463331060,Sun Jul 04 22:35:31 PDT 2021,77,145,0
1625496578920,Mon Jul 05 07:49:38 PDT 2021,77,147,0
1625593872672,Tue Jul 06 10:51:12 PDT 2021,77,151,0
1625602605325,Tue Jul 06 13:16:45 PDT 2021,77,152,0
1625598081863,Tue Jul 06 12:01:21 PDT 2021,77,153,-1
1625611279510,Tue Jul 06 15:41:19 PDT 2021,77,155,1
1625627622506,Tue Jul 06 20:13:42 PDT 2021,77,156,1
1625636076514,Tue Jul 06 22:34:36 PDT 2021,77,157,1
1625673207752,Wed Jul 07 08:53:27 PDT 2021,77,160,0
1625674886922,Wed Jul 07 09:21:26 PDT 2021,77,161,-1
1625675353064,Wed Jul 07 09:29:13 PDT 2021,77,162,1
1625676610678,Wed Jul 07 09:50:10 PDT 2021,77,163,-1
1625678607244,Wed Jul 07 10:23:27 PDT 2021,77,166,-1
1625677831545,Wed Jul 07 10:10:31 PDT 2021,77,168,0
1625693774950,Wed Jul 07 14:36:14 PDT 2021,77,173,0
1625694295665,Wed Jul 07 14:44:55 PDT 2021,77,174,-1
1625696854466,Wed Jul 07 15:27:34 PDT 2021,77,181,-1
1625697202572,Wed Jul 07 15:33:22 PDT 2021,77,182,1
1625698031202,Wed Jul 07 15:47:11 PDT 2021,77,183,1
1625700142806,Wed Jul 07 16:22:22 PDT 2021,77,186,0
1625700951402,Wed Jul 07 16:35:51 PDT 2021,77,187,0
1625700727420,Wed Jul 07 16:32:07 PDT 2021,77,188,1
1625702485508,Wed Jul 07 17:01:25 PDT 2021,77,189,-1
1625710450502,Wed Jul 07 19:14:10 PDT 2021,77,191,0
1625710332719,Wed Jul 07 19:12:12 PDT 2021,77,193,0
1625710879548,Wed Jul 07 19:21:19 PDT 2021,77,194,-1
1625722622606,Wed Jul 07 22:37:02 PDT 2021,77,196,1
1625753235277,Thu Jul 08 07:07:15 PDT 2021,77,197,-1
1625756012275,Thu Jul 08 07:53:32 PDT 2021,77,198,-1
1625759535008,Thu Jul 08 08:52:15 PDT 2021,77,199,1
1625762740209,Thu Jul 08 09:45:40 PDT 2021,77,201,-1
1625763568542,Thu Jul 08 09:59:28 PDT 2021,77,203,0
1625770547981,Thu Jul 08 11:55:47 PDT 2021,77,205,1
1625781935538,Thu Jul 08 15:05:35 PDT 2021,77,207,0
1625784367465,Thu Jul 08 15:46:07 PDT 2021,77,208,-1
1625786518560,Thu Jul 08 16:21:58 PDT 2021,77,209,0
1625842233246,Fri Jul 09 07:50:33 PDT 2021,77,214,-1
1625845060712,Fri Jul 09 08:37:40 PDT 2021,77,215,-1
1625855517146,Fri Jul 09 11:31:57 PDT 2021,77,217,-1
1625863449459,Fri Jul 09 13:44:09 PDT 2021,77,218,0
1625868381834,Fri Jul 09 15:06:21 PDT 2021,77,219,0
1625921863576,Sat Jul 10 05:57:43 PDT 2021,77,223,0
1625922554496,Sat Jul 10 06:09:14 PDT 2021,77,224,-1
1625929595482,Sat Jul 10 08:06:35 PDT 2021,77,226,-1
1625961410245,Sat Jul 10 16:56:50 PDT 2021,77,231,-1
1625964392444,Sat Jul 10 17:46:32 PDT 2021,77,232,0
1625982287644,Sat Jul 10 22:44:47 PDT 2021,77,234,-1
1626012251606,Sun Jul 11 07:04:11 PDT 2021,77,236,-1
1626015570635,Sun Jul 11 07:59:30 PDT 2021,77,237,-1
1626015264767,Sun Jul 11 07:54:24 PDT 2021,77,238,-1
1626018673167,Sun Jul 11 08:51:13 PDT 2021,77,239,0
1626027542982,Sun Jul 11 11:19:02 PDT 2021,77,240,-1
1626031936485,Sun Jul 11 12:32:16 PDT 2021,77,241,-1
1626033938697,Sun Jul 11 13:05:38 PDT 2021,77,243,-1
1626063449612,Sun Jul 11 21:17:29 PDT 2021,77,248,1
1626097359520,Mon Jul 12 06:42:39 PDT 2021,77,250,-1
1626101140218,Mon Jul 12 07:45:40 PDT 2021,77,251,1
1626160534991,Tue Jul 13 00:15:34 PDT 2021,77,255,0
1626184273128,Tue Jul 13 06:51:13 PDT 2021,77,256,-1
1626198043896,Tue Jul 13 10:40:43 PDT 2021,77,257,0
1626214245220,Tue Jul 13 15:10:45 PDT 2021,77,260,-1
1626298417436,Wed Jul 14 14:33:37 PDT 2021,77,265,-1
1626383418846,Thu Jul 15 14:10:18 PDT 2021,77,267,-1
1626360627687,Thu Jul 15 07:50:27 PDT 2021,77,269,0
1626385865301,Thu Jul 15 14:51:05 PDT 2021,77,271,0
1626456312519,Fri Jul 16 10:25:12 PDT 2021,77,274,0
1626472081880,Fri Jul 16 14:48:01 PDT 2021,77,275,-1
1626493105270,Fri Jul 16 20:38:25 PDT 2021,77,276,1
1626540964132,Sat Jul 17 09:56:04 PDT 2021,77,278,1
1626540351618,Sat Jul 17 09:45:51 PDT 2021,77,279,0
1626545373538,Sat Jul 17 11:09:33 PDT 2021,77,280,1
1626552544850,Sat Jul 17 13:09:04 PDT 2021,77,281,0
1626554094835,Sat Jul 17 13:34:54 PDT 2021,77,282,0
1626568077308,Sat Jul 17 17:27:57 PDT 2021,77,284,1
1626584751587,Sat Jul 17 22:05:51 PDT 2021,77,286,1
1626713005712,Mon Jul 19 09:43:25 PDT 2021,77,288,1
1626716618530,Mon Jul 19 10:43:38 PDT 2021,77,290,1
1626720690393,Mon Jul 19 11:51:30 PDT 2021,77,291,1
1626739238402,Mon Jul 19 17:00:38 PDT 2021,77,292,0
1626737920086,Mon Jul 19 16:38:40 PDT 2021,77,294,-1
1626752078623,Mon Jul 19 20:34:38 PDT 2021,77,295,-1
1626792087088,Tue Jul 20 07:41:27 PDT 2021,77,296,-1
1626799260844,Tue Jul 20 09:41:00 PDT 2021,77,298,-1
1626908839725,Wed Jul 21 16:07:19 PDT 2021,77,299,1
1626965365763,Thu Jul 22 07:49:25 PDT 2021,77,300,0
1626919334466,Wed Jul 21 19:02:14 PDT 2021,77,301,1
1627001450275,Thu Jul 22 17:50:50 PDT 2021,77,302,0
1627002588078,Thu Jul 22 18:09:48 PDT 2021,77,303,-1
1627008845404,Thu Jul 22 19:54:05 PDT 2021,77,305,-1
1627083761450,Fri Jul 23 16:42:41 PDT 2021,77,309,1
1627085182262,Fri Jul 23 17:06:22 PDT 2021,77,310,1
1627086671845,Fri Jul 23 17:31:11 PDT 2021,77,311,1
1627088423213,Fri Jul 23 18:00:23 PDT 2021,77,312,1
1627099684963,Fri Jul 23 21:08:04 PDT 2021,77,313,1
1627100773032,Fri Jul 23 21:26:13 PDT 2021,77,314,1
1627101602612,Fri Jul 23 21:40:02 PDT 2021,77,315,1
1627163314306,Sat Jul 24 14:48:34 PDT 2021,77,317,-1
1627187464732,Sat Jul 24 21:31:04 PDT 2021,77,318,1
1627191969040,Sat Jul 24 22:46:09 PDT 2021,77,319,1
1627407800791,Tue Jul 27 10:43:20 PDT 2021,77,322,1
1627414800488,Tue Jul 27 12:40:00 PDT 2021,77,325,1
1627699476787,Fri Jul 30 19:44:36 PDT 2021,77,326,0
1627502926077,Wed Jul 28 13:08:46 PDT 2021,77,332,1
1627504048155,Wed Jul 28 13:27:28 PDT 2021,77,335,0
1627505162822,Wed Jul 28 13:46:02 PDT 2021,77,337,1
1627505846305,Wed Jul 28 13:57:26 PDT 2021,77,339,1
1627506715981,Wed Jul 28 14:11:55 PDT 2021,77,341,1
1627506972022,Wed Jul 28 14:16:12 PDT 2021,77,342,1
1627508859441,Wed Jul 28 14:47:39 PDT 2021,77,343,1
1627508970480,Wed Jul 28 14:49:30 PDT 2021,77,345,0
1627515447031,Wed Jul 28 16:37:27 PDT 2021,77,348,-1
1627515375156,Wed Jul 28 16:36:15 PDT 2021,77,350,1
1627523343131,Wed Jul 28 18:49:03 PDT 2021,77,353,-1
1627521833597,Wed Jul 28 18:23:53 PDT 2021,77,356,-1
1627529890108,Wed Jul 28 20:38:10 PDT 2021,77,357,1
1627532043627,Wed Jul 28 21:14:03 PDT 2021,77,358,1
1627532428933,Wed Jul 28 21:20:28 PDT 2021,77,359,1
1627536114727,Wed Jul 28 22:21:54 PDT 2021,77,361,0
1627544584211,Thu Jul 29 00:43:04 PDT 2021,77,364,0
1627573305751,Thu Jul 29 08:41:45 PDT 2021,77,366,-1
1627578035498,Thu Jul 29 10:00:35 PDT 2021,77,368,-1
1627583072497,Thu Jul 29 11:24:32 PDT 2021,77,369,1
1627587061734,Thu Jul 29 12:31:01 PDT 2021,77,373,0
1627607930665,Thu Jul 29 18:18:50 PDT 2021,77,376,1
1627612002942,Thu Jul 29 19:26:42 PDT 2021,77,377,1
1627614063183,Thu Jul 29 20:01:03 PDT 2021,77,378,0
1627655067246,Fri Jul 30 07:24:27 PDT 2021,77,380,0
1627656500800,Fri Jul 30 07:48:20 PDT 2021,77,381,0
1627663709179,Fri Jul 30 09:48:29 PDT 2021,77,382,1
1627667548037,Fri Jul 30 10:52:28 PDT 2021,77,384,-1
1627675425528,Fri Jul 30 13:03:45 PDT 2021,77,386,-1
1627680097591,Fri Jul 30 14:21:37 PDT 2021,77,388,0
1627682668320,Fri Jul 30 15:04:28 PDT 2021,77,389,1
1627686348632,Fri Jul 30 16:05:48 PDT 2021,77,394,1
1627702771399,Fri Jul 30 20:39:31 PDT 2021,77,396,0
1627770230225,Sat Jul 31 15:23:50 PDT 2021,77,401,0
1627772214243,Sat Jul 31 15:56:54 PDT 2021,77,402,1
1627775721383,Sat Jul 31 16:55:21 PDT 2021,77,403,-1
1627838096021,Sun Aug 01 10:14:56 PDT 2021,77,404,1
1625023037959,Tue Jun 29 20:17:17 PDT 2021,78,0,1
1625009707418,Tue Jun 29 16:35:07 PDT 2021,78,22,1
1625019654720,Tue Jun 29 19:20:54 PDT 2021,78,24,1
1625019702698,Tue Jun 29 19:21:42 PDT 2021,78,25,1
1625019774634,Tue Jun 29 19:22:54 PDT 2021,78,26,1
1625021607769,Tue Jun 29 19:53:27 PDT 2021,78,27,1
1625055386160,Wed Jun 30 05:16:26 PDT 2021,78,28,1
1625057029747,Wed Jun 30 05:43:49 PDT 2021,78,29,1
1625057839220,Wed Jun 30 05:57:19 PDT 2021,78,30,1
1625064538169,Wed Jun 30 07:48:58 PDT 2021,78,33,1
1625066122230,Wed Jun 30 08:15:22 PDT 2021,78,34,1
1625068356433,Wed Jun 30 08:52:36 PDT 2021,78,35,1
1625069035318,Wed Jun 30 09:03:55 PDT 2021,78,36,1
1625071650049,Wed Jun 30 09:47:30 PDT 2021,78,37,1
1625071854317,Wed Jun 30 09:50:54 PDT 2021,78,38,1
1625082238379,Wed Jun 30 12:43:58 PDT 2021,78,40,1
1625098997606,Wed Jun 30 17:23:17 PDT 2021,78,41,1
1625085942845,Wed Jun 30 13:45:42 PDT 2021,78,42,1
1625089585772,Wed Jun 30 14:46:25 PDT 2021,78,43,1
1625092121230,Wed Jun 30 15:28:41 PDT 2021,78,44,1
1625093036083,Wed Jun 30 15:43:56 PDT 2021,78,45,1
1625095056084,Wed Jun 30 16:17:36 PDT 2021,78,46,1
1625095098813,Wed Jun 30 16:18:18 PDT 2021,78,47,1
1625095889141,Wed Jun 30 16:31:29 PDT 2021,78,48,1
1625099382654,Wed Jun 30 17:29:42 PDT 2021,78,50,1
1625101027640,Wed Jun 30 17:57:07 PDT 2021,78,52,1
1625101664073,Wed Jun 30 18:07:44 PDT 2021,78,53,1
1625101164393,Wed Jun 30 17:59:24 PDT 2021,78,54,1
1625108260753,Wed Jun 30 19:57:40 PDT 2021,78,55,1
1625112188383,Wed Jun 30 21:03:08 PDT 2021,78,56,1
1625116265015,Wed Jun 30 22:11:05 PDT 2021,78,57,1
1625118240462,Wed Jun 30 22:44:00 PDT 2021,78,59,1
1625150376266,Thu Jul 01 07:39:36 PDT 2021,78,61,1
1625151105153,Thu Jul 01 07:51:45 PDT 2021,78,62,1
1625154084238,Thu Jul 01 08:41:24 PDT 2021,78,63,1
1625155659283,Thu Jul 01 09:07:39 PDT 2021,78,64,1
1625158084892,Thu Jul 01 09:48:04 PDT 2021,78,65,1
1625158810986,Thu Jul 01 10:00:10 PDT 2021,78,66,1
1625159516026,Thu Jul 01 10:11:56 PDT 2021,78,68,1
1625159757347,Thu Jul 01 10:15:57 PDT 2021,78,69,1
1625167890003,Thu Jul 01 12:31:30 PDT 2021,78,70,1
1625162608693,Thu Jul 01 11:03:28 PDT 2021,78,71,-1
1625163393663,Thu Jul 01 11:16:33 PDT 2021,78,73,-1
1625163712922,Thu Jul 01 11:21:52 PDT 2021,78,74,0
1625164241311,Thu Jul 01 11:30:41 PDT 2021,78,83,-1
1625164623025,Thu Jul 01 11:37:03 PDT 2021,78,85,-1
1625165371234,Thu Jul 01 11:49:31 PDT 2021,78,86,1
1625168309946,Thu Jul 01 12:38:29 PDT 2021,78,92,1
1625173983730,Thu Jul 01 14:13:03 PDT 2021,78,93,1
1625174440414,Thu Jul 01 14:20:40 PDT 2021,78,94,1
1625175205589,Thu Jul 01 14:33:25 PDT 2021,78,95,1
1625182837368,Thu Jul 01 16:40:37 PDT 2021,78,96,1
1625186525087,Thu Jul 01 17:42:05 PDT 2021,78,98,1
1625190286678,Thu Jul 01 18:44:46 PDT 2021,78,100,1
1625191009913,Thu Jul 01 18:56:49 PDT 2021,78,101,1
1625200058842,Thu Jul 01 21:27:38 PDT 2021,78,102,1
1625238085908,Fri Jul 02 08:01:25 PDT 2021,78,103,-1
1625241190849,Fri Jul 02 08:53:10 PDT 2021,78,104,1
1625242057345,Fri Jul 02 09:07:37 PDT 2021,78,106,1
1625245605581,Fri Jul 02 10:06:45 PDT 2021,78,107,1
1625251626214,Fri Jul 02 11:47:06 PDT 2021,78,108,1
1625266858280,Fri Jul 02 16:00:58 PDT 2021,78,111,1
1625274657440,Fri Jul 02 18:10:57 PDT 2021,78,112,1
1625320415180,Sat Jul 03 06:53:35 PDT 2021,78,116,1
1625329115058,Sat Jul 03 09:18:35 PDT 2021,78,118,0
1625333252130,Sat Jul 03 10:27:32 PDT 2021,78,119,1
1625361751392,Sat Jul 03 18:22:31 PDT 2021,78,120,1
1625364874608,Sat Jul 03 19:14:34 PDT 2021,78,121,-1
1625365148270,Sat Jul 03 19:19:08 PDT 2021,78,122,0
1625365888360,Sat Jul 03 19:31:28 PDT 2021,78,123,1
1625374473468,Sat Jul 03 21:54:33 PDT 2021,78,124,1
1625383848973,Sun Jul 04 00:30:48 PDT 2021,78,125,1
1625410513381,Sun Jul 04 07:55:13 PDT 2021,78,126,1
1625413478220,Sun Jul 04 08:44:38 PDT 2021,78,127,1
1625424725294,Sun Jul 04 11:52:05 PDT 2021,78,131,1
1625428860102,Sun Jul 04 13:01:00 PDT 2021,78,132,1
1625428809514,Sun Jul 04 13:00:09 PDT 2021,78,133,1
1625435917725,Sun Jul 04 14:58:37 PDT 2021,78,135,1
1625436340263,Sun Jul 04 15:05:40 PDT 2021,78,136,1
1625436998942,Sun Jul 04 15:16:38 PDT 2021,78,137,1
1625452101723,Sun Jul 04 19:28:21 PDT 2021,78,141,1
1625461287468,Sun Jul 04 22:01:27 PDT 2021,78,144,1
1625462576022,Sun Jul 04 22:22:56 PDT 2021,78,145,1
1625496176351,Mon Jul 05 07:42:56 PDT 2021,78,147,1
1625528750026,Mon Jul 05 16:45:50 PDT 2021,78,148,0
1625593937667,Tue Jul 06 10:52:17 PDT 2021,78,151,1
1625602798692,Tue Jul 06 13:19:58 PDT 2021,78,152,1
1625597984672,Tue Jul 06 11:59:44 PDT 2021,78,153,1
1625601368080,Tue Jul 06 12:56:08 PDT 2021,78,154,1
1625611272257,Tue Jul 06 15:41:12 PDT 2021,78,155,1
1625626976714,Tue Jul 06 20:02:56 PDT 2021,78,156,1
1625635848940,Tue Jul 06 22:30:48 PDT 2021,78,157,1
1625673128463,Wed Jul 07 08:52:08 PDT 2021,78,160,0
1625674577778,Wed Jul 07 09:16:17 PDT 2021,78,161,1
1625674960308,Wed Jul 07 09:22:40 PDT 2021,78,162,1
1625676420458,Wed Jul 07 09:47:00 PDT 2021,78,163,1
1625678038794,Wed Jul 07 10:13:58 PDT 2021,78,166,1
1625693895825,Wed Jul 07 14:38:15 PDT 2021,78,173,1
1625694089588,Wed Jul 07 14:41:29 PDT 2021,78,174,1
1625696482882,Wed Jul 07 15:21:22 PDT 2021,78,180,1
1625696489656,Wed Jul 07 15:21:29 PDT 2021,78,181,1
1625697922224,Wed Jul 07 15:45:22 PDT 2021,78,183,1
1625699633675,Wed Jul 07 16:13:53 PDT 2021,78,186,1
1625700478216,Wed Jul 07 16:27:58 PDT 2021,78,187,1
1625700646504,Wed Jul 07 16:30:46 PDT 2021,78,188,1
1625702862667,Wed Jul 07 17:07:42 PDT 2021,78,189,1
1625709592754,Wed Jul 07 18:59:52 PDT 2021,78,191,1
1625709988227,Wed Jul 07 19:06:28 PDT 2021,78,193,1
1625710452396,Wed Jul 07 19:14:12 PDT 2021,78,194,1
1625722680896,Wed Jul 07 22:38:00 PDT 2021,78,196,1
1625752613633,Thu Jul 08 06:56:53 PDT 2021,78,197,1
1625755451940,Thu Jul 08 07:44:11 PDT 2021,78,198,1
1625758893163,Thu Jul 08 08:41:33 PDT 2021,78,199,1
1625760260721,Thu Jul 08 09:04:20 PDT 2021,78,200,1
1625762596485,Thu Jul 08 09:43:16 PDT 2021,78,201,-1
1625763638179,Thu Jul 08 10:00:38 PDT 2021,78,203,1
1625770649272,Thu Jul 08 11:57:29 PDT 2021,78,205,1
1625772358996,Thu Jul 08 12:25:58 PDT 2021,78,206,1
1625781992762,Thu Jul 08 15:06:32 PDT 2021,78,207,1
1625783732262,Thu Jul 08 15:35:32 PDT 2021,78,208,1
1625786283649,Thu Jul 08 16:18:03 PDT 2021,78,209,1
1625787131981,Thu Jul 08 16:32:11 PDT 2021,78,210,1
1625796248689,Thu Jul 08 19:04:08 PDT 2021,78,212,1
1625842453719,Fri Jul 09 07:54:13 PDT 2021,78,214,-1
1625844435598,Fri Jul 09 08:27:15 PDT 2021,78,215,1
1625853013535,Fri Jul 09 10:50:13 PDT 2021,78,216,0
1625855874257,Fri Jul 09 11:37:54 PDT 2021,78,217,1
1625863809417,Fri Jul 09 13:50:09 PDT 2021,78,218,0
1625868066624,Fri Jul 09 15:01:06 PDT 2021,78,219,1
1625921161000,Sat Jul 10 05:46:01 PDT 2021,78,223,1
1625922298470,Sat Jul 10 06:04:58 PDT 2021,78,224,1
1625926473474,Sat Jul 10 07:14:33 PDT 2021,78,225,-1
1625929438708,Sat Jul 10 08:03:58 PDT 2021,78,226,1
1625937837316,Sat Jul 10 10:23:57 PDT 2021,78,227,1
1625939317370,Sat Jul 10 10:48:37 PDT 2021,78,228,1
1625961652489,Sat Jul 10 17:00:52 PDT 2021,78,231,1
1625964756490,Sat Jul 10 17:52:36 PDT 2021,78,232,1
1625971737819,Sat Jul 10 19:48:57 PDT 2021,78,233,1
1625982317809,Sat Jul 10 22:45:17 PDT 2021,78,234,1
1626012153376,Sun Jul 11 07:02:33 PDT 2021,78,236,1
1626014943026,Sun Jul 11 07:49:03 PDT 2021,78,237,1
1626015120638,Sun Jul 11 07:52:00 PDT 2021,78,238,1
1626018145439,Sun Jul 11 08:42:25 PDT 2021,78,239,0
1626027263768,Sun Jul 11 11:14:23 PDT 2021,78,240,1
1626029831611,Sun Jul 11 11:57:11 PDT 2021,78,241,1
1626033572437,Sun Jul 11 12:59:32 PDT 2021,78,243,1
1626050991654,Sun Jul 11 17:49:51 PDT 2021,78,246,1
1626055881326,Sun Jul 11 19:11:21 PDT 2021,78,247,1
1626063338884,Sun Jul 11 21:15:38 PDT 2021,78,248,1
1626097439896,Mon Jul 12 06:43:59 PDT 2021,78,249,1
1626097152502,Mon Jul 12 06:39:12 PDT 2021,78,250,1
1626100906448,Mon Jul 12 07:41:46 PDT 2021,78,251,1
1626103860461,Mon Jul 12 08:31:00 PDT 2021,78,252,1
1626160077841,Tue Jul 13 00:07:57 PDT 2021,78,255,1
1626184247598,Tue Jul 13 06:50:47 PDT 2021,78,256,1
1626197991299,Tue Jul 13 10:39:51 PDT 2021,78,257,1
1626228114007,Tue Jul 13 19:01:54 PDT 2021,78,259,1
1626214064155,Tue Jul 13 15:07:44 PDT 2021,78,260,1
1626274903298,Wed Jul 14 08:01:43 PDT 2021,78,265,1
1626383788281,Thu Jul 15 14:16:28 PDT 2021,78,267,1
1626385602984,Thu Jul 15 14:46:42 PDT 2021,78,271,1
1626455464539,Fri Jul 16 10:11:04 PDT 2021,78,274,1
1626471841879,Fri Jul 16 14:44:01 PDT 2021,78,275,1
1626492626184,Fri Jul 16 20:30:26 PDT 2021,78,276,-1
1626540781045,Sat Jul 17 09:53:01 PDT 2021,78,278,1
1626540812970,Sat Jul 17 09:53:32 PDT 2021,78,279,1
1626545767761,Sat Jul 17 11:16:07 PDT 2021,78,280,1
1626552488748,Sat Jul 17 13:08:08 PDT 2021,78,281,1
1626553462324,Sat Jul 17 13:24:22 PDT 2021,78,282,1
1626570953359,Sat Jul 17 18:15:53 PDT 2021,78,284,1
1626584610545,Sat Jul 17 22:03:30 PDT 2021,78,286,1
1626712925412,Mon Jul 19 09:42:05 PDT 2021,78,288,0
1626716417042,Mon Jul 19 10:40:17 PDT 2021,78,290,1
1626719789233,Mon Jul 19 11:36:29 PDT 2021,78,291,1
1626724260528,Mon Jul 19 12:51:00 PDT 2021,78,292,1
1626737434748,Mon Jul 19 16:30:34 PDT 2021,78,294,1
1626752190448,Mon Jul 19 20:36:30 PDT 2021,78,295,1
1626791619080,Tue Jul 20 07:33:39 PDT 2021,78,296,1
1626798625416,Tue Jul 20 09:30:25 PDT 2021,78,298,1
1626908082771,Wed Jul 21 15:54:42 PDT 2021,78,299,1
1626964992541,Thu Jul 22 07:43:12 PDT 2021,78,300,1
1626919168206,Wed Jul 21 18:59:28 PDT 2021,78,301,1
1627001174724,Thu Jul 22 17:46:14 PDT 2021,78,302,1
1627002456831,Thu Jul 22 18:07:36 PDT 2021,78,303,-1
1627008385260,Thu Jul 22 19:46:25 PDT 2021,78,305,1
1627082519924,Fri Jul 23 16:21:59 PDT 2021,78,308,1
1627084038819,Fri Jul 23 16:47:18 PDT 2021,78,309,1
1627085331167,Fri Jul 23 17:08:51 PDT 2021,78,310,1
1627086719760,Fri Jul 23 17:31:59 PDT 2021,78,311,1
1627088033800,Fri Jul 23 17:53:53 PDT 2021,78,312,1
1627099881354,Fri Jul 23 21:11:21 PDT 2021,78,313,1
1627100993880,Fri Jul 23 21:29:53 PDT 2021,78,314,1
1627101898129,Fri Jul 23 21:44:58 PDT 2021,78,315,1
1627162983730,Sat Jul 24 14:43:03 PDT 2021,78,317,1
1627187749043,Sat Jul 24 21:35:49 PDT 2021,78,318,1
1627191482620,Sat Jul 24 22:38:02 PDT 2021,78,319,1
1627407665402,Tue Jul 27 10:41:05 PDT 2021,78,322,1
1627414798147,Tue Jul 27 12:39:58 PDT 2021,78,325,1
1627424761136,Tue Jul 27 15:26:01 PDT 2021,78,326,1
1627502942885,Wed Jul 28 13:09:02 PDT 2021,78,332,1
1627503033644,Wed Jul 28 13:10:33 PDT 2021,78,333,1
1627504241351,Wed Jul 28 13:30:41 PDT 2021,78,334,1
1627505087452,Wed Jul 28 13:44:47 PDT 2021,78,337,1
1627505851299,Wed Jul 28 13:57:31 PDT 2021,78,339,1
1627506646603,Wed Jul 28 14:10:46 PDT 2021,78,341,1
1627508973669,Wed Jul 28 14:49:33 PDT 2021,78,343,1
1627508580305,Wed Jul 28 14:43:00 PDT 2021,78,344,0
1627515158387,Wed Jul 28 16:32:38 PDT 2021,78,348,1
1627515476873,Wed Jul 28 16:37:56 PDT 2021,78,350,1
1627523375741,Wed Jul 28 18:49:35 PDT 2021,78,353,1
1627521637300,Wed Jul 28 18:20:37 PDT 2021,78,356,1
1627529950958,Wed Jul 28 20:39:10 PDT 2021,78,357,1
1627532220253,Wed Jul 28 21:17:00 PDT 2021,78,358,0
1627535869237,Wed Jul 28 22:17:49 PDT 2021,78,361,1
1627544127945,Thu Jul 29 00:35:27 PDT 2021,78,364,1
1627568118174,Thu Jul 29 07:15:18 PDT 2021,78,365,1
1627573541854,Thu Jul 29 08:45:41 PDT 2021,78,366,-1
1627578197457,Thu Jul 29 10:03:17 PDT 2021,78,368,1
1627577913235,Thu Jul 29 09:58:33 PDT 2021,78,369,1
1627586645170,Thu Jul 29 12:24:05 PDT 2021,78,373,1
1627609008175,Thu Jul 29 18:36:48 PDT 2021,78,376,1
1627611795458,Thu Jul 29 19:23:15 PDT 2021,78,377,1
1627614053591,Thu Jul 29 20:00:53 PDT 2021,78,378,1
1627655296286,Fri Jul 30 07:28:16 PDT 2021,78,380,1
1627663676950,Fri Jul 30 09:47:56 PDT 2021,78,382,1
1627666891301,Fri Jul 30 10:41:31 PDT 2021,78,384,1
1627675167118,Fri Jul 30 12:59:27 PDT 2021,78,386,1
1627680496461,Fri Jul 30 14:28:16 PDT 2021,78,388,1
1627682838169,Fri Jul 30 15:07:18 PDT 2021,78,389,1
1627685363276,Fri Jul 30 15:49:23 PDT 2021,78,393,1
1627685996732,Fri Jul 30 15:59:56 PDT 2021,78,394,1
1627689921786,Fri Jul 30 17:05:21 PDT 2021,78,395,1
1627702884384,Fri Jul 30 20:41:24 PDT 2021,78,396,1
1627752523619,Sat Jul 31 10:28:43 PDT 2021,78,398,1
1627770272022,Sat Jul 31 15:24:32 PDT 2021,78,401,1
1627771847571,Sat Jul 31 15:50:47 PDT 2021,78,402,1
1627775699157,Sat Jul 31 16:54:59 PDT 2021,78,403,1
1627837899906,Sun Aug 01 10:11:39 PDT 2021,78,404,1
1625023041234,Tue Jun 29 20:17:21 PDT 2021,79,0,1
1625600811939,Tue Jul 06 12:46:51 PDT 2021,79,12,1
1625010535200,Tue Jun 29 16:48:55 PDT 2021,79,22,1
1625019557558,Tue Jun 29 19:19:17 PDT 2021,79,24,1
1625019769910,Tue Jun 29 19:22:49 PDT 2021,79,25,1
1625019784204,Tue Jun 29 19:23:04 PDT 2021,79,26,1
1625021522071,Tue Jun 29 19:52:02 PDT 2021,79,27,1
1625055550145,Wed Jun 30 05:19:10 PDT 2021,79,28,1
1625057898729,Wed Jun 30 05:58:18 PDT 2021,79,30,1
1625064531429,Wed Jun 30 07:48:51 PDT 2021,79,33,1
1625066247512,Wed Jun 30 08:17:27 PDT 2021,79,34,1
1625068205473,Wed Jun 30 08:50:05 PDT 2021,79,35,1
1625069235182,Wed Jun 30 09:07:15 PDT 2021,79,36,1
1625071390787,Wed Jun 30 09:43:10 PDT 2021,79,37,1
1625071883392,Wed Jun 30 09:51:23 PDT 2021,79,38,1
1625082287422,Wed Jun 30 12:44:47 PDT 2021,79,40,1
1625099185547,Wed Jun 30 17:26:25 PDT 2021,79,41,-1
1625086224935,Wed Jun 30 13:50:24 PDT 2021,79,42,1
1625089530723,Wed Jun 30 14:45:30 PDT 2021,79,43,1
1625092133484,Wed Jun 30 15:28:53 PDT 2021,79,44,1
1625092923591,Wed Jun 30 15:42:03 PDT 2021,79,45,1
1625094896391,Wed Jun 30 16:14:56 PDT 2021,79,46,-1
1625095043532,Wed Jun 30 16:17:23 PDT 2021,79,47,1
1625096103942,Wed Jun 30 16:35:03 PDT 2021,79,48,1
1625099044706,Wed Jun 30 17:24:04 PDT 2021,79,50,1
1625100990579,Wed Jun 30 17:56:30 PDT 2021,79,51,1
1625101114198,Wed Jun 30 17:58:34 PDT 2021,79,52,-1
1625101603609,Wed Jun 30 18:06:43 PDT 2021,79,53,-1
1625101402803,Wed Jun 30 18:03:22 PDT 2021,79,54,1
1625108147808,Wed Jun 30 19:55:47 PDT 2021,79,55,1
1625112243193,Wed Jun 30 21:04:03 PDT 2021,79,56,1
1625116219529,Wed Jun 30 22:10:19 PDT 2021,79,57,1
1625117350107,Wed Jun 30 22:29:10 PDT 2021,79,58,0
1625117877985,Wed Jun 30 22:37:57 PDT 2021,79,59,1
1625150077553,Thu Jul 01 07:34:37 PDT 2021,79,61,1
1625152127779,Thu Jul 01 08:08:47 PDT 2021,79,62,1
1625154162231,Thu Jul 01 08:42:42 PDT 2021,79,63,0
1625155457020,Thu Jul 01 09:04:17 PDT 2021,79,64,1
1625157736620,Thu Jul 01 09:42:16 PDT 2021,79,65,1
1625410058195,Sun Jul 04 07:47:38 PDT 2021,79,66,1
1625159521268,Thu Jul 01 10:12:01 PDT 2021,79,68,1
1625160082801,Thu Jul 01 10:21:22 PDT 2021,79,69,1
1625159903111,Thu Jul 01 10:18:23 PDT 2021,79,70,1
1625161152780,Thu Jul 01 10:39:12 PDT 2021,79,71,1
1625163360375,Thu Jul 01 11:16:00 PDT 2021,79,73,-1
1625164394853,Thu Jul 01 11:33:14 PDT 2021,79,74,0
1625163779776,Thu Jul 01 11:22:59 PDT 2021,79,77,-1
1625164155888,Thu Jul 01 11:29:15 PDT 2021,79,83,-1
1625164383196,Thu Jul 01 11:33:03 PDT 2021,79,84,-1
1625164632809,Thu Jul 01 11:37:12 PDT 2021,79,85,-1
1625165303727,Thu Jul 01 11:48:23 PDT 2021,79,86,-1
1625165604799,Thu Jul 01 11:53:24 PDT 2021,79,87,-1
1625166022980,Thu Jul 01 12:00:22 PDT 2021,79,90,-1
1625168199753,Thu Jul 01 12:36:39 PDT 2021,79,92,1
1625174617517,Thu Jul 01 14:23:37 PDT 2021,79,94,1
1625179323058,Thu Jul 01 15:42:03 PDT 2021,79,95,1
1625182925124,Thu Jul 01 16:42:05 PDT 2021,79,96,1
1626140781983,Mon Jul 12 18:46:21 PDT 2021,79,98,1
1626140782113,Mon Jul 12 18:46:22 PDT 2021,79,98,1
1625190556521,Thu Jul 01 18:49:16 PDT 2021,79,100,1
1625190517997,Thu Jul 01 18:48:37 PDT 2021,79,101,1
1625199987394,Thu Jul 01 21:26:27 PDT 2021,79,102,-1
1625238148984,Fri Jul 02 08:02:28 PDT 2021,79,103,0
1625241289701,Fri Jul 02 08:54:49 PDT 2021,79,104,1
1625241826269,Fri Jul 02 09:03:46 PDT 2021,79,105,1
1625242020706,Fri Jul 02 09:07:00 PDT 2021,79,106,0
1625245560852,Fri Jul 02 10:06:00 PDT 2021,79,107,1
1625251530694,Fri Jul 02 11:45:30 PDT 2021,79,108,1
1625266283479,Fri Jul 02 15:51:23 PDT 2021,79,111,1
1625275151804,Fri Jul 02 18:19:11 PDT 2021,79,112,1
1625328964061,Sat Jul 03 09:16:04 PDT 2021,79,118,-1
1625333275184,Sat Jul 03 10:27:55 PDT 2021,79,119,1
1625361839381,Sat Jul 03 18:23:59 PDT 2021,79,120,1
1625364676697,Sat Jul 03 19:11:16 PDT 2021,79,121,-1
1625365527550,Sat Jul 03 19:25:27 PDT 2021,79,122,-1
1625365655794,Sat Jul 03 19:27:35 PDT 2021,79,123,1
1625375157882,Sat Jul 03 22:05:57 PDT 2021,79,124,1
1625384720622,Sun Jul 04 00:45:20 PDT 2021,79,125,1
1625410128762,Sun Jul 04 07:48:48 PDT 2021,79,126,1
1625413435797,Sun Jul 04 08:43:55 PDT 2021,79,127,1
1625424250615,Sun Jul 04 11:44:10 PDT 2021,79,131,1
1625428957042,Sun Jul 04 13:02:37 PDT 2021,79,132,1
1625435080038,Sun Jul 04 14:44:40 PDT 2021,79,135,1
1625436171462,Sun Jul 04 15:02:51 PDT 2021,79,136,1
1625437117153,Sun Jul 04 15:18:37 PDT 2021,79,137,1
1625451967007,Sun Jul 04 19:26:07 PDT 2021,79,141,1
1625454520276,Sun Jul 04 20:08:40 PDT 2021,79,142,1
1625462390549,Sun Jul 04 22:19:50 PDT 2021,79,145,1
1625543058842,Mon Jul 05 20:44:18 PDT 2021,79,146,1
1625495962083,Mon Jul 05 07:39:22 PDT 2021,79,147,1
1625528773744,Mon Jul 05 16:46:13 PDT 2021,79,148,1
1625593569828,Tue Jul 06 10:46:09 PDT 2021,79,151,1
1625597472522,Tue Jul 06 11:51:12 PDT 2021,79,152,1
1625598160543,Tue Jul 06 12:02:40 PDT 2021,79,153,1
1625611275857,Tue Jul 06 15:41:15 PDT 2021,79,155,1
1625626905969,Tue Jul 06 20:01:45 PDT 2021,79,156,1
1625635702460,Tue Jul 06 22:28:22 PDT 2021,79,157,1
1625672850941,Wed Jul 07 08:47:30 PDT 2021,79,160,0
1625674688219,Wed Jul 07 09:18:08 PDT 2021,79,161,1
1625675123714,Wed Jul 07 09:25:23 PDT 2021,79,162,1
1625676625178,Wed Jul 07 09:50:25 PDT 2021,79,163,1
1625677486947,Wed Jul 07 10:04:46 PDT 2021,79,166,1
1625677820233,Wed Jul 07 10:10:20 PDT 2021,79,168,1
1625677820556,Wed Jul 07 10:10:20 PDT 2021,79,168,1
1625686108066,Wed Jul 07 12:28:28 PDT 2021,79,170,0
1625689331289,Wed Jul 07 13:22:11 PDT 2021,79,171,1
1625693848713,Wed Jul 07 14:37:28 PDT 2021,79,173,1
1625694155180,Wed Jul 07 14:42:35 PDT 2021,79,174,1
1625694672895,Wed Jul 07 14:51:12 PDT 2021,79,176,0
1625694701251,Wed Jul 07 14:51:41 PDT 2021,79,177,1
1625695342530,Wed Jul 07 15:02:22 PDT 2021,79,178,1
1625696652159,Wed Jul 07 15:24:12 PDT 2021,79,181,1
1625697526642,Wed Jul 07 15:38:46 PDT 2021,79,183,1
1625699307519,Wed Jul 07 16:08:27 PDT 2021,79,184,1
1625699973917,Wed Jul 07 16:19:33 PDT 2021,79,186,0
1625700199888,Wed Jul 07 16:23:19 PDT 2021,79,187,1
1625700890115,Wed Jul 07 16:34:50 PDT 2021,79,188,1
1625702462256,Wed Jul 07 17:01:02 PDT 2021,79,189,-1
1625707367270,Wed Jul 07 18:22:47 PDT 2021,79,191,1
1625710102955,Wed Jul 07 19:08:22 PDT 2021,79,193,1
1625710599037,Wed Jul 07 19:16:39 PDT 2021,79,194,-1
1625722873007,Wed Jul 07 22:41:13 PDT 2021,79,196,1
1625752781985,Thu Jul 08 06:59:41 PDT 2021,79,197,1
1625755478711,Thu Jul 08 07:44:38 PDT 2021,79,198,0
1625759332565,Thu Jul 08 08:48:52 PDT 2021,79,199,1
1625760278820,Thu Jul 08 09:04:38 PDT 2021,79,200,1
1625762517866,Thu Jul 08 09:41:57 PDT 2021,79,201,-1
1625763563998,Thu Jul 08 09:59:23 PDT 2021,79,203,1
1625770552971,Thu Jul 08 11:55:52 PDT 2021,79,205,1
1625772356187,Thu Jul 08 12:25:56 PDT 2021,79,206,1
1625781610525,Thu Jul 08 15:00:10 PDT 2021,79,207,1
1625783644924,Thu Jul 08 15:34:04 PDT 2021,79,208,1
1625786582065,Thu Jul 08 16:23:02 PDT 2021,79,209,1
1625787543574,Thu Jul 08 16:39:03 PDT 2021,79,210,1
1625796309322,Thu Jul 08 19:05:09 PDT 2021,79,212,1
1625805468385,Thu Jul 08 21:37:48 PDT 2021,79,214,-1
1625845046302,Fri Jul 09 08:37:26 PDT 2021,79,215,1
1625853169445,Fri Jul 09 10:52:49 PDT 2021,79,216,1
1625855311579,Fri Jul 09 11:28:31 PDT 2021,79,217,1
1625863414754,Fri Jul 09 13:43:34 PDT 2021,79,218,1
1625868083219,Fri Jul 09 15:01:23 PDT 2021,79,219,1
1625921442162,Sat Jul 10 05:50:42 PDT 2021,79,223,1
1625921953176,Sat Jul 10 05:59:13 PDT 2021,79,224,1
1625929274318,Sat Jul 10 08:01:14 PDT 2021,79,226,1
1625932597705,Sat Jul 10 08:56:37 PDT 2021,79,227,0
1625939208013,Sat Jul 10 10:46:48 PDT 2021,79,228,1
1625961445425,Sat Jul 10 16:57:25 PDT 2021,79,231,1
1625965312361,Sat Jul 10 18:01:52 PDT 2021,79,232,1
1625971551903,Sat Jul 10 19:45:51 PDT 2021,79,233,1
1625982177482,Sat Jul 10 22:42:57 PDT 2021,79,234,-1
1626011275956,Sun Jul 11 06:47:55 PDT 2021,79,236,1
1626015139210,Sun Jul 11 07:52:19 PDT 2021,79,237,1
1626015217790,Sun Jul 11 07:53:37 PDT 2021,79,238,1
1626016540780,Sun Jul 11 08:15:40 PDT 2021,79,239,-1
1626027235277,Sun Jul 11 11:13:55 PDT 2021,79,240,1
1626031692252,Sun Jul 11 12:28:12 PDT 2021,79,241,1
1626033334391,Sun Jul 11 12:55:34 PDT 2021,79,243,1
1626062942667,Sun Jul 11 21:09:02 PDT 2021,79,248,1
1626097394846,Mon Jul 12 06:43:14 PDT 2021,79,249,1
1626097163635,Mon Jul 12 06:39:23 PDT 2021,79,250,1
1626100868593,Mon Jul 12 07:41:08 PDT 2021,79,251,1
1626160066974,Tue Jul 13 00:07:46 PDT 2021,79,255,1
1626184429078,Tue Jul 13 06:53:49 PDT 2021,79,256,1
1626197896787,Tue Jul 13 10:38:16 PDT 2021,79,257,0
1626214183058,Tue Jul 13 15:09:43 PDT 2021,79,260,1
1626215435268,Tue Jul 13 15:30:35 PDT 2021,79,261,1
1626218789467,Tue Jul 13 16:26:29 PDT 2021,79,262,1
1626220887476,Tue Jul 13 17:01:27 PDT 2021,79,263,-1
1626235400138,Tue Jul 13 21:03:20 PDT 2021,79,265,1
1626383659204,Thu Jul 15 14:14:19 PDT 2021,79,267,1
1626360947354,Thu Jul 15 07:55:47 PDT 2021,79,269,1
1626385607412,Thu Jul 15 14:46:47 PDT 2021,79,271,1
1626455501151,Fri Jul 16 10:11:41 PDT 2021,79,274,1
1626471130679,Fri Jul 16 14:32:10 PDT 2021,79,275,1
1626492736394,Fri Jul 16 20:32:16 PDT 2021,79,276,0
1626540716812,Sat Jul 17 09:51:56 PDT 2021,79,278,1
1626540671123,Sat Jul 17 09:51:11 PDT 2021,79,279,1
1626545673726,Sat Jul 17 11:14:33 PDT 2021,79,280,0
1626552329873,Sat Jul 17 13:05:29 PDT 2021,79,281,1
1626553430643,Sat Jul 17 13:23:50 PDT 2021,79,282,1
1626568027026,Sat Jul 17 17:27:07 PDT 2021,79,284,-1
1626578008139,Sat Jul 17 20:13:28 PDT 2021,79,285,1
1626584707697,Sat Jul 17 22:05:07 PDT 2021,79,286,1
1626712978503,Mon Jul 19 09:42:58 PDT 2021,79,288,1
1626716330648,Mon Jul 19 10:38:50 PDT 2021,79,290,1
1626720130997,Mon Jul 19 11:42:10 PDT 2021,79,291,1
1626723907213,Mon Jul 19 12:45:07 PDT 2021,79,292,0
1626737599560,Mon Jul 19 16:33:19 PDT 2021,79,294,1
1626751975407,Mon Jul 19 20:32:55 PDT 2021,79,295,1
1626791814078,Tue Jul 20 07:36:54 PDT 2021,79,296,0
1626798532210,Tue Jul 20 09:28:52 PDT 2021,79,298,1
1626909363681,Wed Jul 21 16:16:03 PDT 2021,79,299,1
1626964996672,Thu Jul 22 07:43:16 PDT 2021,79,300,1
1627000877899,Thu Jul 22 17:41:17 PDT 2021,79,302,1
1627002364388,Thu Jul 22 18:06:04 PDT 2021,79,303,-1
1627007683453,Thu Jul 22 19:34:43 PDT 2021,79,304,1
1627008798945,Thu Jul 22 19:53:18 PDT 2021,79,305,1
1627083770865,Fri Jul 23 16:42:50 PDT 2021,79,309,1
1627085072201,Fri Jul 23 17:04:32 PDT 2021,79,310,1
1627086630449,Fri Jul 23 17:30:30 PDT 2021,79,311,1
1627087854337,Fri Jul 23 17:50:54 PDT 2021,79,312,1
1627100020837,Fri Jul 23 21:13:40 PDT 2021,79,313,1
1627100815115,Fri Jul 23 21:26:55 PDT 2021,79,314,1
1627101895527,Fri Jul 23 21:44:55 PDT 2021,79,315,1
1627162673373,Sat Jul 24 14:37:53 PDT 2021,79,317,1
1627187179159,Sat Jul 24 21:26:19 PDT 2021,79,318,-1
1627191440376,Sat Jul 24 22:37:20 PDT 2021,79,319,-1
1627404858953,Tue Jul 27 09:54:18 PDT 2021,79,321,1
1627407731033,Tue Jul 27 10:42:11 PDT 2021,79,322,0
1627414656391,Tue Jul 27 12:37:36 PDT 2021,79,325,1
1627698545739,Fri Jul 30 19:29:05 PDT 2021,79,326,1
1627439270797,Tue Jul 27 19:27:50 PDT 2021,79,327,1
1627451118444,Tue Jul 27 22:45:18 PDT 2021,79,328,1
1627451449008,Tue Jul 27 22:50:49 PDT 2021,79,329,0
1627502698534,Wed Jul 28 13:04:58 PDT 2021,79,332,0
1627503056724,Wed Jul 28 13:10:56 PDT 2021,79,333,1
1627503160404,Wed Jul 28 13:12:40 PDT 2021,79,334,1
1627504171806,Wed Jul 28 13:29:31 PDT 2021,79,335,1
1627505248681,Wed Jul 28 13:47:28 PDT 2021,79,337,1
1627505780816,Wed Jul 28 13:56:20 PDT 2021,79,339,0
1627506638624,Wed Jul 28 14:10:38 PDT 2021,79,341,1
1627506922057,Wed Jul 28 14:15:22 PDT 2021,79,342,1
1627508558597,Wed Jul 28 14:42:38 PDT 2021,79,343,1
1627508654645,Wed Jul 28 14:44:14 PDT 2021,79,344,0
1627508985807,Wed Jul 28 14:49:45 PDT 2021,79,345,-1
1627509883677,Wed Jul 28 15:04:43 PDT 2021,79,346,1
1627514961222,Wed Jul 28 16:29:21 PDT 2021,79,348,1
1627515300252,Wed Jul 28 16:35:00 PDT 2021,79,349,1
1627522698278,Wed Jul 28 18:38:18 PDT 2021,79,353,1
1627521612382,Wed Jul 28 18:20:12 PDT 2021,79,356,1
1627529513261,Wed Jul 28 20:31:53 PDT 2021,79,357,-1
1627532175496,Wed Jul 28 21:16:15 PDT 2021,79,358,-1
1627532224014,Wed Jul 28 21:17:04 PDT 2021,79,359,1
1627536536465,Wed Jul 28 22:28:56 PDT 2021,79,363,0
1627543318620,Thu Jul 29 00:21:58 PDT 2021,79,364,1
1627573553731,Thu Jul 29 08:45:53 PDT 2021,79,366,-1
1627578024144,Thu Jul 29 10:00:24 PDT 2021,79,368,1
1627583092142,Thu Jul 29 11:24:52 PDT 2021,79,369,1
1627586676436,Thu Jul 29 12:24:36 PDT 2021,79,373,1
1627595469960,Thu Jul 29 14:51:09 PDT 2021,79,375,1
1627608021513,Thu Jul 29 18:20:21 PDT 2021,79,376,1
1627613751695,Thu Jul 29 19:55:51 PDT 2021,79,378,1
1627654749940,Fri Jul 30 07:19:09 PDT 2021,79,380,1
1627656040045,Fri Jul 30 07:40:40 PDT 2021,79,381,1
1627663895832,Fri Jul 30 09:51:35 PDT 2021,79,382,-1
1627666430467,Fri Jul 30 10:33:50 PDT 2021,79,384,1
1627675294675,Fri Jul 30 13:01:34 PDT 2021,79,386,1
1627680617706,Fri Jul 30 14:30:17 PDT 2021,79,388,1
1627681954733,Fri Jul 30 14:52:34 PDT 2021,79,389,1
1627684344538,Fri Jul 30 15:32:24 PDT 2021,79,391,1
1627685523484,Fri Jul 30 15:52:03 PDT 2021,79,393,-1
1627686243195,Fri Jul 30 16:04:03 PDT 2021,79,394,1
1627690209001,Fri Jul 30 17:10:09 PDT 2021,79,395,1
1627702185824,Fri Jul 30 20:29:45 PDT 2021,79,396,1
1627752437026,Sat Jul 31 10:27:17 PDT 2021,79,397,1
1627752627039,Sat Jul 31 10:30:27 PDT 2021,79,398,1
1627757029797,Sat Jul 31 11:43:49 PDT 2021,79,399,1
1627769768146,Sat Jul 31 15:16:08 PDT 2021,79,401,1
1627772123192,Sat Jul 31 15:55:23 PDT 2021,79,402,-1
1627775357471,Sat Jul 31 16:49:17 PDT 2021,79,403,1
1627837871440,Sun Aug 01 10:11:11 PDT 2021,79,404,-1
1625023005494,Tue Jun 29 20:16:45 PDT 2021,80,0,1
1625010976418,Tue Jun 29 16:56:16 PDT 2021,80,22,1
1625019578585,Tue Jun 29 19:19:38 PDT 2021,80,24,1
1625019775568,Tue Jun 29 19:22:55 PDT 2021,80,25,1
1625019726010,Tue Jun 29 19:22:06 PDT 2021,80,26,-1
1625021707271,Tue Jun 29 19:55:07 PDT 2021,80,27,-1
1625055373054,Wed Jun 30 05:16:13 PDT 2021,80,28,1
1625057770655,Wed Jun 30 05:56:10 PDT 2021,80,30,1
1625064216750,Wed Jun 30 07:43:36 PDT 2021,80,33,1
1625066176900,Wed Jun 30 08:16:16 PDT 2021,80,34,0
1625068208956,Wed Jun 30 08:50:08 PDT 2021,80,35,1
1625069060127,Wed Jun 30 09:04:20 PDT 2021,80,36,1
1625071566669,Wed Jun 30 09:46:06 PDT 2021,80,37,0
1625071916507,Wed Jun 30 09:51:56 PDT 2021,80,38,1
1625082421753,Wed Jun 30 12:47:01 PDT 2021,80,40,1
1625099493554,Wed Jun 30 17:31:33 PDT 2021,80,41,0
1625086307311,Wed Jun 30 13:51:47 PDT 2021,80,42,1
1625089503449,Wed Jun 30 14:45:03 PDT 2021,80,43,1
1625092817878,Wed Jun 30 15:40:17 PDT 2021,80,45,1
1625094980265,Wed Jun 30 16:16:20 PDT 2021,80,46,0
1625094929295,Wed Jun 30 16:15:29 PDT 2021,80,47,1
1625096188978,Wed Jun 30 16:36:28 PDT 2021,80,48,0
1625099166993,Wed Jun 30 17:26:06 PDT 2021,80,50,1
1625101137096,Wed Jun 30 17:58:57 PDT 2021,80,52,0
1625101629611,Wed Jun 30 18:07:09 PDT 2021,80,53,-1
1625101560197,Wed Jun 30 18:06:00 PDT 2021,80,54,0
1625108328037,Wed Jun 30 19:58:48 PDT 2021,80,55,1
1625112177036,Wed Jun 30 21:02:57 PDT 2021,80,56,1
1625116282718,Wed Jun 30 22:11:22 PDT 2021,80,57,1
1625117586234,Wed Jun 30 22:33:06 PDT 2021,80,58,0
1625118173687,Wed Jun 30 22:42:53 PDT 2021,80,59,1
1625150942471,Thu Jul 01 07:49:02 PDT 2021,80,61,0
1625151258875,Thu Jul 01 07:54:18 PDT 2021,80,62,0
1625152893373,Thu Jul 01 08:21:33 PDT 2021,80,63,-1
1625155467595,Thu Jul 01 09:04:27 PDT 2021,80,64,-1
1625157910347,Thu Jul 01 09:45:10 PDT 2021,80,65,1
1625410365110,Sun Jul 04 07:52:45 PDT 2021,80,66,0
1625159645336,Thu Jul 01 10:14:05 PDT 2021,80,68,-1
1625160294544,Thu Jul 01 10:24:54 PDT 2021,80,69,-1
1625167941685,Thu Jul 01 12:32:21 PDT 2021,80,70,0
1625162300307,Thu Jul 01 10:58:20 PDT 2021,80,71,-1
1625163429882,Thu Jul 01 11:17:09 PDT 2021,80,73,-1
1625164913233,Thu Jul 01 11:41:53 PDT 2021,80,74,0
1625165105653,Thu Jul 01 11:45:05 PDT 2021,80,85,-1
1625165363801,Thu Jul 01 11:49:23 PDT 2021,80,86,-1
1625168812549,Thu Jul 01 12:46:52 PDT 2021,80,92,0
1625174621542,Thu Jul 01 14:23:41 PDT 2021,80,94,0
1625179719208,Thu Jul 01 15:48:39 PDT 2021,80,95,1
1625183167910,Thu Jul 01 16:46:07 PDT 2021,80,96,0
1625185574381,Thu Jul 01 17:26:14 PDT 2021,80,97,0
1626144828407,Mon Jul 12 19:53:48 PDT 2021,80,98,-1
1625191549792,Thu Jul 01 19:05:49 PDT 2021,80,100,0
1625191256911,Thu Jul 01 19:00:56 PDT 2021,80,101,0
1625200144383,Thu Jul 01 21:29:04 PDT 2021,80,102,0
1625238416904,Fri Jul 02 08:06:56 PDT 2021,80,103,0
1625241282096,Fri Jul 02 08:54:42 PDT 2021,80,104,0
1625241842964,Fri Jul 02 09:04:02 PDT 2021,80,106,0
1625246418723,Fri Jul 02 10:20:18 PDT 2021,80,107,1
1625266216250,Fri Jul 02 15:50:16 PDT 2021,80,111,1
1625276466803,Fri Jul 02 18:41:06 PDT 2021,80,112,1
1625329364547,Sat Jul 03 09:22:44 PDT 2021,80,118,0
1625334174624,Sat Jul 03 10:42:54 PDT 2021,80,119,1
1625364976680,Sat Jul 03 19:16:16 PDT 2021,80,121,-1
1625365472540,Sat Jul 03 19:24:32 PDT 2021,80,122,-1
1625366392638,Sat Jul 03 19:39:52 PDT 2021,80,123,1
1625375135654,Sat Jul 03 22:05:35 PDT 2021,80,124,1
1625384477729,Sun Jul 04 00:41:17 PDT 2021,80,125,1
1625413459370,Sun Jul 04 08:44:19 PDT 2021,80,127,0
1625424818112,Sun Jul 04 11:53:38 PDT 2021,80,131,1
1625428703775,Sun Jul 04 12:58:23 PDT 2021,80,132,1
1625435807530,Sun Jul 04 14:56:47 PDT 2021,80,135,0
1625436781940,Sun Jul 04 15:13:01 PDT 2021,80,136,1
1625437321917,Sun Jul 04 15:22:01 PDT 2021,80,137,0
1625452259409,Sun Jul 04 19:30:59 PDT 2021,80,141,0
1625463133452,Sun Jul 04 22:32:13 PDT 2021,80,145,0
1625496941714,Mon Jul 05 07:55:41 PDT 2021,80,147,1
1625593757188,Tue Jul 06 10:49:17 PDT 2021,80,151,1
1625602622319,Tue Jul 06 13:17:02 PDT 2021,80,152,0
1625597988924,Tue Jul 06 11:59:48 PDT 2021,80,153,1
1625611813217,Tue Jul 06 15:50:13 PDT 2021,80,155,1
1625627246334,Tue Jul 06 20:07:26 PDT 2021,80,156,1
1625635685061,Tue Jul 06 22:28:05 PDT 2021,80,157,1
1625673003325,Wed Jul 07 08:50:03 PDT 2021,80,160,0
1625674889076,Wed Jul 07 09:21:29 PDT 2021,80,161,1
1625675042998,Wed Jul 07 09:24:02 PDT 2021,80,162,1
1625676773945,Wed Jul 07 09:52:53 PDT 2021,80,163,1
1625678809090,Wed Jul 07 10:26:49 PDT 2021,80,166,0
1625694209020,Wed Jul 07 14:43:29 PDT 2021,80,173,1
1625694268890,Wed Jul 07 14:44:28 PDT 2021,80,174,1
1625694515598,Wed Jul 07 14:48:35 PDT 2021,80,176,0
1625696794970,Wed Jul 07 15:26:34 PDT 2021,80,181,1
1625698590263,Wed Jul 07 15:56:30 PDT 2021,80,183,0
1625699688323,Wed Jul 07 16:14:48 PDT 2021,80,184,1
1625699810449,Wed Jul 07 16:16:50 PDT 2021,80,186,1
1625701016423,Wed Jul 07 16:36:56 PDT 2021,80,187,1
1625700662035,Wed Jul 07 16:31:02 PDT 2021,80,188,1
1625703189899,Wed Jul 07 17:13:09 PDT 2021,80,189,-1
1625710422631,Wed Jul 07 19:13:42 PDT 2021,80,191,0
1625710533002,Wed Jul 07 19:15:33 PDT 2021,80,193,1
1625710562544,Wed Jul 07 19:16:02 PDT 2021,80,194,0
1625723079231,Wed Jul 07 22:44:39 PDT 2021,80,196,1
1625772936077,Thu Jul 08 12:35:36 PDT 2021,80,198,0
1625759154896,Thu Jul 08 08:45:54 PDT 2021,80,199,-1
1625762499821,Thu Jul 08 09:41:39 PDT 2021,80,201,-1
1625763387432,Thu Jul 08 09:56:27 PDT 2021,80,203,0
1625770633086,Thu Jul 08 11:57:13 PDT 2021,80,205,1
1625772285173,Thu Jul 08 12:24:45 PDT 2021,80,206,1
1625782490097,Thu Jul 08 15:14:50 PDT 2021,80,207,1
1625783796477,Thu Jul 08 15:36:36 PDT 2021,80,208,1
1625786759147,Thu Jul 08 16:25:59 PDT 2021,80,209,1
1625789898327,Thu Jul 08 17:18:18 PDT 2021,80,210,1
1625801545986,Thu Jul 08 20:32:25 PDT 2021,80,213,0
1625844459528,Fri Jul 09 08:27:39 PDT 2021,80,215,1
1625852978818,Fri Jul 09 10:49:38 PDT 2021,80,216,1
1625855373037,Fri Jul 09 11:29:33 PDT 2021,80,217,1
1625864954639,Fri Jul 09 14:09:14 PDT 2021,80,218,0
1625868377034,Fri Jul 09 15:06:17 PDT 2021,80,219,1
1625921776666,Sat Jul 10 05:56:16 PDT 2021,80,223,1
1625922281608,Sat Jul 10 06:04:41 PDT 2021,80,224,1
1625929186368,Sat Jul 10 07:59:46 PDT 2021,80,226,0
1625932564673,Sat Jul 10 08:56:04 PDT 2021,80,227,0
1625939908112,Sat Jul 10 10:58:28 PDT 2021,80,228,1
1625961463877,Sat Jul 10 16:57:43 PDT 2021,80,231,0
1625965871297,Sat Jul 10 18:11:11 PDT 2021,80,232,-1
1625982512554,Sat Jul 10 22:48:32 PDT 2021,80,234,-1
1626012236203,Sun Jul 11 07:03:56 PDT 2021,80,236,0
1626015306541,Sun Jul 11 07:55:06 PDT 2021,80,237,1
1626015594178,Sun Jul 11 07:59:54 PDT 2021,80,238,1
1626018816617,Sun Jul 11 08:53:36 PDT 2021,80,239,0
1626027628620,Sun Jul 11 11:20:28 PDT 2021,80,240,1
1626031943236,Sun Jul 11 12:32:23 PDT 2021,80,241,0
1626034006668,Sun Jul 11 13:06:46 PDT 2021,80,243,0
1626063427664,Sun Jul 11 21:17:07 PDT 2021,80,248,0
1626097674204,Mon Jul 12 06:47:54 PDT 2021,80,250,0
1626160510032,Tue Jul 13 00:15:10 PDT 2021,80,255,0
1626184702795,Tue Jul 13 06:58:22 PDT 2021,80,256,1
1626198153687,Tue Jul 13 10:42:33 PDT 2021,80,257,0
1626228061397,Tue Jul 13 19:01:01 PDT 2021,80,259,0
1626214099281,Tue Jul 13 15:08:19 PDT 2021,80,260,-1
1626220577812,Tue Jul 13 16:56:17 PDT 2021,80,263,1
1626298171213,Wed Jul 14 14:29:31 PDT 2021,80,265,0
1626383957332,Thu Jul 15 14:19:17 PDT 2021,80,267,0
1626328241509,Wed Jul 14 22:50:41 PDT 2021,80,268,1
1626386132979,Thu Jul 15 14:55:32 PDT 2021,80,271,0
1626455532792,Fri Jul 16 10:12:12 PDT 2021,80,274,1
1626471223175,Fri Jul 16 14:33:43 PDT 2021,80,275,1
1626492801944,Fri Jul 16 20:33:21 PDT 2021,80,276,0
1626541444395,Sat Jul 17 10:04:04 PDT 2021,80,278,1
1626545409568,Sat Jul 17 11:10:09 PDT 2021,80,280,0
1626552342906,Sat Jul 17 13:05:42 PDT 2021,80,281,1
1626553372811,Sat Jul 17 13:22:52 PDT 2021,80,282,1
1626571062593,Sat Jul 17 18:17:42 PDT 2021,80,284,0
1626584911299,Sat Jul 17 22:08:31 PDT 2021,80,286,1
1626713143765,Mon Jul 19 09:45:43 PDT 2021,80,288,0
1626720686934,Mon Jul 19 11:51:26 PDT 2021,80,291,1
1626724333551,Mon Jul 19 12:52:13 PDT 2021,80,292,0
1626737831359,Mon Jul 19 16:37:11 PDT 2021,80,294,0
1626752467632,Mon Jul 19 20:41:07 PDT 2021,80,295,1
1626792537224,Tue Jul 20 07:48:57 PDT 2021,80,296,0
1626799096006,Tue Jul 20 09:38:16 PDT 2021,80,298,1
1626909864556,Wed Jul 21 16:24:24 PDT 2021,80,299,-1
1626965346447,Thu Jul 22 07:49:06 PDT 2021,80,300,0
1627001446601,Thu Jul 22 17:50:46 PDT 2021,80,302,1
1627002646490,Thu Jul 22 18:10:46 PDT 2021,80,303,-1
1627009061286,Thu Jul 22 19:57:41 PDT 2021,80,305,1
1627083574316,Fri Jul 23 16:39:34 PDT 2021,80,309,-1
1627085506829,Fri Jul 23 17:11:46 PDT 2021,80,310,-1
1627086738600,Fri Jul 23 17:32:18 PDT 2021,80,311,-1
1627088129737,Fri Jul 23 17:55:29 PDT 2021,80,312,1
1627099666597,Fri Jul 23 21:07:46 PDT 2021,80,313,-1
1627101184326,Fri Jul 23 21:33:04 PDT 2021,80,314,-1
1627101619361,Fri Jul 23 21:40:19 PDT 2021,80,315,-1
1627163148939,Sat Jul 24 14:45:48 PDT 2021,80,317,1
1627187001962,Sat Jul 24 21:23:21 PDT 2021,80,318,-1
1627192167587,Sat Jul 24 22:49:27 PDT 2021,80,319,1
1627407637394,Tue Jul 27 10:40:37 PDT 2021,80,322,0
1627410954506,Tue Jul 27 11:35:54 PDT 2021,80,323,1
1627414892881,Tue Jul 27 12:41:32 PDT 2021,80,325,1
1627698788105,Fri Jul 30 19:33:08 PDT 2021,80,326,0
1627439378066,Tue Jul 27 19:29:38 PDT 2021,80,327,0
1627451354241,Tue Jul 27 22:49:14 PDT 2021,80,329,1
1627502917601,Wed Jul 28 13:08:37 PDT 2021,80,332,1
1627503241479,Wed Jul 28 13:14:01 PDT 2021,80,334,0
1627505098398,Wed Jul 28 13:44:58 PDT 2021,80,337,1
1627505853837,Wed Jul 28 13:57:33 PDT 2021,80,339,0
1627506737834,Wed Jul 28 14:12:17 PDT 2021,80,341,1
1627509105688,Wed Jul 28 14:51:45 PDT 2021,80,343,-1
1627570936494,Thu Jul 29 08:02:16 PDT 2021,80,347,0
1627515385487,Wed Jul 28 16:36:25 PDT 2021,80,348,1
1627515425536,Wed Jul 28 16:37:05 PDT 2021,80,350,1
1627524084585,Wed Jul 28 19:01:24 PDT 2021,80,353,1
1627522245382,Wed Jul 28 18:30:45 PDT 2021,80,356,1
1627529296207,Wed Jul 28 20:28:16 PDT 2021,80,357,-1
1627531886765,Wed Jul 28 21:11:26 PDT 2021,80,358,-1
1627535737066,Wed Jul 28 22:15:37 PDT 2021,80,361,1
1627542904559,Thu Jul 29 00:15:04 PDT 2021,80,364,1
1627574014614,Thu Jul 29 08:53:34 PDT 2021,80,366,-1
1627586999223,Thu Jul 29 12:29:59 PDT 2021,80,373,1
1627607986957,Thu Jul 29 18:19:46 PDT 2021,80,376,0
1627611844753,Thu Jul 29 19:24:04 PDT 2021,80,377,1
1627613903780,Thu Jul 29 19:58:23 PDT 2021,80,378,1
1627654973981,Fri Jul 30 07:22:53 PDT 2021,80,380,1
1627656569431,Fri Jul 30 07:49:29 PDT 2021,80,381,0
1627663743085,Fri Jul 30 09:49:03 PDT 2021,80,382,0
1627666856982,Fri Jul 30 10:40:56 PDT 2021,80,384,0
1627676542211,Fri Jul 30 13:22:22 PDT 2021,80,386,1
1627680653733,Fri Jul 30 14:30:53 PDT 2021,80,388,1
1627682638461,Fri Jul 30 15:03:58 PDT 2021,80,389,1
1627686224128,Fri Jul 30 16:03:44 PDT 2021,80,394,1
1627690294774,Fri Jul 30 17:11:34 PDT 2021,80,395,0
1627702222926,Fri Jul 30 20:30:22 PDT 2021,80,396,0
1627752609149,Sat Jul 31 10:30:09 PDT 2021,80,398,1
1627770511240,Sat Jul 31 15:28:31 PDT 2021,80,401,1
1627771968472,Sat Jul 31 15:52:48 PDT 2021,80,402,-1
1627775525090,Sat Jul 31 16:52:05 PDT 2021,80,403,0
1627838079075,Sun Aug 01 10:14:39 PDT 2021,80,404,0
1625023033665,Tue Jun 29 20:17:13 PDT 2021,81,0,1
1625011188328,Tue Jun 29 16:59:48 PDT 2021,81,22,1
1625019549895,Tue Jun 29 19:19:09 PDT 2021,81,24,1
1625019755518,Tue Jun 29 19:22:35 PDT 2021,81,25,1
1625019643852,Tue Jun 29 19:20:43 PDT 2021,81,26,1
1625021615582,Tue Jun 29 19:53:35 PDT 2021,81,27,1
1625055402616,Wed Jun 30 05:16:42 PDT 2021,81,28,1
1625057766807,Wed Jun 30 05:56:06 PDT 2021,81,30,0
1625064318142,Wed Jun 30 07:45:18 PDT 2021,81,33,0
1625066411234,Wed Jun 30 08:20:11 PDT 2021,81,34,1
1625068335237,Wed Jun 30 08:52:15 PDT 2021,81,35,1
1625069226054,Wed Jun 30 09:07:06 PDT 2021,81,36,1
1625071578364,Wed Jun 30 09:46:18 PDT 2021,81,37,-1
1625072026411,Wed Jun 30 09:53:46 PDT 2021,81,38,1
1625082351069,Wed Jun 30 12:45:51 PDT 2021,81,40,1
1625099140307,Wed Jun 30 17:25:40 PDT 2021,81,41,1
1625086294850,Wed Jun 30 13:51:34 PDT 2021,81,42,0
1625089665226,Wed Jun 30 14:47:45 PDT 2021,81,43,-1
1625093049361,Wed Jun 30 15:44:09 PDT 2021,81,45,1
1625095302638,Wed Jun 30 16:21:42 PDT 2021,81,46,-1
1625095133938,Wed Jun 30 16:18:53 PDT 2021,81,47,1
1625096238783,Wed Jun 30 16:37:18 PDT 2021,81,48,-1
1625099267557,Wed Jun 30 17:27:47 PDT 2021,81,50,1
1625102672565,Wed Jun 30 18:24:32 PDT 2021,81,52,1
1625101682987,Wed Jun 30 18:08:02 PDT 2021,81,53,-1
1625101261103,Wed Jun 30 18:01:01 PDT 2021,81,54,-1
1625108016998,Wed Jun 30 19:53:36 PDT 2021,81,55,-1
1625112116713,Wed Jun 30 21:01:56 PDT 2021,81,56,1
1625116108562,Wed Jun 30 22:08:28 PDT 2021,81,57,1
1625117207524,Wed Jun 30 22:26:47 PDT 2021,81,58,-1
1625118097444,Wed Jun 30 22:41:37 PDT 2021,81,59,1
1625150414502,Thu Jul 01 07:40:14 PDT 2021,81,61,1
1625151462825,Thu Jul 01 07:57:42 PDT 2021,81,62,1
1625153833254,Thu Jul 01 08:37:13 PDT 2021,81,63,-1
1625155755825,Thu Jul 01 09:09:15 PDT 2021,81,64,1
1625158006083,Thu Jul 01 09:46:46 PDT 2021,81,65,1
1625410181835,Sun Jul 04 07:49:41 PDT 2021,81,66,0
1625159724133,Thu Jul 01 10:15:24 PDT 2021,81,68,1
1625160134932,Thu Jul 01 10:22:14 PDT 2021,81,69,1
1625167905276,Thu Jul 01 12:31:45 PDT 2021,81,70,1
1625161958794,Thu Jul 01 10:52:38 PDT 2021,81,71,-1
1625163482432,Thu Jul 01 11:18:02 PDT 2021,81,73,-1
1625164421447,Thu Jul 01 11:33:41 PDT 2021,81,74,0
1625163976247,Thu Jul 01 11:26:16 PDT 2021,81,82,-1
1625164077290,Thu Jul 01 11:27:57 PDT 2021,81,83,-1
1625164944018,Thu Jul 01 11:42:24 PDT 2021,81,85,-1
1625165353682,Thu Jul 01 11:49:13 PDT 2021,81,86,-1
1625165616290,Thu Jul 01 11:53:36 PDT 2021,81,87,-1
1625168711950,Thu Jul 01 12:45:11 PDT 2021,81,92,1
1625173772720,Thu Jul 01 14:09:32 PDT 2021,81,93,0
1625174856711,Thu Jul 01 14:27:36 PDT 2021,81,94,0
1625175324590,Thu Jul 01 14:35:24 PDT 2021,81,95,-1
1625182869908,Thu Jul 01 16:41:09 PDT 2021,81,96,0
1626144872426,Mon Jul 12 19:54:32 PDT 2021,81,98,1
1625191541273,Thu Jul 01 19:05:41 PDT 2021,81,100,-1
1625190514265,Thu Jul 01 18:48:34 PDT 2021,81,101,1
1625200109475,Thu Jul 01 21:28:29 PDT 2021,81,102,1
1625238062457,Fri Jul 02 08:01:02 PDT 2021,81,103,-1
1625241747044,Fri Jul 02 09:02:27 PDT 2021,81,104,1
1625241687881,Fri Jul 02 09:01:27 PDT 2021,81,105,1
1625242223159,Fri Jul 02 09:10:23 PDT 2021,81,106,-1
1625245468456,Fri Jul 02 10:04:28 PDT 2021,81,107,1
1625251665074,Fri Jul 02 11:47:45 PDT 2021,81,108,1
1625265318362,Fri Jul 02 15:35:18 PDT 2021,81,110,1
1625266199345,Fri Jul 02 15:49:59 PDT 2021,81,111,-1
1625275805584,Fri Jul 02 18:30:05 PDT 2021,81,112,0
1625295588259,Fri Jul 02 23:59:48 PDT 2021,81,115,1
1625320363614,Sat Jul 03 06:52:43 PDT 2021,81,116,1
1625329302477,Sat Jul 03 09:21:42 PDT 2021,81,118,1
1625333531549,Sat Jul 03 10:32:11 PDT 2021,81,119,-1
1625364461728,Sat Jul 03 19:07:41 PDT 2021,81,121,-1
1625365283431,Sat Jul 03 19:21:23 PDT 2021,81,122,1
1625366221195,Sat Jul 03 19:37:01 PDT 2021,81,123,-1
1625375506835,Sat Jul 03 22:11:46 PDT 2021,81,124,1
1625410549406,Sun Jul 04 07:55:49 PDT 2021,81,126,1
1625413467084,Sun Jul 04 08:44:27 PDT 2021,81,127,1
1625424376373,Sun Jul 04 11:46:16 PDT 2021,81,131,1
1625428758420,Sun Jul 04 12:59:18 PDT 2021,81,132,1
1625435217510,Sun Jul 04 14:46:57 PDT 2021,81,135,1
1625436051559,Sun Jul 04 15:00:51 PDT 2021,81,136,1
1625436854834,Sun Jul 04 15:14:14 PDT 2021,81,137,1
1625451892077,Sun Jul 04 19:24:52 PDT 2021,81,141,1
1625454637201,Sun Jul 04 20:10:37 PDT 2021,81,142,1
1625461876281,Sun Jul 04 22:11:16 PDT 2021,81,145,0
1625496378612,Mon Jul 05 07:46:18 PDT 2021,81,147,1
1625593689240,Tue Jul 06 10:48:09 PDT 2021,81,151,1
1625602763901,Tue Jul 06 13:19:23 PDT 2021,81,152,0
1625598191604,Tue Jul 06 12:03:11 PDT 2021,81,153,-1
1625611511025,Tue Jul 06 15:45:11 PDT 2021,81,155,1
1625627324419,Tue Jul 06 20:08:44 PDT 2021,81,156,1
1625635761279,Tue Jul 06 22:29:21 PDT 2021,81,157,1
1625672539448,Wed Jul 07 08:42:19 PDT 2021,81,159,-1
1625672743766,Wed Jul 07 08:45:43 PDT 2021,81,160,1
1625674805085,Wed Jul 07 09:20:05 PDT 2021,81,161,1
1625674983508,Wed Jul 07 09:23:03 PDT 2021,81,162,1
1625676469566,Wed Jul 07 09:47:49 PDT 2021,81,163,1
1625678358351,Wed Jul 07 10:19:18 PDT 2021,81,166,0
1625677817401,Wed Jul 07 10:10:17 PDT 2021,81,168,0
1625686242625,Wed Jul 07 12:30:42 PDT 2021,81,170,1
1625693255108,Wed Jul 07 14:27:35 PDT 2021,81,173,-1
1625694204139,Wed Jul 07 14:43:24 PDT 2021,81,174,1
1625695740282,Wed Jul 07 15:09:00 PDT 2021,81,178,1
1625696681824,Wed Jul 07 15:24:41 PDT 2021,81,181,0
1625697240914,Wed Jul 07 15:34:00 PDT 2021,81,182,1
1625697758133,Wed Jul 07 15:42:38 PDT 2021,81,183,0
1625699767144,Wed Jul 07 16:16:07 PDT 2021,81,184,1
1625699960820,Wed Jul 07 16:19:20 PDT 2021,81,186,1
1625700265051,Wed Jul 07 16:24:25 PDT 2021,81,187,1
1625700718294,Wed Jul 07 16:31:58 PDT 2021,81,188,1
1625702479580,Wed Jul 07 17:01:19 PDT 2021,81,189,-1
1625710510269,Wed Jul 07 19:15:10 PDT 2021,81,191,0
1625709962794,Wed Jul 07 19:06:02 PDT 2021,81,193,1
1625710789869,Wed Jul 07 19:19:49 PDT 2021,81,194,-1
1625722945222,Wed Jul 07 22:42:25 PDT 2021,81,196,1
1625752794689,Thu Jul 08 06:59:54 PDT 2021,81,197,0
1625755941144,Thu Jul 08 07:52:21 PDT 2021,81,198,0
1625758785228,Thu Jul 08 08:39:45 PDT 2021,81,199,1
1625762483291,Thu Jul 08 09:41:23 PDT 2021,81,201,-1
1625763364573,Thu Jul 08 09:56:04 PDT 2021,81,203,1
1625770630693,Thu Jul 08 11:57:10 PDT 2021,81,205,1
1625781512956,Thu Jul 08 14:58:32 PDT 2021,81,207,0
1625783680933,Thu Jul 08 15:34:40 PDT 2021,81,208,1
1625786275770,Thu Jul 08 16:17:55 PDT 2021,81,209,1
1625788167577,Thu Jul 08 16:49:27 PDT 2021,81,210,1
1625844291887,Fri Jul 09 08:24:51 PDT 2021,81,215,1
1625853147765,Fri Jul 09 10:52:27 PDT 2021,81,216,-1
1625855390310,Fri Jul 09 11:29:50 PDT 2021,81,217,1
1625863489200,Fri Jul 09 13:44:49 PDT 2021,81,218,1
1625868114562,Fri Jul 09 15:01:54 PDT 2021,81,219,0
1625921410772,Sat Jul 10 05:50:10 PDT 2021,81,223,0
1625922185334,Sat Jul 10 06:03:05 PDT 2021,81,224,0
1625926537637,Sat Jul 10 07:15:37 PDT 2021,81,225,-1
1625928742315,Sat Jul 10 07:52:22 PDT 2021,81,226,1
1625937188399,Sat Jul 10 10:13:08 PDT 2021,81,227,1
1625939381018,Sat Jul 10 10:49:41 PDT 2021,81,228,1
1625961502648,Sat Jul 10 16:58:22 PDT 2021,81,231,1
1625964848262,Sat Jul 10 17:54:08 PDT 2021,81,232,1
1625971745443,Sat Jul 10 19:49:05 PDT 2021,81,233,0
1625982591170,Sat Jul 10 22:49:51 PDT 2021,81,234,-1
1626012129413,Sun Jul 11 07:02:09 PDT 2021,81,236,-1
1626015108619,Sun Jul 11 07:51:48 PDT 2021,81,237,-1
1626015321073,Sun Jul 11 07:55:21 PDT 2021,81,238,-1
1626016449530,Sun Jul 11 08:14:09 PDT 2021,81,239,-1
1626027441343,Sun Jul 11 11:17:21 PDT 2021,81,240,1
1626031814725,Sun Jul 11 12:30:14 PDT 2021,81,241,0
1626033216245,Sun Jul 11 12:53:36 PDT 2021,81,243,1
1626050887880,Sun Jul 11 17:48:07 PDT 2021,81,246,-1
1626063013244,Sun Jul 11 21:10:13 PDT 2021,81,248,1
1626097447308,Mon Jul 12 06:44:07 PDT 2021,81,249,1
1626097552882,Mon Jul 12 06:45:52 PDT 2021,81,250,-1
1626160260009,Tue Jul 13 00:11:00 PDT 2021,81,255,-1
1626184593949,Tue Jul 13 06:56:33 PDT 2021,81,256,1
1626640973538,Sun Jul 18 13:42:53 PDT 2021,81,258,0
1626214383283,Tue Jul 13 15:13:03 PDT 2021,81,260,-1
1626215389264,Tue Jul 13 15:29:49 PDT 2021,81,261,1
1626218956975,Tue Jul 13 16:29:16 PDT 2021,81,262,0
1626220969706,Tue Jul 13 17:02:49 PDT 2021,81,263,1
1626298168004,Wed Jul 14 14:29:28 PDT 2021,81,265,1
1626276074988,Wed Jul 14 08:21:14 PDT 2021,81,266,0
1626384097299,Thu Jul 15 14:21:37 PDT 2021,81,267,0
1626385555514,Thu Jul 15 14:45:55 PDT 2021,81,271,0
1626455616560,Fri Jul 16 10:13:36 PDT 2021,81,274,0
1626471867245,Fri Jul 16 14:44:27 PDT 2021,81,275,0
1626492816579,Fri Jul 16 20:33:36 PDT 2021,81,276,1
1626540606884,Sat Jul 17 09:50:06 PDT 2021,81,278,1
1626540415768,Sat Jul 17 09:46:55 PDT 2021,81,279,1
1626546201959,Sat Jul 17 11:23:21 PDT 2021,81,280,1
1626552257110,Sat Jul 17 13:04:17 PDT 2021,81,281,1
1626553339896,Sat Jul 17 13:22:19 PDT 2021,81,282,1
1626567970768,Sat Jul 17 17:26:10 PDT 2021,81,284,-1
1626578126567,Sat Jul 17 20:15:26 PDT 2021,81,285,0
1626584742977,Sat Jul 17 22:05:42 PDT 2021,81,286,1
1626713139060,Mon Jul 19 09:45:39 PDT 2021,81,288,0
1626716256795,Mon Jul 19 10:37:36 PDT 2021,81,290,1
1626720076785,Mon Jul 19 11:41:16 PDT 2021,81,291,0
1626724387265,Mon Jul 19 12:53:07 PDT 2021,81,292,0
1626737934870,Mon Jul 19 16:38:54 PDT 2021,81,294,-1
1626752105867,Mon Jul 19 20:35:05 PDT 2021,81,295,-1
1626791547274,Tue Jul 20 07:32:27 PDT 2021,81,296,-1
1626798546547,Tue Jul 20 09:29:06 PDT 2021,81,298,1
1626908431333,Wed Jul 21 16:00:31 PDT 2021,81,299,-1
1626965106745,Thu Jul 22 07:45:06 PDT 2021,81,300,0
1627000955246,Thu Jul 22 17:42:35 PDT 2021,81,302,-1
1627002301278,Thu Jul 22 18:05:01 PDT 2021,81,303,-1
1627008697295,Thu Jul 22 19:51:37 PDT 2021,81,305,1
1627082409813,Fri Jul 23 16:20:09 PDT 2021,81,308,1
1627084019703,Fri Jul 23 16:46:59 PDT 2021,81,309,1
1627085306590,Fri Jul 23 17:08:26 PDT 2021,81,310,1
1627086728305,Fri Jul 23 17:32:08 PDT 2021,81,311,1
1627087741466,Fri Jul 23 17:49:01 PDT 2021,81,312,-1
1627099868648,Fri Jul 23 21:11:08 PDT 2021,81,313,1
1627100589725,Fri Jul 23 21:23:09 PDT 2021,81,314,1
1627101371965,Fri Jul 23 21:36:11 PDT 2021,81,315,1
1627162890220,Sat Jul 24 14:41:30 PDT 2021,81,317,1
1627187404423,Sat Jul 24 21:30:04 PDT 2021,81,318,1
1627191518253,Sat Jul 24 22:38:38 PDT 2021,81,319,1
1627404863599,Tue Jul 27 09:54:23 PDT 2021,81,321,0
1627407545224,Tue Jul 27 10:39:05 PDT 2021,81,322,1
1627409342248,Tue Jul 27 11:09:02 PDT 2021,81,323,1
1627414855852,Tue Jul 27 12:40:55 PDT 2021,81,325,1
1627698536231,Fri Jul 30 19:28:56 PDT 2021,81,326,0
1627439473821,Tue Jul 27 19:31:13 PDT 2021,81,327,0
1627451264331,Tue Jul 27 22:47:44 PDT 2021,81,328,1
1627503030540,Wed Jul 28 13:10:30 PDT 2021,81,333,1
1627504139172,Wed Jul 28 13:28:59 PDT 2021,81,335,1
1627504827262,Wed Jul 28 13:40:27 PDT 2021,81,337,1
1627505670199,Wed Jul 28 13:54:30 PDT 2021,81,339,1
1627506095109,Wed Jul 28 14:01:35 PDT 2021,81,340,1
1627506640486,Wed Jul 28 14:10:40 PDT 2021,81,341,1
1627506776640,Wed Jul 28 14:12:56 PDT 2021,81,342,0
1627508519981,Wed Jul 28 14:41:59 PDT 2021,81,343,-1
1627508588798,Wed Jul 28 14:43:08 PDT 2021,81,344,0
1627508926467,Wed Jul 28 14:48:46 PDT 2021,81,345,0
1627514919768,Wed Jul 28 16:28:39 PDT 2021,81,348,1
1627522424140,Wed Jul 28 18:33:44 PDT 2021,81,353,1
1627521934303,Wed Jul 28 18:25:34 PDT 2021,81,356,1
1627529623042,Wed Jul 28 20:33:43 PDT 2021,81,357,-1
1627532086759,Wed Jul 28 21:14:46 PDT 2021,81,358,1
1627532571546,Wed Jul 28 21:22:51 PDT 2021,81,359,1
1627543825598,Thu Jul 29 00:30:25 PDT 2021,81,364,-1
1627573500310,Thu Jul 29 08:45:00 PDT 2021,81,366,-1
1627577161948,Thu Jul 29 09:46:01 PDT 2021,81,367,1
1627578082808,Thu Jul 29 10:01:22 PDT 2021,81,368,-1
1627582906187,Thu Jul 29 11:21:46 PDT 2021,81,369,1
1627586821889,Thu Jul 29 12:27:01 PDT 2021,81,373,1
1627595459883,Thu Jul 29 14:50:59 PDT 2021,81,375,1
1627608310315,Thu Jul 29 18:25:10 PDT 2021,81,376,-1
1627613613883,Thu Jul 29 19:53:33 PDT 2021,81,378,1
1627655323821,Fri Jul 30 07:28:43 PDT 2021,81,380,1
1627656032228,Fri Jul 30 07:40:32 PDT 2021,81,381,1
1627664084466,Fri Jul 30 09:54:44 PDT 2021,81,382,1
1627666757608,Fri Jul 30 10:39:17 PDT 2021,81,384,1
1627675499747,Fri Jul 30 13:04:59 PDT 2021,81,386,1
1627680563185,Fri Jul 30 14:29:23 PDT 2021,81,388,0
1627682554981,Fri Jul 30 15:02:34 PDT 2021,81,389,1
1627684347616,Fri Jul 30 15:32:27 PDT 2021,81,391,1
1627685620598,Fri Jul 30 15:53:40 PDT 2021,81,393,0
1627686029139,Fri Jul 30 16:00:29 PDT 2021,81,394,1
1627701981348,Fri Jul 30 20:26:21 PDT 2021,81,396,0
1627752551560,Sat Jul 31 10:29:11 PDT 2021,81,398,1
1627759882777,Sat Jul 31 12:31:22 PDT 2021,81,400,1
1627770256217,Sat Jul 31 15:24:16 PDT 2021,81,401,1
1627771671511,Sat Jul 31 15:47:51 PDT 2021,81,402,1
1627776646133,Sat Jul 31 17:10:46 PDT 2021,81,403,1
1627837779030,Sun Aug 01 10:09:39 PDT 2021,81,404,1
1625023169144,Tue Jun 29 20:19:29 PDT 2021,82,0,-1
1625011301474,Tue Jun 29 17:01:41 PDT 2021,82,22,1
1625019751542,Tue Jun 29 19:22:31 PDT 2021,82,24,-1
1625019751438,Tue Jun 29 19:22:31 PDT 2021,82,25,0
1625019624202,Tue Jun 29 19:20:24 PDT 2021,82,26,-1
1625021846319,Tue Jun 29 19:57:26 PDT 2021,82,27,0
1625055478896,Wed Jun 30 05:17:58 PDT 2021,82,28,0
1625058000096,Wed Jun 30 06:00:00 PDT 2021,82,30,-1
1625064861796,Wed Jun 30 07:54:21 PDT 2021,82,33,0
1625066538495,Wed Jun 30 08:22:18 PDT 2021,82,34,-1
1625068732343,Wed Jun 30 08:58:52 PDT 2021,82,35,1
1625069465330,Wed Jun 30 09:11:05 PDT 2021,82,36,-1
1625071970041,Wed Jun 30 09:52:50 PDT 2021,82,37,-1
1625072191672,Wed Jun 30 09:56:31 PDT 2021,82,38,-1
1625082594600,Wed Jun 30 12:49:54 PDT 2021,82,40,-1
1625099641140,Wed Jun 30 17:34:01 PDT 2021,82,41,-1
1625086711783,Wed Jun 30 13:58:31 PDT 2021,82,42,1
1625090164785,Wed Jun 30 14:56:04 PDT 2021,82,43,-1
1625093067008,Wed Jun 30 15:44:27 PDT 2021,82,45,-1
1625095624062,Wed Jun 30 16:27:04 PDT 2021,82,46,0
1625095311138,Wed Jun 30 16:21:51 PDT 2021,82,47,-1
1625096297165,Wed Jun 30 16:38:17 PDT 2021,82,48,0
1625099603942,Wed Jun 30 17:33:23 PDT 2021,82,50,-1
1625102981999,Wed Jun 30 18:29:41 PDT 2021,82,52,0
1625101868353,Wed Jun 30 18:11:08 PDT 2021,82,53,-1
1625101784725,Wed Jun 30 18:09:44 PDT 2021,82,54,-1
1625108397045,Wed Jun 30 19:59:57 PDT 2021,82,55,-1
1625116457639,Wed Jun 30 22:14:17 PDT 2021,82,57,-1
1625118371324,Wed Jun 30 22:46:11 PDT 2021,82,59,-1
1625151092913,Thu Jul 01 07:51:32 PDT 2021,82,61,-1
1625152771982,Thu Jul 01 08:19:31 PDT 2021,82,62,-1
1625154654862,Thu Jul 01 08:50:54 PDT 2021,82,63,-1
1625156045371,Thu Jul 01 09:14:05 PDT 2021,82,64,0
1625158322074,Thu Jul 01 09:52:02 PDT 2021,82,65,-1
1625410989858,Sun Jul 04 08:03:09 PDT 2021,82,66,0
1625160006522,Thu Jul 01 10:20:06 PDT 2021,82,68,-1
1625160379485,Thu Jul 01 10:26:19 PDT 2021,82,69,-1
1625168094139,Thu Jul 01 12:34:54 PDT 2021,82,70,0
1625162878925,Thu Jul 01 11:07:58 PDT 2021,82,71,-1
1625163701870,Thu Jul 01 11:21:41 PDT 2021,82,73,-1
1625167032827,Thu Jul 01 12:17:12 PDT 2021,82,74,0
1625165221058,Thu Jul 01 11:47:01 PDT 2021,82,85,-1
1625168940018,Thu Jul 01 12:49:00 PDT 2021,82,92,-1
1625175460293,Thu Jul 01 14:37:40 PDT 2021,82,94,0
1625179811267,Thu Jul 01 15:50:11 PDT 2021,82,95,-1
1625183312798,Thu Jul 01 16:48:32 PDT 2021,82,96,-1
1626145488844,Mon Jul 12 20:04:48 PDT 2021,82,98,0
1625191653593,Thu Jul 01 19:07:33 PDT 2021,82,100,-1
1625191344619,Thu Jul 01 19:02:24 PDT 2021,82,101,-1
1625200314305,Thu Jul 01 21:31:54 PDT 2021,82,102,-1
1625238438672,Fri Jul 02 08:07:18 PDT 2021,82,103,0
1625242055844,Fri Jul 02 09:07:35 PDT 2021,82,104,0
1625242477360,Fri Jul 02 09:14:37 PDT 2021,82,106,-1
1625246569327,Fri Jul 02 10:22:49 PDT 2021,82,107,-1
1625267089202,Fri Jul 02 16:04:49 PDT 2021,82,111,-1
1625276664543,Fri Jul 02 18:44:24 PDT 2021,82,112,-1
1625329730351,Sat Jul 03 09:28:50 PDT 2021,82,118,-1
1625334257375,Sat Jul 03 10:44:17 PDT 2021,82,119,-1
1625365191488,Sat Jul 03 19:19:51 PDT 2021,82,121,-1
1625365804769,Sat Jul 03 19:30:04 PDT 2021,82,122,-1
1625366613219,Sat Jul 03 19:43:33 PDT 2021,82,123,-1
1625376370821,Sat Jul 03 22:26:10 PDT 2021,82,124,-1
1625415106220,Sun Jul 04 09:11:46 PDT 2021,82,127,0
1625425189619,Sun Jul 04 11:59:49 PDT 2021,82,131,-1
1625429317147,Sun Jul 04 13:08:37 PDT 2021,82,132,-1
1625436479672,Sun Jul 04 15:07:59 PDT 2021,82,135,0
1625437083702,Sun Jul 04 15:18:03 PDT 2021,82,136,0
1625437442315,Sun Jul 04 15:24:02 PDT 2021,82,137,-1
1625452513091,Sun Jul 04 19:35:13 PDT 2021,82,141,-1
1625463545124,Sun Jul 04 22:39:05 PDT 2021,82,145,-1
1625497048007,Mon Jul 05 07:57:28 PDT 2021,82,147,-1
1625594175767,Tue Jul 06 10:56:15 PDT 2021,82,151,0
1625603061127,Tue Jul 06 13:24:21 PDT 2021,82,152,-1
1625614279941,Tue Jul 06 16:31:19 PDT 2021,82,153,-1
1625611995177,Tue Jul 06 15:53:15 PDT 2021,82,155,1
1625627853071,Tue Jul 06 20:17:33 PDT 2021,82,156,1
1625636124462,Tue Jul 06 22:35:24 PDT 2021,82,157,-1
1625673555007,Wed Jul 07 08:59:15 PDT 2021,82,160,0
1625675014016,Wed Jul 07 09:23:34 PDT 2021,82,161,-1
1625675703002,Wed Jul 07 09:35:03 PDT 2021,82,162,0
1625676953930,Wed Jul 07 09:55:53 PDT 2021,82,163,-1
1625678893707,Wed Jul 07 10:28:13 PDT 2021,82,166,0
1625694440959,Wed Jul 07 14:47:20 PDT 2021,82,173,-1
1625694415183,Wed Jul 07 14:46:55 PDT 2021,82,174,-1
1625696908910,Wed Jul 07 15:28:28 PDT 2021,82,181,-1
1625698969372,Wed Jul 07 16:02:49 PDT 2021,82,183,-1
1625700280118,Wed Jul 07 16:24:40 PDT 2021,82,186,-1
1625701218355,Wed Jul 07 16:40:18 PDT 2021,82,187,0
1625700651165,Wed Jul 07 16:30:51 PDT 2021,82,188,-1
1625703297936,Wed Jul 07 17:14:57 PDT 2021,82,189,-1
1625711321680,Wed Jul 07 19:28:41 PDT 2021,82,194,-1
1625723261787,Wed Jul 07 22:47:41 PDT 2021,82,196,-1
1625773024470,Thu Jul 08 12:37:04 PDT 2021,82,198,0
1625759701871,Thu Jul 08 08:55:01 PDT 2021,82,199,-1
1625763117841,Thu Jul 08 09:51:57 PDT 2021,82,201,-1
1625763954947,Thu Jul 08 10:05:54 PDT 2021,82,203,-1
1625770800200,Thu Jul 08 12:00:00 PDT 2021,82,205,-1
1625782659910,Thu Jul 08 15:17:39 PDT 2021,82,207,0
1625784542319,Thu Jul 08 15:49:02 PDT 2021,82,208,0
1625787160054,Thu Jul 08 16:32:40 PDT 2021,82,209,-1
1625845566355,Fri Jul 09 08:46:06 PDT 2021,82,215,-1
1625856264983,Fri Jul 09 11:44:24 PDT 2021,82,217,0
1625865086233,Fri Jul 09 14:11:26 PDT 2021,82,218,0
1625868783192,Fri Jul 09 15:13:03 PDT 2021,82,219,-1
1625921936061,Sat Jul 10 05:58:56 PDT 2021,82,223,-1
1625922722701,Sat Jul 10 06:12:02 PDT 2021,82,224,0
1625930043848,Sat Jul 10 08:14:03 PDT 2021,82,226,-1
1625966070633,Sat Jul 10 18:14:30 PDT 2021,82,232,-1
1625982773308,Sat Jul 10 22:52:53 PDT 2021,82,234,-1
1626012872950,Sun Jul 11 07:14:32 PDT 2021,82,236,-1
1626015749853,Sun Jul 11 08:02:29 PDT 2021,82,237,-1
1626016058595,Sun Jul 11 08:07:38 PDT 2021,82,238,-1
1626019047147,Sun Jul 11 08:57:27 PDT 2021,82,239,-1
1626027737979,Sun Jul 11 11:22:17 PDT 2021,82,240,-1
1626032106141,Sun Jul 11 12:35:06 PDT 2021,82,241,-1
1626034177334,Sun Jul 11 13:09:37 PDT 2021,82,243,-1
1626063973041,Sun Jul 11 21:26:13 PDT 2021,82,248,-1
1626097999161,Mon Jul 12 06:53:19 PDT 2021,82,250,-1
1626160610527,Tue Jul 13 00:16:50 PDT 2021,82,255,0
1626185410771,Tue Jul 13 07:10:10 PDT 2021,82,256,-1
1626214541437,Tue Jul 13 15:15:41 PDT 2021,82,260,-1
1626220873009,Tue Jul 13 17:01:13 PDT 2021,82,263,-1
1626298494695,Wed Jul 14 14:34:54 PDT 2021,82,265,-1
1626384456118,Thu Jul 15 14:27:36 PDT 2021,82,267,-1
1626386520514,Thu Jul 15 15:02:00 PDT 2021,82,271,0
1626456375784,Fri Jul 16 10:26:15 PDT 2021,82,274,0
1626472213586,Fri Jul 16 14:50:13 PDT 2021,82,275,-1
1626493206871,Fri Jul 16 20:40:06 PDT 2021,82,276,0
1626541591833,Sat Jul 17 10:06:31 PDT 2021,82,278,-1
1626546453184,Sat Jul 17 11:27:33 PDT 2021,82,280,0
1626552910658,Sat Jul 17 13:15:10 PDT 2021,82,281,-1
1626554210860,Sat Jul 17 13:36:50 PDT 2021,82,282,-1
1626571194726,Sat Jul 17 18:19:54 PDT 2021,82,284,-1
1626584963464,Sat Jul 17 22:09:23 PDT 2021,82,286,-1
1626713460897,Mon Jul 19 09:51:00 PDT 2021,82,288,0
1626721021069,Mon Jul 19 11:57:01 PDT 2021,82,291,0
1626738126707,Mon Jul 19 16:42:06 PDT 2021,82,294,-1
1626752667708,Mon Jul 19 20:44:27 PDT 2021,82,295,0
1626792602828,Tue Jul 20 07:50:02 PDT 2021,82,296,-1
1626799406119,Tue Jul 20 09:43:26 PDT 2021,82,298,-1
1626910386365,Wed Jul 21 16:33:06 PDT 2021,82,299,0
1626965485278,Thu Jul 22 07:51:25 PDT 2021,82,300,0
1627001643722,Thu Jul 22 17:54:03 PDT 2021,82,302,-1
1627002785115,Thu Jul 22 18:13:05 PDT 2021,82,303,-1
1627009252529,Thu Jul 22 20:00:52 PDT 2021,82,305,-1
1627084582612,Fri Jul 23 16:56:22 PDT 2021,82,309,1
1627085943698,Fri Jul 23 17:19:03 PDT 2021,82,310,1
1627086681196,Fri Jul 23 17:31:21 PDT 2021,82,311,1
1627088657399,Fri Jul 23 18:04:17 PDT 2021,82,312,1
1627100405851,Fri Jul 23 21:20:05 PDT 2021,82,313,1
1627101263702,Fri Jul 23 21:34:23 PDT 2021,82,314,1
1627102159864,Fri Jul 23 21:49:19 PDT 2021,82,315,1
1627163381513,Sat Jul 24 14:49:41 PDT 2021,82,317,0
1627188316520,Sat Jul 24 21:45:16 PDT 2021,82,318,-1
1627192326032,Sat Jul 24 22:52:06 PDT 2021,82,319,-1
1627408084246,Tue Jul 27 10:48:04 PDT 2021,82,322,-1
1627425872099,Tue Jul 27 15:44:32 PDT 2021,82,326,0
1627505381576,Wed Jul 28 13:49:41 PDT 2021,82,337,-1
1627509235278,Wed Jul 28 14:53:55 PDT 2021,82,343,1
1627515610619,Wed Jul 28 16:40:10 PDT 2021,82,348,0
1627524341483,Wed Jul 28 19:05:41 PDT 2021,82,353,-1
1627522470598,Wed Jul 28 18:34:30 PDT 2021,82,356,-1
1627530710586,Wed Jul 28 20:51:50 PDT 2021,82,357,-1
1627574121836,Thu Jul 29 08:55:21 PDT 2021,82,366,1
1627578798367,Thu Jul 29 10:13:18 PDT 2021,82,368,-1
1627587473015,Thu Jul 29 12:37:53 PDT 2021,82,373,-1
1627610110911,Thu Jul 29 18:55:10 PDT 2021,82,376,0
1627656516461,Fri Jul 30 07:48:36 PDT 2021,82,380,-1
1627664392350,Fri Jul 30 09:59:52 PDT 2021,82,382,-1
1627668101884,Fri Jul 30 11:01:41 PDT 2021,82,384,-1
1627676423678,Fri Jul 30 13:20:23 PDT 2021,82,386,-1
1627681925600,Fri Jul 30 14:52:05 PDT 2021,82,388,-1
1627683069718,Fri Jul 30 15:11:09 PDT 2021,82,389,-1
1627703890917,Fri Jul 30 20:58:10 PDT 2021,82,396,-1
1627770865574,Sat Jul 31 15:34:25 PDT 2021,82,401,-1
1627772430997,Sat Jul 31 16:00:30 PDT 2021,82,402,-1
1627777438929,Sat Jul 31 17:23:58 PDT 2021,82,403,-1
1627837725984,Sun Aug 01 10:08:45 PDT 2021,82,404,-1
1625023044663,Tue Jun 29 20:17:24 PDT 2021,83,0,1
1625011578861,Tue Jun 29 17:06:18 PDT 2021,83,22,1
1625019633120,Tue Jun 29 19:20:33 PDT 2021,83,24,1
1625019731881,Tue Jun 29 19:22:11 PDT 2021,83,25,1
1625019812695,Tue Jun 29 19:23:32 PDT 2021,83,26,1
1625021566306,Tue Jun 29 19:52:46 PDT 2021,83,27,1
1625055448917,Wed Jun 30 05:17:28 PDT 2021,83,28,1
1625057823792,Wed Jun 30 05:57:03 PDT 2021,83,30,1
1625064374265,Wed Jun 30 07:46:14 PDT 2021,83,33,-1
1625066274245,Wed Jun 30 08:17:54 PDT 2021,83,34,0
1625068228530,Wed Jun 30 08:50:28 PDT 2021,83,35,0
1625069297032,Wed Jun 30 09:08:17 PDT 2021,83,36,1
1625071415560,Wed Jun 30 09:43:35 PDT 2021,83,37,0
1625072186186,Wed Jun 30 09:56:26 PDT 2021,83,38,0
1625082234306,Wed Jun 30 12:43:54 PDT 2021,83,40,0
1625099401335,Wed Jun 30 17:30:01 PDT 2021,83,41,0
1625086425171,Wed Jun 30 13:53:45 PDT 2021,83,42,1
1625089824589,Wed Jun 30 14:50:24 PDT 2021,83,43,1
1625092203890,Wed Jun 30 15:30:03 PDT 2021,83,44,1
1625093139275,Wed Jun 30 15:45:39 PDT 2021,83,45,0
1625095450998,Wed Jun 30 16:24:10 PDT 2021,83,46,1
1625095231172,Wed Jun 30 16:20:31 PDT 2021,83,47,0
1625095959723,Wed Jun 30 16:32:39 PDT 2021,83,48,-1
1625099153766,Wed Jun 30 17:25:53 PDT 2021,83,50,0
1625101219170,Wed Jun 30 18:00:19 PDT 2021,83,52,-1
1625101742835,Wed Jun 30 18:09:02 PDT 2021,83,53,-1
1625101389431,Wed Jun 30 18:03:09 PDT 2021,83,54,1
1625108325106,Wed Jun 30 19:58:45 PDT 2021,83,55,1
1625112147503,Wed Jun 30 21:02:27 PDT 2021,83,56,0
1625116418076,Wed Jun 30 22:13:38 PDT 2021,83,57,-1
1625117490331,Wed Jun 30 22:31:30 PDT 2021,83,58,-1
1625118168910,Wed Jun 30 22:42:48 PDT 2021,83,59,0
1625150345446,Thu Jul 01 07:39:05 PDT 2021,83,61,-1
1625151498841,Thu Jul 01 07:58:18 PDT 2021,83,62,-1
1625154296823,Thu Jul 01 08:44:56 PDT 2021,83,63,0
1625155508402,Thu Jul 01 09:05:08 PDT 2021,83,64,-1
1625157933819,Thu Jul 01 09:45:33 PDT 2021,83,65,1
1625409999434,Sun Jul 04 07:46:39 PDT 2021,83,66,0
1625159675814,Thu Jul 01 10:14:35 PDT 2021,83,68,-1
1625159883181,Thu Jul 01 10:18:03 PDT 2021,83,69,-1
1625167870583,Thu Jul 01 12:31:10 PDT 2021,83,70,-1
1625162275063,Thu Jul 01 10:57:55 PDT 2021,83,71,-1
1625163533611,Thu Jul 01 11:18:53 PDT 2021,83,73,-1
1625163697071,Thu Jul 01 11:21:37 PDT 2021,83,74,0
1625164213766,Thu Jul 01 11:30:13 PDT 2021,83,83,-1
1625164436637,Thu Jul 01 11:33:56 PDT 2021,83,84,-1
1625164977157,Thu Jul 01 11:42:57 PDT 2021,83,85,-1
1625165337701,Thu Jul 01 11:48:57 PDT 2021,83,86,-1
1625165991242,Thu Jul 01 11:59:51 PDT 2021,83,90,-1
1625168407819,Thu Jul 01 12:40:07 PDT 2021,83,92,0
1625174710607,Thu Jul 01 14:25:10 PDT 2021,83,94,1
1625179373699,Thu Jul 01 15:42:53 PDT 2021,83,95,0
1625182989243,Thu Jul 01 16:43:09 PDT 2021,83,96,0
1626144881308,Mon Jul 12 19:54:41 PDT 2021,83,98,0
1625190786667,Thu Jul 01 18:53:06 PDT 2021,83,100,-1
1625191164671,Thu Jul 01 18:59:24 PDT 2021,83,101,-1
1625200151723,Thu Jul 01 21:29:11 PDT 2021,83,102,-1
1625238227860,Fri Jul 02 08:03:47 PDT 2021,83,103,-1
1625241688575,Fri Jul 02 09:01:28 PDT 2021,83,104,0
1625241716572,Fri Jul 02 09:01:56 PDT 2021,83,105,1
1625241776528,Fri Jul 02 09:02:56 PDT 2021,83,106,0
1625245672119,Fri Jul 02 10:07:52 PDT 2021,83,107,1
1625266315788,Fri Jul 02 15:51:55 PDT 2021,83,111,-1
1625274094461,Fri Jul 02 18:01:34 PDT 2021,83,112,-1
1625281812331,Fri Jul 02 20:10:12 PDT 2021,83,113,0
1625329498520,Sat Jul 03 09:24:58 PDT 2021,83,118,0
1625333877177,Sat Jul 03 10:37:57 PDT 2021,83,119,-1
1625362289476,Sat Jul 03 18:31:29 PDT 2021,83,120,0
1625364567709,Sat Jul 03 19:09:27 PDT 2021,83,121,1
1625365713214,Sat Jul 03 19:28:33 PDT 2021,83,122,1
1625366015346,Sat Jul 03 19:33:35 PDT 2021,83,123,1
1625375398856,Sat Jul 03 22:09:58 PDT 2021,83,124,1
1625414032554,Sun Jul 04 08:53:52 PDT 2021,83,127,-1
1625424314601,Sun Jul 04 11:45:14 PDT 2021,83,131,-1
1625428762480,Sun Jul 04 12:59:22 PDT 2021,83,132,1
1625435231051,Sun Jul 04 14:47:11 PDT 2021,83,135,0
1625436774659,Sun Jul 04 15:12:54 PDT 2021,83,136,-1
1625436975715,Sun Jul 04 15:16:15 PDT 2021,83,137,0
1625452118818,Sun Jul 04 19:28:38 PDT 2021,83,141,-1
1625461107021,Sun Jul 04 21:58:27 PDT 2021,83,144,0
1625462314109,Sun Jul 04 22:18:34 PDT 2021,83,145,0
1625496203897,Mon Jul 05 07:43:23 PDT 2021,83,147,-1
1625528754258,Mon Jul 05 16:45:54 PDT 2021,83,148,0
1625593892323,Tue Jul 06 10:51:32 PDT 2021,83,151,0
1625602778413,Tue Jul 06 13:19:38 PDT 2021,83,152,0
1625613685468,Tue Jul 06 16:21:25 PDT 2021,83,153,-1
1625611767033,Tue Jul 06 15:49:27 PDT 2021,83,155,1
1625627257645,Tue Jul 06 20:07:37 PDT 2021,83,156,1
1625635836113,Tue Jul 06 22:30:36 PDT 2021,83,157,1
1625673149018,Wed Jul 07 08:52:29 PDT 2021,83,160,0
1625674647164,Wed Jul 07 09:17:27 PDT 2021,83,161,1
1625675485489,Wed Jul 07 09:31:25 PDT 2021,83,162,0
1625676700952,Wed Jul 07 09:51:40 PDT 2021,83,163,1
1625678442569,Wed Jul 07 10:20:42 PDT 2021,83,166,0
1625693081113,Wed Jul 07 14:24:41 PDT 2021,83,173,0
1625693868690,Wed Jul 07 14:37:48 PDT 2021,83,174,1
1625695359569,Wed Jul 07 15:02:39 PDT 2021,83,178,0
1625696567214,Wed Jul 07 15:22:47 PDT 2021,83,181,0
1625697067256,Wed Jul 07 15:31:07 PDT 2021,83,182,1
1625697931062,Wed Jul 07 15:45:31 PDT 2021,83,183,1
1625700045382,Wed Jul 07 16:20:45 PDT 2021,83,186,1
1625701084440,Wed Jul 07 16:38:04 PDT 2021,83,187,1
1625700903428,Wed Jul 07 16:35:03 PDT 2021,83,188,1
1625702848656,Wed Jul 07 17:07:28 PDT 2021,83,189,-1
1625709618916,Wed Jul 07 19:00:18 PDT 2021,83,191,1
1625709859079,Wed Jul 07 19:04:19 PDT 2021,83,193,1
1625710902524,Wed Jul 07 19:21:42 PDT 2021,83,194,-1
1625722811613,Wed Jul 07 22:40:11 PDT 2021,83,196,1
1625772669676,Thu Jul 08 12:31:09 PDT 2021,83,198,-1
1625758886733,Thu Jul 08 08:41:26 PDT 2021,83,199,-1
1625760171200,Thu Jul 08 09:02:51 PDT 2021,83,200,0
1625762574434,Thu Jul 08 09:42:54 PDT 2021,83,201,1
1625763685411,Thu Jul 08 10:01:25 PDT 2021,83,203,1
1625770581408,Thu Jul 08 11:56:21 PDT 2021,83,205,1
1625782021776,Thu Jul 08 15:07:01 PDT 2021,83,207,0
1625784115974,Thu Jul 08 15:41:55 PDT 2021,83,208,1
1625786755398,Thu Jul 08 16:25:55 PDT 2021,83,209,0
1625787720981,Thu Jul 08 16:42:00 PDT 2021,83,210,-1
1625796283186,Thu Jul 08 19:04:43 PDT 2021,83,212,0
1625844371162,Fri Jul 09 08:26:11 PDT 2021,83,215,-1
1625855849128,Fri Jul 09 11:37:29 PDT 2021,83,217,-1
1625863338144,Fri Jul 09 13:42:18 PDT 2021,83,218,1
1625867933783,Fri Jul 09 14:58:53 PDT 2021,83,219,1
1625921220620,Sat Jul 10 05:47:00 PDT 2021,83,223,0
1625922340119,Sat Jul 10 06:05:40 PDT 2021,83,224,0
1625926500084,Sat Jul 10 07:15:00 PDT 2021,83,225,-1
1625928961656,Sat Jul 10 07:56:01 PDT 2021,83,226,-1
1625932547554,Sat Jul 10 08:55:47 PDT 2021,83,227,0
1625939748323,Sat Jul 10 10:55:48 PDT 2021,83,228,1
1625961767940,Sat Jul 10 17:02:47 PDT 2021,83,231,-1
1625965322035,Sat Jul 10 18:02:02 PDT 2021,83,232,1
1625971523719,Sat Jul 10 19:45:23 PDT 2021,83,233,0
1625982421274,Sat Jul 10 22:47:01 PDT 2021,83,234,-1
1626012481650,Sun Jul 11 07:08:01 PDT 2021,83,236,0
1626014967885,Sun Jul 11 07:49:27 PDT 2021,83,237,-1
1626015561947,Sun Jul 11 07:59:21 PDT 2021,83,238,1
1626018545760,Sun Jul 11 08:49:05 PDT 2021,83,239,1
1626027451703,Sun Jul 11 11:17:31 PDT 2021,83,240,1
1626031678565,Sun Jul 11 12:27:58 PDT 2021,83,241,0
1626033843613,Sun Jul 11 13:04:03 PDT 2021,83,243,1
1626050913724,Sun Jul 11 17:48:33 PDT 2021,83,246,0
1626063262367,Sun Jul 11 21:14:22 PDT 2021,83,248,1
1626097512074,Mon Jul 12 06:45:12 PDT 2021,83,250,1
1626101128378,Mon Jul 12 07:45:28 PDT 2021,83,251,1
1626160294162,Tue Jul 13 00:11:34 PDT 2021,83,255,0
1626184256908,Tue Jul 13 06:50:56 PDT 2021,83,256,1
1626198136536,Tue Jul 13 10:42:16 PDT 2021,83,257,1
1626641279952,Sun Jul 18 13:47:59 PDT 2021,83,258,0
1626214165270,Tue Jul 13 15:09:25 PDT 2021,83,260,-1
1626218930656,Tue Jul 13 16:28:50 PDT 2021,83,262,0
1626235357081,Tue Jul 13 21:02:37 PDT 2021,83,265,-1
1626383258884,Thu Jul 15 14:07:38 PDT 2021,83,267,0
1626385983875,Thu Jul 15 14:53:03 PDT 2021,83,271,0
1626455393632,Fri Jul 16 10:09:53 PDT 2021,83,274,-1
1626471173269,Fri Jul 16 14:32:53 PDT 2021,83,275,0
1626492775345,Fri Jul 16 20:32:55 PDT 2021,83,276,0
1626540406415,Sat Jul 17 09:46:46 PDT 2021,83,278,1
1626540720899,Sat Jul 17 09:52:00 PDT 2021,83,279,0
1626545292676,Sat Jul 17 11:08:12 PDT 2021,83,280,1
1626552457570,Sat Jul 17 13:07:37 PDT 2021,83,281,0
1626553668150,Sat Jul 17 13:27:48 PDT 2021,83,282,1
1626568180357,Sat Jul 17 17:29:40 PDT 2021,83,284,-1
1626584556263,Sat Jul 17 22:02:36 PDT 2021,83,286,1
1626713059096,Mon Jul 19 09:44:19 PDT 2021,83,288,0
1626716545297,Mon Jul 19 10:42:25 PDT 2021,83,290,1
1626719757927,Mon Jul 19 11:35:57 PDT 2021,83,291,1
1626724277267,Mon Jul 19 12:51:17 PDT 2021,83,292,0
1626737606137,Mon Jul 19 16:33:26 PDT 2021,83,294,0
1626751893315,Mon Jul 19 20:31:33 PDT 2021,83,295,-1
1626791788755,Tue Jul 20 07:36:28 PDT 2021,83,296,-1
1626799077428,Tue Jul 20 09:37:57 PDT 2021,83,298,0
1626909244378,Wed Jul 21 16:14:04 PDT 2021,83,299,1
1626965201795,Thu Jul 22 07:46:41 PDT 2021,83,300,0
1626919156654,Wed Jul 21 18:59:16 PDT 2021,83,301,1
1627000989424,Thu Jul 22 17:43:09 PDT 2021,83,302,0
1627002634746,Thu Jul 22 18:10:34 PDT 2021,83,303,-1
1627008993347,Thu Jul 22 19:56:33 PDT 2021,83,305,1
1627083695082,Fri Jul 23 16:41:35 PDT 2021,83,309,1
1627085463594,Fri Jul 23 17:11:03 PDT 2021,83,310,1
1627087109761,Fri Jul 23 17:38:29 PDT 2021,83,311,1
1627087836913,Fri Jul 23 17:50:36 PDT 2021,83,312,1
1627100106496,Fri Jul 23 21:15:06 PDT 2021,83,313,1
1627100604432,Fri Jul 23 21:23:24 PDT 2021,83,314,1
1627101943029,Fri Jul 23 21:45:43 PDT 2021,83,315,1
1627162738511,Sat Jul 24 14:38:58 PDT 2021,83,317,-1
1627187190854,Sat Jul 24 21:26:30 PDT 2021,83,318,-1
1627191833441,Sat Jul 24 22:43:53 PDT 2021,83,319,-1
1627407815841,Tue Jul 27 10:43:35 PDT 2021,83,322,-1
1627415065036,Tue Jul 27 12:44:25 PDT 2021,83,325,1
1627425652496,Tue Jul 27 15:40:52 PDT 2021,83,326,0
1627451068837,Tue Jul 27 22:44:28 PDT 2021,83,328,1
1627451492000,Tue Jul 27 22:51:32 PDT 2021,83,329,1
1627502823650,Wed Jul 28 13:07:03 PDT 2021,83,332,1
1627504267978,Wed Jul 28 13:31:07 PDT 2021,83,334,1
1627504023111,Wed Jul 28 13:27:03 PDT 2021,83,335,0
1627505246445,Wed Jul 28 13:47:26 PDT 2021,83,337,1
1627505685844,Wed Jul 28 13:54:45 PDT 2021,83,339,1
1627506588413,Wed Jul 28 14:09:48 PDT 2021,83,341,1
1627509136584,Wed Jul 28 14:52:16 PDT 2021,83,343,1
1627509422273,Wed Jul 28 14:57:02 PDT 2021,83,345,1
1627515153539,Wed Jul 28 16:32:33 PDT 2021,83,348,1
1627523463475,Wed Jul 28 18:51:03 PDT 2021,83,353,-1
1627522063006,Wed Jul 28 18:27:43 PDT 2021,83,356,1
1627529679806,Wed Jul 28 20:34:39 PDT 2021,83,357,1
1627531943940,Wed Jul 28 21:12:23 PDT 2021,83,358,1
1627536135877,Wed Jul 28 22:22:15 PDT 2021,83,361,0
1627573441318,Thu Jul 29 08:44:01 PDT 2021,83,366,1
1627583253289,Thu Jul 29 11:27:33 PDT 2021,83,369,1
1627583784154,Thu Jul 29 11:36:24 PDT 2021,83,371,1
1627586995731,Thu Jul 29 12:29:55 PDT 2021,83,373,1
1627595265508,Thu Jul 29 14:47:45 PDT 2021,83,375,1
1627608964223,Thu Jul 29 18:36:04 PDT 2021,83,376,1
1627655981070,Fri Jul 30 07:39:41 PDT 2021,83,380,0
1627656611562,Fri Jul 30 07:50:11 PDT 2021,83,381,0
1627664079049,Fri Jul 30 09:54:39 PDT 2021,83,382,-1
1627666379842,Fri Jul 30 10:32:59 PDT 2021,83,384,1
1627675814320,Fri Jul 30 13:10:14 PDT 2021,83,386,-1
1627675961699,Fri Jul 30 13:12:41 PDT 2021,83,387,0
1627680946404,Fri Jul 30 14:35:46 PDT 2021,83,388,0
1627681925763,Fri Jul 30 14:52:05 PDT 2021,83,389,1
1627684603094,Fri Jul 30 15:36:43 PDT 2021,83,392,1
1627686316052,Fri Jul 30 16:05:16 PDT 2021,83,394,1
1627702495698,Fri Jul 30 20:34:55 PDT 2021,83,396,1
1627752563415,Sat Jul 31 10:29:23 PDT 2021,83,398,1
1627759848021,Sat Jul 31 12:30:48 PDT 2021,83,400,1
1627769586632,Sat Jul 31 15:13:06 PDT 2021,83,401,1
1627771757699,Sat Jul 31 15:49:17 PDT 2021,83,402,-1
1627775213415,Sat Jul 31 16:46:53 PDT 2021,83,403,-1
1627837626348,Sun Aug 01 10:07:06 PDT 2021,83,404,-1
1625022994954,Tue Jun 29 20:16:34 PDT 2021,84,0,1
1625011741368,Tue Jun 29 17:09:01 PDT 2021,84,22,1
1625019595985,Tue Jun 29 19:19:55 PDT 2021,84,24,1
1625019712332,Tue Jun 29 19:21:52 PDT 2021,84,25,1
1625019665845,Tue Jun 29 19:21:05 PDT 2021,84,26,1
1625021669428,Tue Jun 29 19:54:29 PDT 2021,84,27,0
1625055343202,Wed Jun 30 05:15:43 PDT 2021,84,28,0
1625057734222,Wed Jun 30 05:55:34 PDT 2021,84,30,1
1625064491823,Wed Jun 30 07:48:11 PDT 2021,84,33,1
1625066475946,Wed Jun 30 08:21:15 PDT 2021,84,34,1
1625068295398,Wed Jun 30 08:51:35 PDT 2021,84,35,1
1625069019239,Wed Jun 30 09:03:39 PDT 2021,84,36,1
1625071752071,Wed Jun 30 09:49:12 PDT 2021,84,37,0
1625072163850,Wed Jun 30 09:56:03 PDT 2021,84,38,1
1625082361304,Wed Jun 30 12:46:01 PDT 2021,84,40,1
1625099213912,Wed Jun 30 17:26:53 PDT 2021,84,41,-1
1625086169755,Wed Jun 30 13:49:29 PDT 2021,84,42,1
1625089966941,Wed Jun 30 14:52:46 PDT 2021,84,43,1
1625092814655,Wed Jun 30 15:40:14 PDT 2021,84,45,1
1625095276975,Wed Jun 30 16:21:16 PDT 2021,84,46,0
1625094974664,Wed Jun 30 16:16:14 PDT 2021,84,47,0
1625095864815,Wed Jun 30 16:31:04 PDT 2021,84,48,1
1625099454397,Wed Jun 30 17:30:54 PDT 2021,84,50,1
1625101238055,Wed Jun 30 18:00:38 PDT 2021,84,52,-1
1625101706979,Wed Jun 30 18:08:26 PDT 2021,84,53,-1
1625101740842,Wed Jun 30 18:09:00 PDT 2021,84,54,1
1625108283329,Wed Jun 30 19:58:03 PDT 2021,84,55,1
1625112260423,Wed Jun 30 21:04:20 PDT 2021,84,56,1
1625116150256,Wed Jun 30 22:09:10 PDT 2021,84,57,1
1625117883069,Wed Jun 30 22:38:03 PDT 2021,84,59,1
1625120661695,Wed Jun 30 23:24:21 PDT 2021,84,60,1
1625150789705,Thu Jul 01 07:46:29 PDT 2021,84,61,1
1625150994944,Thu Jul 01 07:49:54 PDT 2021,84,62,1
1625153265267,Thu Jul 01 08:27:45 PDT 2021,84,63,0
1625155617617,Thu Jul 01 09:06:57 PDT 2021,84,64,1
1625157907091,Thu Jul 01 09:45:07 PDT 2021,84,65,1
1625410052412,Sun Jul 04 07:47:32 PDT 2021,84,66,0
1625159489616,Thu Jul 01 10:11:29 PDT 2021,84,68,1
1625159764665,Thu Jul 01 10:16:04 PDT 2021,84,69,1
1625159958508,Thu Jul 01 10:19:18 PDT 2021,84,70,1
1625162120247,Thu Jul 01 10:55:20 PDT 2021,84,71,-1
1625163601648,Thu Jul 01 11:20:01 PDT 2021,84,73,-1
1625163897425,Thu Jul 01 11:24:57 PDT 2021,84,74,0
1625164011125,Thu Jul 01 11:26:51 PDT 2021,84,83,-1
1625164431620,Thu Jul 01 11:33:51 PDT 2021,84,84,-1
1625164951791,Thu Jul 01 11:42:31 PDT 2021,84,85,-1
1625165419524,Thu Jul 01 11:50:19 PDT 2021,84,86,-1
1625165862805,Thu Jul 01 11:57:42 PDT 2021,84,89,-1
1625168341833,Thu Jul 01 12:39:01 PDT 2021,84,92,1
1625173763188,Thu Jul 01 14:09:23 PDT 2021,84,93,1
1625175151140,Thu Jul 01 14:32:31 PDT 2021,84,94,1
1625174951004,Thu Jul 01 14:29:11 PDT 2021,84,95,1
1625182984777,Thu Jul 01 16:43:04 PDT 2021,84,96,1
1626140708470,Mon Jul 12 18:45:08 PDT 2021,84,98,1
1625190190386,Thu Jul 01 18:43:10 PDT 2021,84,99,1
1625190598945,Thu Jul 01 18:49:58 PDT 2021,84,100,1
1625191127374,Thu Jul 01 18:58:47 PDT 2021,84,101,1
1625199715342,Thu Jul 01 21:21:55 PDT 2021,84,102,1
1625238167684,Fri Jul 02 08:02:47 PDT 2021,84,103,0
1625241245874,Fri Jul 02 08:54:05 PDT 2021,84,104,1
1625241759372,Fri Jul 02 09:02:39 PDT 2021,84,105,1
1625241970555,Fri Jul 02 09:06:10 PDT 2021,84,106,0
1625245679895,Fri Jul 02 10:07:59 PDT 2021,84,107,-1
1625265231621,Fri Jul 02 15:33:51 PDT 2021,84,110,1
1625266234962,Fri Jul 02 15:50:34 PDT 2021,84,111,1
1625274472217,Fri Jul 02 18:07:52 PDT 2021,84,112,1
1625295569509,Fri Jul 02 23:59:29 PDT 2021,84,115,1
1625320308047,Sat Jul 03 06:51:48 PDT 2021,84,116,0
1625329242637,Sat Jul 03 09:20:42 PDT 2021,84,118,-1
1625333372159,Sat Jul 03 10:29:32 PDT 2021,84,119,-1
1625361935100,Sat Jul 03 18:25:35 PDT 2021,84,120,1
1625364620456,Sat Jul 03 19:10:20 PDT 2021,84,121,-1
1625365588151,Sat Jul 03 19:26:28 PDT 2021,84,122,-1
1625366281342,Sat Jul 03 19:38:01 PDT 2021,84,123,1
1625374664332,Sat Jul 03 21:57:44 PDT 2021,84,124,1
1625384353459,Sun Jul 04 00:39:13 PDT 2021,84,125,1
1625410318194,Sun Jul 04 07:51:58 PDT 2021,84,126,1
1625414161094,Sun Jul 04 08:56:01 PDT 2021,84,127,1
1625424350277,Sun Jul 04 11:45:50 PDT 2021,84,131,1
1625428769459,Sun Jul 04 12:59:29 PDT 2021,84,132,1
1625435646768,Sun Jul 04 14:54:06 PDT 2021,84,135,1
1625436699768,Sun Jul 04 15:11:39 PDT 2021,84,136,0
1625436849531,Sun Jul 04 15:14:09 PDT 2021,84,137,1
1625452368500,Sun Jul 04 19:32:48 PDT 2021,84,141,1
1625454567588,Sun Jul 04 20:09:27 PDT 2021,84,142,1
1625460996350,Sun Jul 04 21:56:36 PDT 2021,84,144,1
1625461740944,Sun Jul 04 22:09:00 PDT 2021,84,145,1
1625495621297,Mon Jul 05 07:33:41 PDT 2021,84,147,0
1625593699694,Tue Jul 06 10:48:19 PDT 2021,84,151,1
1625597524120,Tue Jul 06 11:52:04 PDT 2021,84,152,0
1625598056150,Tue Jul 06 12:00:56 PDT 2021,84,153,1
1625601327493,Tue Jul 06 12:55:27 PDT 2021,84,154,1
1625611806248,Tue Jul 06 15:50:06 PDT 2021,84,155,1
1625627188080,Tue Jul 06 20:06:28 PDT 2021,84,156,1
1625635918066,Tue Jul 06 22:31:58 PDT 2021,84,157,-1
1625673020049,Wed Jul 07 08:50:20 PDT 2021,84,160,0
1625674762091,Wed Jul 07 09:19:22 PDT 2021,84,161,1
1625675396230,Wed Jul 07 09:29:56 PDT 2021,84,162,1
1625676685131,Wed Jul 07 09:51:25 PDT 2021,84,163,1
1625678338116,Wed Jul 07 10:18:58 PDT 2021,84,166,1
1625677595676,Wed Jul 07 10:06:35 PDT 2021,84,167,1
1625693768387,Wed Jul 07 14:36:08 PDT 2021,84,173,1
1625693899429,Wed Jul 07 14:38:19 PDT 2021,84,174,1
1625694461386,Wed Jul 07 14:47:41 PDT 2021,84,177,1
1625695467268,Wed Jul 07 15:04:27 PDT 2021,84,179,1
1625696391568,Wed Jul 07 15:19:51 PDT 2021,84,180,1
1625696662823,Wed Jul 07 15:24:22 PDT 2021,84,181,1
1625697192904,Wed Jul 07 15:33:12 PDT 2021,84,182,0
1625697821524,Wed Jul 07 15:43:41 PDT 2021,84,183,0
1625697821614,Wed Jul 07 15:43:41 PDT 2021,84,183,0
1625699920567,Wed Jul 07 16:18:40 PDT 2021,84,186,1
1625700136934,Wed Jul 07 16:22:16 PDT 2021,84,187,1
1625700359494,Wed Jul 07 16:25:59 PDT 2021,84,188,1
1625702964269,Wed Jul 07 17:09:24 PDT 2021,84,189,-1
1625710483683,Wed Jul 07 19:14:43 PDT 2021,84,191,1
1625710050079,Wed Jul 07 19:07:30 PDT 2021,84,193,1
1625710439447,Wed Jul 07 19:13:59 PDT 2021,84,194,0
1625722715552,Wed Jul 07 22:38:35 PDT 2021,84,196,1
1625752739339,Thu Jul 08 06:58:59 PDT 2021,84,197,1
1625755847141,Thu Jul 08 07:50:47 PDT 2021,84,198,0
1625759335367,Thu Jul 08 08:48:55 PDT 2021,84,199,1
1625762804137,Thu Jul 08 09:46:44 PDT 2021,84,201,-1
1625763503080,Thu Jul 08 09:58:23 PDT 2021,84,203,1
1625768615941,Thu Jul 08 11:23:35 PDT 2021,84,204,0
1625770597803,Thu Jul 08 11:56:37 PDT 2021,84,205,1
1625772362209,Thu Jul 08 12:26:02 PDT 2021,84,206,1
1625782174639,Thu Jul 08 15:09:34 PDT 2021,84,207,1
1625784016006,Thu Jul 08 15:40:16 PDT 2021,84,208,1
1625786244367,Thu Jul 08 16:17:24 PDT 2021,84,209,1
1625789382151,Thu Jul 08 17:09:42 PDT 2021,84,210,1
1625796371131,Thu Jul 08 19:06:11 PDT 2021,84,212,1
1625801498084,Thu Jul 08 20:31:38 PDT 2021,84,213,0
1625842432861,Fri Jul 09 07:53:52 PDT 2021,84,214,-1
1625844838183,Fri Jul 09 08:33:58 PDT 2021,84,215,1
1625855239524,Fri Jul 09 11:27:19 PDT 2021,84,217,1
1625863292456,Fri Jul 09 13:41:32 PDT 2021,84,218,1
1625868059097,Fri Jul 09 15:00:59 PDT 2021,84,219,1
1625921104453,Sat Jul 10 05:45:04 PDT 2021,84,223,1
1625922002718,Sat Jul 10 06:00:02 PDT 2021,84,224,1
1625928946524,Sat Jul 10 07:55:46 PDT 2021,84,226,1
1625937592698,Sat Jul 10 10:19:52 PDT 2021,84,227,0
1625957577697,Sat Jul 10 15:52:57 PDT 2021,84,230,1
1625961736455,Sat Jul 10 17:02:16 PDT 2021,84,231,0
1625964825418,Sat Jul 10 17:53:45 PDT 2021,84,232,1
1625971651780,Sat Jul 10 19:47:31 PDT 2021,84,233,1
1625982348022,Sat Jul 10 22:45:48 PDT 2021,84,234,-1
1626012187483,Sun Jul 11 07:03:07 PDT 2021,84,236,0
1626015025795,Sun Jul 11 07:50:25 PDT 2021,84,237,1
1626015566230,Sun Jul 11 07:59:26 PDT 2021,84,238,1
1626018364930,Sun Jul 11 08:46:04 PDT 2021,84,239,-1
1626027456394,Sun Jul 11 11:17:36 PDT 2021,84,240,1
1626029751763,Sun Jul 11 11:55:51 PDT 2021,84,241,-1
1626033168599,Sun Jul 11 12:52:48 PDT 2021,84,243,1
1626055688818,Sun Jul 11 19:08:08 PDT 2021,84,247,0
1626062968339,Sun Jul 11 21:09:28 PDT 2021,84,248,1
1626096987444,Mon Jul 12 06:36:27 PDT 2021,84,249,0
1626097371465,Mon Jul 12 06:42:51 PDT 2021,84,250,0
1626160471921,Tue Jul 13 00:14:31 PDT 2021,84,255,1
1626184420908,Tue Jul 13 06:53:40 PDT 2021,84,256,1
1626197995773,Tue Jul 13 10:39:55 PDT 2021,84,257,0
1626641215731,Sun Jul 18 13:46:55 PDT 2021,84,258,0
1626228003485,Tue Jul 13 19:00:03 PDT 2021,84,259,1
1626214160289,Tue Jul 13 15:09:20 PDT 2021,84,260,1
1627697019725,Fri Jul 30 19:03:39 PDT 2021,84,261,1
1626220553863,Tue Jul 13 16:55:53 PDT 2021,84,263,0
1626235508385,Tue Jul 13 21:05:08 PDT 2021,84,265,1
1626383187676,Thu Jul 15 14:06:27 PDT 2021,84,267,1
1626360382034,Thu Jul 15 07:46:22 PDT 2021,84,269,1
1626385907745,Thu Jul 15 14:51:47 PDT 2021,84,271,0
1626455425305,Fri Jul 16 10:10:25 PDT 2021,84,274,1
1626471831843,Fri Jul 16 14:43:51 PDT 2021,84,275,1
1626492805181,Fri Jul 16 20:33:25 PDT 2021,84,276,0
1626540563308,Sat Jul 17 09:49:23 PDT 2021,84,278,1
1626540708238,Sat Jul 17 09:51:48 PDT 2021,84,279,1
1626545339927,Sat Jul 17 11:08:59 PDT 2021,84,280,1
1626552339491,Sat Jul 17 13:05:39 PDT 2021,84,281,1
1626553438045,Sat Jul 17 13:23:58 PDT 2021,84,282,1
1626568099889,Sat Jul 17 17:28:19 PDT 2021,84,284,1
1626584679809,Sat Jul 17 22:04:39 PDT 2021,84,286,1
1626713169875,Mon Jul 19 09:46:09 PDT 2021,84,288,1
1626716312154,Mon Jul 19 10:38:32 PDT 2021,84,290,1
1626720725769,Mon Jul 19 11:52:05 PDT 2021,84,291,1
1626733893596,Mon Jul 19 15:31:33 PDT 2021,84,292,0
1626737697409,Mon Jul 19 16:34:57 PDT 2021,84,294,1
1626752083181,Mon Jul 19 20:34:43 PDT 2021,84,295,1
1626792076409,Tue Jul 20 07:41:16 PDT 2021,84,296,1
1626798521029,Tue Jul 20 09:28:41 PDT 2021,84,298,1
1626908966067,Wed Jul 21 16:09:26 PDT 2021,84,299,0
1626965093951,Thu Jul 22 07:44:53 PDT 2021,84,300,0
1626919022929,Wed Jul 21 18:57:02 PDT 2021,84,301,1
1627000871886,Thu Jul 22 17:41:11 PDT 2021,84,302,1
1627002375491,Thu Jul 22 18:06:15 PDT 2021,84,303,-1
1627007791930,Thu Jul 22 19:36:31 PDT 2021,84,304,0
1627008494280,Thu Jul 22 19:48:14 PDT 2021,84,305,1
1627082541613,Fri Jul 23 16:22:21 PDT 2021,84,308,-1
1627084032627,Fri Jul 23 16:47:12 PDT 2021,84,309,-1
1627085157848,Fri Jul 23 17:05:57 PDT 2021,84,310,1
1627086760581,Fri Jul 23 17:32:40 PDT 2021,84,311,1
1627087939524,Fri Jul 23 17:52:19 PDT 2021,84,312,1
1627099816975,Fri Jul 23 21:10:16 PDT 2021,84,313,1
1627101114422,Fri Jul 23 21:31:54 PDT 2021,84,314,1
1627101780647,Fri Jul 23 21:43:00 PDT 2021,84,315,1
1627162911155,Sat Jul 24 14:41:51 PDT 2021,84,317,1
1627187244437,Sat Jul 24 21:27:24 PDT 2021,84,318,1
1627192096086,Sat Jul 24 22:48:16 PDT 2021,84,319,1
1627407498918,Tue Jul 27 10:38:18 PDT 2021,84,322,1
1627414941276,Tue Jul 27 12:42:21 PDT 2021,84,325,-1
1627425762326,Tue Jul 27 15:42:42 PDT 2021,84,326,0
1627439322738,Tue Jul 27 19:28:42 PDT 2021,84,327,-1
1627501560762,Wed Jul 28 12:46:00 PDT 2021,84,332,-1
1627504175680,Wed Jul 28 13:29:35 PDT 2021,84,335,1
1627505078707,Wed Jul 28 13:44:38 PDT 2021,84,337,-1
1627505895810,Wed Jul 28 13:58:15 PDT 2021,84,339,-1
1627506035651,Wed Jul 28 14:00:35 PDT 2021,84,340,-1
1627506772011,Wed Jul 28 14:12:52 PDT 2021,84,341,-1
1627508647592,Wed Jul 28 14:44:07 PDT 2021,84,343,1
1627515473418,Wed Jul 28 16:37:53 PDT 2021,84,348,1
1627523699305,Wed Jul 28 18:54:59 PDT 2021,84,353,1
1627522327535,Wed Jul 28 18:32:07 PDT 2021,84,356,-1
1627529578843,Wed Jul 28 20:32:58 PDT 2021,84,357,-1
1627531643180,Wed Jul 28 21:07:23 PDT 2021,84,358,0
1627543803565,Thu Jul 29 00:30:03 PDT 2021,84,364,1
1627573216607,Thu Jul 29 08:40:16 PDT 2021,84,366,-1
1627578653470,Thu Jul 29 10:10:53 PDT 2021,84,368,0
1627578003139,Thu Jul 29 10:00:03 PDT 2021,84,369,1
1627586619831,Thu Jul 29 12:23:39 PDT 2021,84,373,1
1627595394790,Thu Jul 29 14:49:54 PDT 2021,84,375,-1
1627608807147,Thu Jul 29 18:33:27 PDT 2021,84,376,1
1627611979035,Thu Jul 29 19:26:19 PDT 2021,84,377,1
1627614048022,Thu Jul 29 20:00:48 PDT 2021,84,378,0
1627655258863,Fri Jul 30 07:27:38 PDT 2021,84,380,1
1627663771646,Fri Jul 30 09:49:31 PDT 2021,84,382,1
1627667107695,Fri Jul 30 10:45:07 PDT 2021,84,384,1
1627675640284,Fri Jul 30 13:07:20 PDT 2021,84,386,1
1627676088010,Fri Jul 30 13:14:48 PDT 2021,84,387,0
1627680645537,Fri Jul 30 14:30:45 PDT 2021,84,388,0
1627681614234,Fri Jul 30 14:46:54 PDT 2021,84,389,1
1627684578231,Fri Jul 30 15:36:18 PDT 2021,84,392,-1
1627686071935,Fri Jul 30 16:01:11 PDT 2021,84,394,-1
1627690177147,Fri Jul 30 17:09:37 PDT 2021,84,395,0
1627702746306,Fri Jul 30 20:39:06 PDT 2021,84,396,0
1627752618420,Sat Jul 31 10:30:18 PDT 2021,84,398,1
1627756963948,Sat Jul 31 11:42:43 PDT 2021,84,399,0
1627769569989,Sat Jul 31 15:12:49 PDT 2021,84,401,1
1627771908421,Sat Jul 31 15:51:48 PDT 2021,84,402,1
1627775830393,Sat Jul 31 16:57:10 PDT 2021,84,403,-1
1627837621120,Sun Aug 01 10:07:01 PDT 2021,84,404,1
1625023049025,Tue Jun 29 20:17:29 PDT 2021,85,0,1
1625012150148,Tue Jun 29 17:15:50 PDT 2021,85,22,1
1625019664632,Tue Jun 29 19:21:04 PDT 2021,85,24,1
1625019743228,Tue Jun 29 19:22:23 PDT 2021,85,25,1
1625019744516,Tue Jun 29 19:22:24 PDT 2021,85,26,1
1625021654621,Tue Jun 29 19:54:14 PDT 2021,85,27,1
1625055353907,Wed Jun 30 05:15:53 PDT 2021,85,28,1
1625057879671,Wed Jun 30 05:57:59 PDT 2021,85,30,1
1625064289147,Wed Jun 30 07:44:49 PDT 2021,85,33,-1
1625066200063,Wed Jun 30 08:16:40 PDT 2021,85,34,0
1625068173189,Wed Jun 30 08:49:33 PDT 2021,85,35,-1
1625069118552,Wed Jun 30 09:05:18 PDT 2021,85,36,1
1625071398279,Wed Jun 30 09:43:18 PDT 2021,85,37,1
1625071844594,Wed Jun 30 09:50:44 PDT 2021,85,38,1
1625082245441,Wed Jun 30 12:44:05 PDT 2021,85,40,0
1625099326549,Wed Jun 30 17:28:46 PDT 2021,85,41,1
1625086159612,Wed Jun 30 13:49:19 PDT 2021,85,42,1
1625089837736,Wed Jun 30 14:50:37 PDT 2021,85,43,1
1625092127528,Wed Jun 30 15:28:47 PDT 2021,85,44,1
1625092838677,Wed Jun 30 15:40:38 PDT 2021,85,45,1
1625095189559,Wed Jun 30 16:19:49 PDT 2021,85,46,1
1625095185576,Wed Jun 30 16:19:45 PDT 2021,85,47,1
1625095851321,Wed Jun 30 16:30:51 PDT 2021,85,48,-1
1625099232392,Wed Jun 30 17:27:12 PDT 2021,85,50,1
1625101171952,Wed Jun 30 17:59:31 PDT 2021,85,52,-1
1625101210939,Wed Jun 30 18:00:10 PDT 2021,85,53,-1
1625101505515,Wed Jun 30 18:05:05 PDT 2021,85,54,1
1625107863939,Wed Jun 30 19:51:03 PDT 2021,85,55,-1
1625112239294,Wed Jun 30 21:03:59 PDT 2021,85,56,0
1625115950427,Wed Jun 30 22:05:50 PDT 2021,85,57,-1
1625117317433,Wed Jun 30 22:28:37 PDT 2021,85,58,-1
1625118309396,Wed Jun 30 22:45:09 PDT 2021,85,59,-1
1625149979497,Thu Jul 01 07:32:59 PDT 2021,85,61,-1
1625151055283,Thu Jul 01 07:50:55 PDT 2021,85,62,-1
1625153187945,Thu Jul 01 08:26:27 PDT 2021,85,63,-1
1625155644423,Thu Jul 01 09:07:24 PDT 2021,85,64,-1
1625157816567,Thu Jul 01 09:43:36 PDT 2021,85,65,1
1625410223743,Sun Jul 04 07:50:23 PDT 2021,85,66,1
1625159656409,Thu Jul 01 10:14:16 PDT 2021,85,68,-1
1625159915652,Thu Jul 01 10:18:35 PDT 2021,85,69,-1
1625160067978,Thu Jul 01 10:21:07 PDT 2021,85,70,-1
1625160821770,Thu Jul 01 10:33:41 PDT 2021,85,71,-1
1625163370711,Thu Jul 01 11:16:10 PDT 2021,85,73,-1
1625163636369,Thu Jul 01 11:20:36 PDT 2021,85,74,0
1625163858478,Thu Jul 01 11:24:18 PDT 2021,85,80,-1
1625164120017,Thu Jul 01 11:28:40 PDT 2021,85,83,-1
1625164452116,Thu Jul 01 11:34:12 PDT 2021,85,84,-1
1625164629430,Thu Jul 01 11:37:09 PDT 2021,85,85,-1
1625165257061,Thu Jul 01 11:47:37 PDT 2021,85,86,-1
1625165598088,Thu Jul 01 11:53:18 PDT 2021,85,87,-1
1625168259691,Thu Jul 01 12:37:39 PDT 2021,85,92,1
1625173497213,Thu Jul 01 14:04:57 PDT 2021,85,93,0
1625175042888,Thu Jul 01 14:30:42 PDT 2021,85,94,1
1625175137828,Thu Jul 01 14:32:17 PDT 2021,85,95,0
1625183033195,Thu Jul 01 16:43:53 PDT 2021,85,96,-1
1625185446528,Thu Jul 01 17:24:06 PDT 2021,85,97,1
1626140696267,Mon Jul 12 18:44:56 PDT 2021,85,98,1
1625189954512,Thu Jul 01 18:39:14 PDT 2021,85,99,-1
1625190275384,Thu Jul 01 18:44:35 PDT 2021,85,100,-1
1625190953479,Thu Jul 01 18:55:53 PDT 2021,85,101,-1
1625199601587,Thu Jul 01 21:20:01 PDT 2021,85,102,-1
1625238013991,Fri Jul 02 08:00:13 PDT 2021,85,103,-1
1625241218415,Fri Jul 02 08:53:38 PDT 2021,85,104,1
1625241628576,Fri Jul 02 09:00:28 PDT 2021,85,105,1
1625241960243,Fri Jul 02 09:06:00 PDT 2021,85,106,1
1625245719443,Fri Jul 02 10:08:39 PDT 2021,85,107,1
1625251640644,Fri Jul 02 11:47:20 PDT 2021,85,108,1
1625265254109,Fri Jul 02 15:34:14 PDT 2021,85,110,1
1625266668764,Fri Jul 02 15:57:48 PDT 2021,85,111,-1
1625275129911,Fri Jul 02 18:18:49 PDT 2021,85,112,-1
1625295517625,Fri Jul 02 23:58:37 PDT 2021,85,115,0
1625329040273,Sat Jul 03 09:17:20 PDT 2021,85,118,0
1625333539563,Sat Jul 03 10:32:19 PDT 2021,85,119,-1
1625362167512,Sat Jul 03 18:29:27 PDT 2021,85,120,1
1625364624267,Sat Jul 03 19:10:24 PDT 2021,85,121,-1
1625365296011,Sat Jul 03 19:21:36 PDT 2021,85,122,0
1625366182203,Sat Jul 03 19:36:22 PDT 2021,85,123,0
1625374623780,Sat Jul 03 21:57:03 PDT 2021,85,124,1
1625383908320,Sun Jul 04 00:31:48 PDT 2021,85,125,1
1625413384047,Sun Jul 04 08:43:04 PDT 2021,85,127,1
1625424754209,Sun Jul 04 11:52:34 PDT 2021,85,131,1
1625428727132,Sun Jul 04 12:58:47 PDT 2021,85,132,1
1625435306584,Sun Jul 04 14:48:26 PDT 2021,85,135,0
1625436556095,Sun Jul 04 15:09:16 PDT 2021,85,136,1
1625437038945,Sun Jul 04 15:17:18 PDT 2021,85,137,-1
1625451916769,Sun Jul 04 19:25:16 PDT 2021,85,141,-1
1625454578196,Sun Jul 04 20:09:38 PDT 2021,85,142,-1
1625460981960,Sun Jul 04 21:56:21 PDT 2021,85,144,1
1625461994490,Sun Jul 04 22:13:14 PDT 2021,85,145,1
1625495796649,Mon Jul 05 07:36:36 PDT 2021,85,147,0
1625528655292,Mon Jul 05 16:44:15 PDT 2021,85,148,1
1625593642123,Tue Jul 06 10:47:22 PDT 2021,85,151,1
1625602564904,Tue Jul 06 13:16:04 PDT 2021,85,152,1
1625598178532,Tue Jul 06 12:02:58 PDT 2021,85,153,-1
1625601365223,Tue Jul 06 12:56:05 PDT 2021,85,154,-1
1625611408539,Tue Jul 06 15:43:28 PDT 2021,85,155,1
1625627140875,Tue Jul 06 20:05:40 PDT 2021,85,156,1
1625635846126,Tue Jul 06 22:30:46 PDT 2021,85,157,1
1625671506543,Wed Jul 07 08:25:06 PDT 2021,85,158,-1
1625672284634,Wed Jul 07 08:38:04 PDT 2021,85,159,-1
1625672715012,Wed Jul 07 08:45:15 PDT 2021,85,160,1
1625674555388,Wed Jul 07 09:15:55 PDT 2021,85,161,0
1625674940625,Wed Jul 07 09:22:20 PDT 2021,85,162,0
1625676645154,Wed Jul 07 09:50:45 PDT 2021,85,163,1
1625677385979,Wed Jul 07 10:03:05 PDT 2021,85,165,1
1625677660582,Wed Jul 07 10:07:40 PDT 2021,85,166,-1
1625692889697,Wed Jul 07 14:21:29 PDT 2021,85,173,1
1625693914230,Wed Jul 07 14:38:34 PDT 2021,85,174,0
1625694636779,Wed Jul 07 14:50:36 PDT 2021,85,177,0
1625695703579,Wed Jul 07 15:08:23 PDT 2021,85,178,-1
1625696491062,Wed Jul 07 15:21:31 PDT 2021,85,180,-1
1625696372114,Wed Jul 07 15:19:32 PDT 2021,85,181,-1
1625697845601,Wed Jul 07 15:44:05 PDT 2021,85,183,1
1625699351313,Wed Jul 07 16:09:11 PDT 2021,85,184,1
1625699806908,Wed Jul 07 16:16:46 PDT 2021,85,186,1
1625700144302,Wed Jul 07 16:22:24 PDT 2021,85,187,1
1625700436290,Wed Jul 07 16:27:16 PDT 2021,85,188,1
1625702590040,Wed Jul 07 17:03:10 PDT 2021,85,189,1
1625707290580,Wed Jul 07 18:21:30 PDT 2021,85,191,-1
1625709826788,Wed Jul 07 19:03:46 PDT 2021,85,193,1
1625710524713,Wed Jul 07 19:15:24 PDT 2021,85,194,-1
1625714380733,Wed Jul 07 20:19:40 PDT 2021,85,195,-1
1625722778786,Wed Jul 07 22:39:38 PDT 2021,85,196,1
1625752494157,Thu Jul 08 06:54:54 PDT 2021,85,197,0
1625755720724,Thu Jul 08 07:48:40 PDT 2021,85,198,-1
1625759131454,Thu Jul 08 08:45:31 PDT 2021,85,199,1
1625760308664,Thu Jul 08 09:05:08 PDT 2021,85,200,1
1625762564082,Thu Jul 08 09:42:44 PDT 2021,85,201,1
1625763663725,Thu Jul 08 10:01:03 PDT 2021,85,203,1
1625770234673,Thu Jul 08 11:50:34 PDT 2021,85,205,1
1625772323298,Thu Jul 08 12:25:23 PDT 2021,85,206,1
1625781666314,Thu Jul 08 15:01:06 PDT 2021,85,207,0
1625783711163,Thu Jul 08 15:35:11 PDT 2021,85,208,0
1625786150670,Thu Jul 08 16:15:50 PDT 2021,85,209,1
1625789081034,Thu Jul 08 17:04:41 PDT 2021,85,210,-1
1625796336905,Thu Jul 08 19:05:36 PDT 2021,85,212,1
1625805406323,Thu Jul 08 21:36:46 PDT 2021,85,214,1
1625844563294,Fri Jul 09 08:29:23 PDT 2021,85,215,-1
1625855148948,Fri Jul 09 11:25:48 PDT 2021,85,217,-1
1625863973393,Fri Jul 09 13:52:53 PDT 2021,85,218,1
1625868133372,Fri Jul 09 15:02:13 PDT 2021,85,219,1
1625921359144,Sat Jul 10 05:49:19 PDT 2021,85,223,-1
1625921821811,Sat Jul 10 05:57:01 PDT 2021,85,224,-1
1625926517250,Sat Jul 10 07:15:17 PDT 2021,85,225,1
1625928700655,Sat Jul 10 07:51:40 PDT 2021,85,226,-1
1625937113247,Sat Jul 10 10:11:53 PDT 2021,85,227,1
1625939275527,Sat Jul 10 10:47:55 PDT 2021,85,228,1
1625957559465,Sat Jul 10 15:52:39 PDT 2021,85,230,1
1625961521321,Sat Jul 10 16:58:41 PDT 2021,85,231,1
1625964588801,Sat Jul 10 17:49:48 PDT 2021,85,232,1
1625971399325,Sat Jul 10 19:43:19 PDT 2021,85,233,1
1625982169327,Sat Jul 10 22:42:49 PDT 2021,85,234,-1
1626012346053,Sun Jul 11 07:05:46 PDT 2021,85,236,0
1626015015822,Sun Jul 11 07:50:15 PDT 2021,85,237,0
1626015149217,Sun Jul 11 07:52:29 PDT 2021,85,238,1
1626016303138,Sun Jul 11 08:11:43 PDT 2021,85,239,1
1626027281013,Sun Jul 11 11:14:41 PDT 2021,85,240,1
1626029738315,Sun Jul 11 11:55:38 PDT 2021,85,241,-1
1626033104105,Sun Jul 11 12:51:44 PDT 2021,85,243,1
1626041747751,Sun Jul 11 15:15:47 PDT 2021,85,245,0
1626050902101,Sun Jul 11 17:48:22 PDT 2021,85,246,0
1626055777078,Sun Jul 11 19:09:37 PDT 2021,85,247,1
1626062900790,Sun Jul 11 21:08:20 PDT 2021,85,248,1
1626097408314,Mon Jul 12 06:43:28 PDT 2021,85,249,-1
1626097311626,Mon Jul 12 06:41:51 PDT 2021,85,250,0
1626100740546,Mon Jul 12 07:39:00 PDT 2021,85,251,1
1626160098105,Tue Jul 13 00:08:18 PDT 2021,85,255,1
1626184102744,Tue Jul 13 06:48:22 PDT 2021,85,256,1
1626198170936,Tue Jul 13 10:42:50 PDT 2021,85,257,1
1626641072088,Sun Jul 18 13:44:32 PDT 2021,85,258,1
1626213837225,Tue Jul 13 15:03:57 PDT 2021,85,260,-1
1626215404081,Tue Jul 13 15:30:04 PDT 2021,85,261,1
1626220947221,Tue Jul 13 17:02:27 PDT 2021,85,263,1
1626235262194,Tue Jul 13 21:01:02 PDT 2021,85,265,-1
1626276035374,Wed Jul 14 08:20:35 PDT 2021,85,266,0
1626383237203,Thu Jul 15 14:07:17 PDT 2021,85,267,-1
1626360979130,Thu Jul 15 07:56:19 PDT 2021,85,269,1
1626385721202,Thu Jul 15 14:48:41 PDT 2021,85,271,-1
1626454990967,Fri Jul 16 10:03:10 PDT 2021,85,273,1
1626455363736,Fri Jul 16 10:09:23 PDT 2021,85,274,-1
1626470911446,Fri Jul 16 14:28:31 PDT 2021,85,275,1
1626492959237,Fri Jul 16 20:35:59 PDT 2021,85,276,0
1626540517855,Sat Jul 17 09:48:37 PDT 2021,85,278,1
1626540472733,Sat Jul 17 09:47:52 PDT 2021,85,279,-1
1626544842386,Sat Jul 17 11:00:42 PDT 2021,85,280,1
1626552362126,Sat Jul 17 13:06:02 PDT 2021,85,281,1
1626553330738,Sat Jul 17 13:22:10 PDT 2021,85,282,1
1626568086690,Sat Jul 17 17:28:06 PDT 2021,85,284,1
1626578223834,Sat Jul 17 20:17:03 PDT 2021,85,285,0
1626584492227,Sat Jul 17 22:01:32 PDT 2021,85,286,1
1626712836001,Mon Jul 19 09:40:36 PDT 2021,85,288,1
1626716446935,Mon Jul 19 10:40:46 PDT 2021,85,290,1
1626719900226,Mon Jul 19 11:38:20 PDT 2021,85,291,1
1626724002322,Mon Jul 19 12:46:42 PDT 2021,85,292,1
1626737461850,Mon Jul 19 16:31:01 PDT 2021,85,294,1
1626751983452,Mon Jul 19 20:33:03 PDT 2021,85,295,-1
1626791737524,Tue Jul 20 07:35:37 PDT 2021,85,296,-1
1626798620014,Tue Jul 20 09:30:20 PDT 2021,85,298,-1
1626908670934,Wed Jul 21 16:04:30 PDT 2021,85,299,1
1626965269098,Thu Jul 22 07:47:49 PDT 2021,85,300,1
1626919192454,Wed Jul 21 18:59:52 PDT 2021,85,301,-1
1627000751332,Thu Jul 22 17:39:11 PDT 2021,85,302,-1
1627002490692,Thu Jul 22 18:08:10 PDT 2021,85,303,-1
1627007814068,Thu Jul 22 19:36:54 PDT 2021,85,304,1
1627008676405,Thu Jul 22 19:51:16 PDT 2021,85,305,1
1627070203710,Fri Jul 23 12:56:43 PDT 2021,85,307,1
1627083790727,Fri Jul 23 16:43:10 PDT 2021,85,309,1
1627085345173,Fri Jul 23 17:09:05 PDT 2021,85,310,1
1627086645327,Fri Jul 23 17:30:45 PDT 2021,85,311,1
1627088011275,Fri Jul 23 17:53:31 PDT 2021,85,312,1
1627099602180,Fri Jul 23 21:06:42 PDT 2021,85,313,1
1627100525375,Fri Jul 23 21:22:05 PDT 2021,85,314,1
1627101640790,Fri Jul 23 21:40:40 PDT 2021,85,315,1
1627162705595,Sat Jul 24 14:38:25 PDT 2021,85,317,1
1627187029689,Sat Jul 24 21:23:49 PDT 2021,85,318,-1
1627191422205,Sat Jul 24 22:37:02 PDT 2021,85,319,-1
1627404914033,Tue Jul 27 09:55:14 PDT 2021,85,321,0
1627407289649,Tue Jul 27 10:34:49 PDT 2021,85,322,-1
1627414699921,Tue Jul 27 12:38:19 PDT 2021,85,325,1
1627425522278,Tue Jul 27 15:38:42 PDT 2021,85,326,0
1627439440908,Tue Jul 27 19:30:40 PDT 2021,85,327,-1
1627451091381,Tue Jul 27 22:44:51 PDT 2021,85,328,1
1627451476263,Tue Jul 27 22:51:16 PDT 2021,85,329,1
1627502646114,Wed Jul 28 13:04:06 PDT 2021,85,332,1
1627503226773,Wed Jul 28 13:13:46 PDT 2021,85,334,1
1627504216230,Wed Jul 28 13:30:16 PDT 2021,85,335,0
1627505096712,Wed Jul 28 13:44:56 PDT 2021,85,337,1
1627505502328,Wed Jul 28 13:51:42 PDT 2021,85,339,1
1627506608066,Wed Jul 28 14:10:08 PDT 2021,85,341,1
1627508702619,Wed Jul 28 14:45:02 PDT 2021,85,343,1
1627509275974,Wed Jul 28 14:54:35 PDT 2021,85,345,0
1627509889651,Wed Jul 28 15:04:49 PDT 2021,85,346,1
1627515033582,Wed Jul 28 16:30:33 PDT 2021,85,348,1
1627515418000,Wed Jul 28 16:36:58 PDT 2021,85,350,-1
1627522452699,Wed Jul 28 18:34:12 PDT 2021,85,353,1
1627522092548,Wed Jul 28 18:28:12 PDT 2021,85,356,1
1627529596805,Wed Jul 28 20:33:16 PDT 2021,85,357,1
1627531825341,Wed Jul 28 21:10:25 PDT 2021,85,358,1
1627535390229,Wed Jul 28 22:09:50 PDT 2021,85,361,0
1627544331295,Thu Jul 29 00:38:51 PDT 2021,85,364,-1
1627573340550,Thu Jul 29 08:42:20 PDT 2021,85,366,1
1627578059343,Thu Jul 29 10:00:59 PDT 2021,85,368,-1
1627583087154,Thu Jul 29 11:24:47 PDT 2021,85,369,1
1627583798712,Thu Jul 29 11:36:38 PDT 2021,85,371,1
1627586542942,Thu Jul 29 12:22:22 PDT 2021,85,373,-1
1627608098195,Thu Jul 29 18:21:38 PDT 2021,85,376,0
1627611935917,Thu Jul 29 19:25:35 PDT 2021,85,377,1
1627613757380,Thu Jul 29 19:55:57 PDT 2021,85,378,1
1627654794108,Fri Jul 30 07:19:54 PDT 2021,85,380,1
1627656431590,Fri Jul 30 07:47:11 PDT 2021,85,381,0
1627663874924,Fri Jul 30 09:51:14 PDT 2021,85,382,-1
1627664917052,Fri Jul 30 10:08:37 PDT 2021,85,383,1
1627667159164,Fri Jul 30 10:45:59 PDT 2021,85,384,1
1627673890009,Fri Jul 30 12:38:10 PDT 2021,85,385,1
1627675971846,Fri Jul 30 13:12:51 PDT 2021,85,386,-1
1627675609043,Fri Jul 30 13:06:49 PDT 2021,85,387,1
1627680323119,Fri Jul 30 14:25:23 PDT 2021,85,388,1
1627681882191,Fri Jul 30 14:51:22 PDT 2021,85,389,-1
1627685459002,Fri Jul 30 15:50:59 PDT 2021,85,393,0
1627686173232,Fri Jul 30 16:02:53 PDT 2021,85,394,1
1627703009052,Fri Jul 30 20:43:29 PDT 2021,85,396,1
1627752448221,Sat Jul 31 10:27:28 PDT 2021,85,397,1
1627752592367,Sat Jul 31 10:29:52 PDT 2021,85,398,1
1627759932263,Sat Jul 31 12:32:12 PDT 2021,85,400,1
1627769582486,Sat Jul 31 15:13:02 PDT 2021,85,401,1
1627771806479,Sat Jul 31 15:50:06 PDT 2021,85,402,-1
1627775655863,Sat Jul 31 16:54:15 PDT 2021,85,403,-1
1627837599426,Sun Aug 01 10:06:39 PDT 2021,85,404,-1
1625023028854,Tue Jun 29 20:17:08 PDT 2021,86,0,0
1625019850129,Tue Jun 29 19:24:10 PDT 2021,86,24,1
1625019670570,Tue Jun 29 19:21:10 PDT 2021,86,25,1
1625019907304,Tue Jun 29 19:25:07 PDT 2021,86,26,1
1625021590554,Tue Jun 29 19:53:10 PDT 2021,86,27,1
1625055521829,Wed Jun 30 05:18:41 PDT 2021,86,28,1
1625057620590,Wed Jun 30 05:53:40 PDT 2021,86,30,1
1625064823259,Wed Jun 30 07:53:43 PDT 2021,86,33,1
1625066110699,Wed Jun 30 08:15:10 PDT 2021,86,34,0
1625068200992,Wed Jun 30 08:50:00 PDT 2021,86,35,1
1625069264202,Wed Jun 30 09:07:44 PDT 2021,86,36,1
1625071801654,Wed Jun 30 09:50:01 PDT 2021,86,37,1
1625071737940,Wed Jun 30 09:48:57 PDT 2021,86,38,1
1625082426976,Wed Jun 30 12:47:06 PDT 2021,86,40,1
1625098963903,Wed Jun 30 17:22:43 PDT 2021,86,41,1
1625086094656,Wed Jun 30 13:48:14 PDT 2021,86,42,1
1625090105832,Wed Jun 30 14:55:05 PDT 2021,86,43,1
1625093063180,Wed Jun 30 15:44:23 PDT 2021,86,45,1
1625095394191,Wed Jun 30 16:23:14 PDT 2021,86,46,1
1625094933386,Wed Jun 30 16:15:33 PDT 2021,86,47,1
1625095909592,Wed Jun 30 16:31:49 PDT 2021,86,48,1
1625099240507,Wed Jun 30 17:27:20 PDT 2021,86,50,1
1625101304718,Wed Jun 30 18:01:44 PDT 2021,86,52,-1
1625101735220,Wed Jun 30 18:08:55 PDT 2021,86,53,1
1625101331915,Wed Jun 30 18:02:11 PDT 2021,86,54,1
1625108360624,Wed Jun 30 19:59:20 PDT 2021,86,55,1
1625116364888,Wed Jun 30 22:12:44 PDT 2021,86,57,1
1625117261917,Wed Jun 30 22:27:41 PDT 2021,86,58,1
1625117750153,Wed Jun 30 22:35:50 PDT 2021,86,59,0
1625150459506,Thu Jul 01 07:40:59 PDT 2021,86,61,1
1625151302685,Thu Jul 01 07:55:02 PDT 2021,86,62,1
1625154179814,Thu Jul 01 08:42:59 PDT 2021,86,63,1
1625155763450,Thu Jul 01 09:09:23 PDT 2021,86,64,1
1625158176717,Thu Jul 01 09:49:36 PDT 2021,86,65,0
1625410343025,Sun Jul 04 07:52:23 PDT 2021,86,66,1
1625159898902,Thu Jul 01 10:18:18 PDT 2021,86,68,1
1625160123752,Thu Jul 01 10:22:03 PDT 2021,86,69,1
1625167882298,Thu Jul 01 12:31:22 PDT 2021,86,70,1
1625162755439,Thu Jul 01 11:05:55 PDT 2021,86,71,-1
1625163450894,Thu Jul 01 11:17:30 PDT 2021,86,73,-1
1625164922501,Thu Jul 01 11:42:02 PDT 2021,86,74,0
1625164073526,Thu Jul 01 11:27:53 PDT 2021,86,83,-1
1625164631203,Thu Jul 01 11:37:11 PDT 2021,86,85,-1
1625165576030,Thu Jul 01 11:52:56 PDT 2021,86,86,0
1625168769621,Thu Jul 01 12:46:09 PDT 2021,86,92,1
1625175269120,Thu Jul 01 14:34:29 PDT 2021,86,94,1
1625174768958,Thu Jul 01 14:26:08 PDT 2021,86,95,1
1625183164118,Thu Jul 01 16:46:04 PDT 2021,86,96,1
1625185168243,Thu Jul 01 17:19:28 PDT 2021,86,97,1
1625185929020,Thu Jul 01 17:32:09 PDT 2021,86,98,1
1625190960729,Thu Jul 01 18:56:00 PDT 2021,86,100,1
1625191200856,Thu Jul 01 19:00:00 PDT 2021,86,101,1
1625199790885,Thu Jul 01 21:23:10 PDT 2021,86,102,1
1625237993982,Fri Jul 02 07:59:53 PDT 2021,86,103,-1
1625241912357,Fri Jul 02 09:05:12 PDT 2021,86,104,1
1625241778771,Fri Jul 02 09:02:58 PDT 2021,86,105,1
1625242127838,Fri Jul 02 09:08:47 PDT 2021,86,106,1
1625245698893,Fri Jul 02 10:08:18 PDT 2021,86,107,1
1625251489835,Fri Jul 02 11:44:49 PDT 2021,86,108,1
1625265307274,Fri Jul 02 15:35:07 PDT 2021,86,110,0
1625266363192,Fri Jul 02 15:52:43 PDT 2021,86,111,1
1625274996746,Fri Jul 02 18:16:36 PDT 2021,86,112,1
1625295653528,Sat Jul 03 00:00:53 PDT 2021,86,115,1
1625329403013,Sat Jul 03 09:23:23 PDT 2021,86,118,1
1625333411771,Sat Jul 03 10:30:11 PDT 2021,86,119,1
1625362146954,Sat Jul 03 18:29:06 PDT 2021,86,120,1
1625364709183,Sat Jul 03 19:11:49 PDT 2021,86,121,-1
1625365368911,Sat Jul 03 19:22:48 PDT 2021,86,122,1
1625366316869,Sat Jul 03 19:38:36 PDT 2021,86,123,1
1625375245976,Sat Jul 03 22:07:25 PDT 2021,86,124,1
1625384484251,Sun Jul 04 00:41:24 PDT 2021,86,125,1
1625414246321,Sun Jul 04 08:57:26 PDT 2021,86,127,1
1625424687475,Sun Jul 04 11:51:27 PDT 2021,86,131,1
1625429108214,Sun Jul 04 13:05:08 PDT 2021,86,132,1
1625435153181,Sun Jul 04 14:45:53 PDT 2021,86,135,1
1625436192472,Sun Jul 04 15:03:12 PDT 2021,86,136,1
1625436864572,Sun Jul 04 15:14:24 PDT 2021,86,137,1
1625451932933,Sun Jul 04 19:25:32 PDT 2021,86,141,1
1625454509559,Sun Jul 04 20:08:29 PDT 2021,86,142,1
1625461026127,Sun Jul 04 21:57:06 PDT 2021,86,144,1
1625461856417,Sun Jul 04 22:10:56 PDT 2021,86,145,1
1625543047290,Mon Jul 05 20:44:07 PDT 2021,86,146,1
1625495863653,Mon Jul 05 07:37:43 PDT 2021,86,147,1
1625528689004,Mon Jul 05 16:44:49 PDT 2021,86,148,1
1625593749944,Tue Jul 06 10:49:09 PDT 2021,86,151,1
1625597515866,Tue Jul 06 11:51:55 PDT 2021,86,152,1
1625598040843,Tue Jul 06 12:00:40 PDT 2021,86,153,1
1625611149628,Tue Jul 06 15:39:09 PDT 2021,86,155,1
1625627503023,Tue Jul 06 20:11:43 PDT 2021,86,156,1
1625635840033,Tue Jul 06 22:30:40 PDT 2021,86,157,1
1625672880504,Wed Jul 07 08:48:00 PDT 2021,86,160,1
1625674454558,Wed Jul 07 09:14:14 PDT 2021,86,161,1
1625675237917,Wed Jul 07 09:27:17 PDT 2021,86,162,1
1625676403668,Wed Jul 07 09:46:43 PDT 2021,86,163,1
1625677414383,Wed Jul 07 10:03:34 PDT 2021,86,165,1
1625677695470,Wed Jul 07 10:08:15 PDT 2021,86,166,1
1625677679767,Wed Jul 07 10:07:59 PDT 2021,86,167,1
1625693172671,Wed Jul 07 14:26:12 PDT 2021,86,173,1
1625694273139,Wed Jul 07 14:44:33 PDT 2021,86,174,1
1625695393333,Wed Jul 07 15:03:13 PDT 2021,86,178,1
1625696537219,Wed Jul 07 15:22:17 PDT 2021,86,180,1
1625696417573,Wed Jul 07 15:20:17 PDT 2021,86,181,1
1625698313128,Wed Jul 07 15:51:53 PDT 2021,86,183,0
1625699859907,Wed Jul 07 16:17:39 PDT 2021,86,184,1
1625700125221,Wed Jul 07 16:22:05 PDT 2021,86,186,0
1625701054132,Wed Jul 07 16:37:34 PDT 2021,86,187,1
1625700680282,Wed Jul 07 16:31:20 PDT 2021,86,188,1
1625702515760,Wed Jul 07 17:01:55 PDT 2021,86,189,-1
1625707010390,Wed Jul 07 18:16:50 PDT 2021,86,191,1
1625710078583,Wed Jul 07 19:07:58 PDT 2021,86,193,1
1625710216077,Wed Jul 07 19:10:16 PDT 2021,86,194,1
1625722890629,Wed Jul 07 22:41:30 PDT 2021,86,196,1
1625753093755,Thu Jul 08 07:04:53 PDT 2021,86,197,1
1625755840483,Thu Jul 08 07:50:40 PDT 2021,86,198,1
1625758922134,Thu Jul 08 08:42:02 PDT 2021,86,199,1
1625760111420,Thu Jul 08 09:01:51 PDT 2021,86,200,1
1625762591657,Thu Jul 08 09:43:11 PDT 2021,86,201,-1
1625763421043,Thu Jul 08 09:57:01 PDT 2021,86,203,1
1625770378146,Thu Jul 08 11:52:58 PDT 2021,86,205,1
1625772363690,Thu Jul 08 12:26:03 PDT 2021,86,206,1
1625781736052,Thu Jul 08 15:02:16 PDT 2021,86,207,0
1625783689946,Thu Jul 08 15:34:49 PDT 2021,86,208,1
1625786564512,Thu Jul 08 16:22:44 PDT 2021,86,209,1
1625789808632,Thu Jul 08 17:16:48 PDT 2021,86,210,1
1625844344011,Fri Jul 09 08:25:44 PDT 2021,86,215,1
1625852908240,Fri Jul 09 10:48:28 PDT 2021,86,216,1
1625855588397,Fri Jul 09 11:33:08 PDT 2021,86,217,-1
1625863362211,Fri Jul 09 13:42:42 PDT 2021,86,218,1
1625868147812,Fri Jul 09 15:02:27 PDT 2021,86,219,1
1625921610866,Sat Jul 10 05:53:30 PDT 2021,86,223,1
1625922375917,Sat Jul 10 06:06:15 PDT 2021,86,224,1
1625929091920,Sat Jul 10 07:58:11 PDT 2021,86,226,1
1625932874782,Sat Jul 10 09:01:14 PDT 2021,86,227,1
1625939705118,Sat Jul 10 10:55:05 PDT 2021,86,228,1
1625961583748,Sat Jul 10 16:59:43 PDT 2021,86,231,1
1625964498741,Sat Jul 10 17:48:18 PDT 2021,86,232,1
1625971576931,Sat Jul 10 19:46:16 PDT 2021,86,233,1
1625982117012,Sat Jul 10 22:41:57 PDT 2021,86,234,1
1626011656755,Sun Jul 11 06:54:16 PDT 2021,86,236,1
1626015461837,Sun Jul 11 07:57:41 PDT 2021,86,237,1
1626015499812,Sun Jul 11 07:58:19 PDT 2021,86,238,1
1626016319897,Sun Jul 11 08:11:59 PDT 2021,86,239,-1
1626027678043,Sun Jul 11 11:21:18 PDT 2021,86,240,1
1626031393473,Sun Jul 11 12:23:13 PDT 2021,86,241,1
1626033718418,Sun Jul 11 13:01:58 PDT 2021,86,243,1
1626055706598,Sun Jul 11 19:08:26 PDT 2021,86,247,1
1626063554295,Sun Jul 11 21:19:14 PDT 2021,86,248,-1
1626097419443,Mon Jul 12 06:43:39 PDT 2021,86,250,1
1626100947867,Mon Jul 12 07:42:27 PDT 2021,86,251,1
1626160460426,Tue Jul 13 00:14:20 PDT 2021,86,255,0
1626184094237,Tue Jul 13 06:48:14 PDT 2021,86,256,1
1626213871949,Tue Jul 13 15:04:31 PDT 2021,86,260,1
1626215491040,Tue Jul 13 15:31:31 PDT 2021,86,261,-1
1626220829280,Tue Jul 13 17:00:29 PDT 2021,86,263,1
1626298293726,Wed Jul 14 14:31:33 PDT 2021,86,265,1
1626383524902,Thu Jul 15 14:12:04 PDT 2021,86,267,1
1626360664879,Thu Jul 15 07:51:04 PDT 2021,86,269,1
1626386394294,Thu Jul 15 14:59:54 PDT 2021,86,271,1
1626455735526,Fri Jul 16 10:15:35 PDT 2021,86,274,1
1626470997802,Fri Jul 16 14:29:57 PDT 2021,86,275,1
1626492858259,Fri Jul 16 20:34:18 PDT 2021,86,276,1
1626540682902,Sat Jul 17 09:51:22 PDT 2021,86,278,1
1626540594433,Sat Jul 17 09:49:54 PDT 2021,86,279,1
1626545231089,Sat Jul 17 11:07:11 PDT 2021,86,280,1
1626552391989,Sat Jul 17 13:06:31 PDT 2021,86,281,1
1626553316742,Sat Jul 17 13:21:56 PDT 2021,86,282,1
1626568253281,Sat Jul 17 17:30:53 PDT 2021,86,284,1
1626584723427,Sat Jul 17 22:05:23 PDT 2021,86,286,-1
1626713256766,Mon Jul 19 09:47:36 PDT 2021,86,288,1
1626716571887,Mon Jul 19 10:42:51 PDT 2021,86,290,1
1626719845388,Mon Jul 19 11:37:25 PDT 2021,86,291,1
1626733975650,Mon Jul 19 15:32:55 PDT 2021,86,292,1
1626737407925,Mon Jul 19 16:30:07 PDT 2021,86,294,-1
1626752028439,Mon Jul 19 20:33:48 PDT 2021,86,295,1
1626791680015,Tue Jul 20 07:34:40 PDT 2021,86,296,-1
1626798571836,Tue Jul 20 09:29:31 PDT 2021,86,298,1
1626909240572,Wed Jul 21 16:14:00 PDT 2021,86,299,1
1626965355131,Thu Jul 22 07:49:15 PDT 2021,86,300,0
1626919081800,Wed Jul 21 18:58:01 PDT 2021,86,301,1
1627001022930,Thu Jul 22 17:43:42 PDT 2021,86,302,1
1627002437796,Thu Jul 22 18:07:17 PDT 2021,86,303,-1
1627008821667,Thu Jul 22 19:53:41 PDT 2021,86,305,1
1627083682984,Fri Jul 23 16:41:22 PDT 2021,86,309,1
1627085314610,Fri Jul 23 17:08:34 PDT 2021,86,310,1
1627087024283,Fri Jul 23 17:37:04 PDT 2021,86,311,1
1627088201963,Fri Jul 23 17:56:41 PDT 2021,86,312,1
1627099726435,Fri Jul 23 21:08:46 PDT 2021,86,313,1
1627100714618,Fri Jul 23 21:25:14 PDT 2021,86,314,1
1627101965016,Fri Jul 23 21:46:05 PDT 2021,86,315,1
1627162479324,Sat Jul 24 14:34:39 PDT 2021,86,317,0
1627187878576,Sat Jul 24 21:37:58 PDT 2021,86,318,1
1627191504640,Sat Jul 24 22:38:24 PDT 2021,86,319,1
1627407283801,Tue Jul 27 10:34:43 PDT 2021,86,322,1
1627414818586,Tue Jul 27 12:40:18 PDT 2021,86,325,0
1627698148290,Fri Jul 30 19:22:28 PDT 2021,86,326,1
1627451281134,Tue Jul 27 22:48:01 PDT 2021,86,328,1
1627502563533,Wed Jul 28 13:02:43 PDT 2021,86,332,1
1627503067583,Wed Jul 28 13:11:07 PDT 2021,86,333,1
1627504958981,Wed Jul 28 13:42:38 PDT 2021,86,337,1
1627505826034,Wed Jul 28 13:57:06 PDT 2021,86,339,1
1627506685338,Wed Jul 28 14:11:25 PDT 2021,86,341,1
1627506750272,Wed Jul 28 14:12:30 PDT 2021,86,342,0
1627508663586,Wed Jul 28 14:44:23 PDT 2021,86,343,1
1627508828455,Wed Jul 28 14:47:08 PDT 2021,86,345,1
1627514981185,Wed Jul 28 16:29:41 PDT 2021,86,348,1
1627515248046,Wed Jul 28 16:34:08 PDT 2021,86,349,0
1627523655383,Wed Jul 28 18:54:15 PDT 2021,86,353,1
1627521560851,Wed Jul 28 18:19:20 PDT 2021,86,356,1
1627529075525,Wed Jul 28 20:24:35 PDT 2021,86,357,1
1627531783080,Wed Jul 28 21:09:43 PDT 2021,86,358,1
1627532648298,Wed Jul 28 21:24:08 PDT 2021,86,359,0
1627543491964,Thu Jul 29 00:24:51 PDT 2021,86,364,1
1627543492187,Thu Jul 29 00:24:52 PDT 2021,86,364,1
1627567945745,Thu Jul 29 07:12:25 PDT 2021,86,365,1
1627573329581,Thu Jul 29 08:42:09 PDT 2021,86,366,1
1627579238259,Thu Jul 29 10:20:38 PDT 2021,86,368,1
1627582651575,Thu Jul 29 11:17:31 PDT 2021,86,369,1
1627586913310,Thu Jul 29 12:28:33 PDT 2021,86,373,1
1627607703791,Thu Jul 29 18:15:03 PDT 2021,86,376,1
1627614145346,Thu Jul 29 20:02:25 PDT 2021,86,378,1
1627654733472,Fri Jul 30 07:18:53 PDT 2021,86,380,1
1627663800119,Fri Jul 30 09:50:00 PDT 2021,86,382,1
1627666491067,Fri Jul 30 10:34:51 PDT 2021,86,384,1
1627676191405,Fri Jul 30 13:16:31 PDT 2021,86,386,1
1627681744683,Fri Jul 30 14:49:04 PDT 2021,86,388,1
1627682469404,Fri Jul 30 15:01:09 PDT 2021,86,389,1
1627685566420,Fri Jul 30 15:52:46 PDT 2021,86,393,1
1627686314322,Fri Jul 30 16:05:14 PDT 2021,86,394,1
1627702675745,Fri Jul 30 20:37:55 PDT 2021,86,396,0
1627770139839,Sat Jul 31 15:22:19 PDT 2021,86,401,0
1627771843775,Sat Jul 31 15:50:43 PDT 2021,86,402,1
1627775251565,Sat Jul 31 16:47:31 PDT 2021,86,403,1
1627838003823,Sun Aug 01 10:13:23 PDT 2021,86,404,1
1625023053577,Tue Jun 29 20:17:33 PDT 2021,87,0,1
1625020502099,Tue Jun 29 19:35:02 PDT 2021,87,24,1
1625115098711,Wed Jun 30 21:51:38 PDT 2021,87,26,1
1625021531554,Tue Jun 29 19:52:11 PDT 2021,87,27,-1
1625055382412,Wed Jun 30 05:16:22 PDT 2021,87,28,1
1625057704134,Wed Jun 30 05:55:04 PDT 2021,87,30,1
1625062017086,Wed Jun 30 07:06:57 PDT 2021,87,32,-1
1625064401730,Wed Jun 30 07:46:41 PDT 2021,87,33,1
1625066259501,Wed Jun 30 08:17:39 PDT 2021,87,34,1
1625068121799,Wed Jun 30 08:48:41 PDT 2021,87,35,1
1625068639088,Wed Jun 30 08:57:19 PDT 2021,87,36,1
1625071436531,Wed Jun 30 09:43:56 PDT 2021,87,37,1
1625071891732,Wed Jun 30 09:51:31 PDT 2021,87,38,1
1625082297539,Wed Jun 30 12:44:57 PDT 2021,87,40,1
1625099253971,Wed Jun 30 17:27:33 PDT 2021,87,41,0
1625086044005,Wed Jun 30 13:47:24 PDT 2021,87,42,1
1625089727328,Wed Jun 30 14:48:47 PDT 2021,87,43,1
1625092875036,Wed Jun 30 15:41:15 PDT 2021,87,45,1
1625094860721,Wed Jun 30 16:14:20 PDT 2021,87,46,1
1625094988794,Wed Jun 30 16:16:28 PDT 2021,87,47,1
1625095902917,Wed Jun 30 16:31:42 PDT 2021,87,48,1
1625099014367,Wed Jun 30 17:23:34 PDT 2021,87,50,1
1625101019984,Wed Jun 30 17:56:59 PDT 2021,87,52,1
1625101710666,Wed Jun 30 18:08:30 PDT 2021,87,53,-1
1625101629625,Wed Jun 30 18:07:09 PDT 2021,87,54,1
1625108031794,Wed Jun 30 19:53:51 PDT 2021,87,55,1
1625115921650,Wed Jun 30 22:05:21 PDT 2021,87,57,1
1625117506053,Wed Jun 30 22:31:46 PDT 2021,87,58,1
1625117796240,Wed Jun 30 22:36:36 PDT 2021,87,59,1
1625149951436,Thu Jul 01 07:32:31 PDT 2021,87,61,1
1625151338445,Thu Jul 01 07:55:38 PDT 2021,87,62,1
1625154141934,Thu Jul 01 08:42:21 PDT 2021,87,63,1
1625155694516,Thu Jul 01 09:08:14 PDT 2021,87,64,1
1625157904089,Thu Jul 01 09:45:04 PDT 2021,87,65,1
1625410486930,Sun Jul 04 07:54:46 PDT 2021,87,66,1
1625159498493,Thu Jul 01 10:11:38 PDT 2021,87,68,1
1625159867891,Thu Jul 01 10:17:47 PDT 2021,87,69,1
1625167692934,Thu Jul 01 12:28:12 PDT 2021,87,70,1
1625161482415,Thu Jul 01 10:44:42 PDT 2021,87,71,0
1625163344442,Thu Jul 01 11:15:44 PDT 2021,87,73,-1
1625164905300,Thu Jul 01 11:41:45 PDT 2021,87,74,0
1625164197510,Thu Jul 01 11:29:57 PDT 2021,87,83,-1
1625164456933,Thu Jul 01 11:34:16 PDT 2021,87,84,-1
1625164627273,Thu Jul 01 11:37:07 PDT 2021,87,85,-1
1625165313521,Thu Jul 01 11:48:33 PDT 2021,87,86,-1
1625165636655,Thu Jul 01 11:53:56 PDT 2021,87,87,-1
1625168150578,Thu Jul 01 12:35:50 PDT 2021,87,92,1
1625173507231,Thu Jul 01 14:05:07 PDT 2021,87,93,1
1625174997145,Thu Jul 01 14:29:57 PDT 2021,87,94,0
1625175195522,Thu Jul 01 14:33:15 PDT 2021,87,95,1
1625182921260,Thu Jul 01 16:42:01 PDT 2021,87,96,1
1625185588484,Thu Jul 01 17:26:28 PDT 2021,87,97,1
1626140566799,Mon Jul 12 18:42:46 PDT 2021,87,98,0
1625190590186,Thu Jul 01 18:49:50 PDT 2021,87,100,1
1625190869185,Thu Jul 01 18:54:29 PDT 2021,87,101,1
1625199631738,Thu Jul 01 21:20:31 PDT 2021,87,102,-1
1625238091034,Fri Jul 02 08:01:31 PDT 2021,87,103,-1
1625241471530,Fri Jul 02 08:57:51 PDT 2021,87,104,1
1625242283248,Fri Jul 02 09:11:23 PDT 2021,87,106,1
1625245548897,Fri Jul 02 10:05:48 PDT 2021,87,107,1
1625251405067,Fri Jul 02 11:43:25 PDT 2021,87,108,1
1625266399730,Fri Jul 02 15:53:19 PDT 2021,87,111,1
1625275575323,Fri Jul 02 18:26:15 PDT 2021,87,112,1
1625281833885,Fri Jul 02 20:10:33 PDT 2021,87,113,0
1625295597588,Fri Jul 02 23:59:57 PDT 2021,87,115,0
1625329597051,Sat Jul 03 09:26:37 PDT 2021,87,118,0
1625333640074,Sat Jul 03 10:34:00 PDT 2021,87,119,1
1625364735900,Sat Jul 03 19:12:15 PDT 2021,87,121,-1
1625365326153,Sat Jul 03 19:22:06 PDT 2021,87,122,0
1625365946472,Sat Jul 03 19:32:26 PDT 2021,87,123,1
1625375068998,Sat Jul 03 22:04:28 PDT 2021,87,124,1
1625384615211,Sun Jul 04 00:43:35 PDT 2021,87,125,1
1625413447167,Sun Jul 04 08:44:07 PDT 2021,87,127,1
1625424231701,Sun Jul 04 11:43:51 PDT 2021,87,131,1
1625428918922,Sun Jul 04 13:01:58 PDT 2021,87,132,1
1625435446575,Sun Jul 04 14:50:46 PDT 2021,87,135,1
1625436349034,Sun Jul 04 15:05:49 PDT 2021,87,136,1
1625437122658,Sun Jul 04 15:18:42 PDT 2021,87,137,1
1625452088928,Sun Jul 04 19:28:08 PDT 2021,87,141,1
1625454583893,Sun Jul 04 20:09:43 PDT 2021,87,142,1
1625462293394,Sun Jul 04 22:18:13 PDT 2021,87,145,1
1625495586662,Mon Jul 05 07:33:06 PDT 2021,87,147,1
1625593543618,Tue Jul 06 10:45:43 PDT 2021,87,151,1
1625602759104,Tue Jul 06 13:19:19 PDT 2021,87,152,1
1625597846705,Tue Jul 06 11:57:26 PDT 2021,87,153,1
1625611660963,Tue Jul 06 15:47:40 PDT 2021,87,155,1
1625627020851,Tue Jul 06 20:03:40 PDT 2021,87,156,1
1625635791425,Tue Jul 06 22:29:51 PDT 2021,87,157,1
1625672803646,Wed Jul 07 08:46:43 PDT 2021,87,160,1
1625674707059,Wed Jul 07 09:18:27 PDT 2021,87,161,1
1625675014592,Wed Jul 07 09:23:34 PDT 2021,87,162,1
1625676567106,Wed Jul 07 09:49:27 PDT 2021,87,163,0
1625686636187,Wed Jul 07 12:37:16 PDT 2021,87,164,1
1625677389642,Wed Jul 07 10:03:09 PDT 2021,87,165,1
1625678536124,Wed Jul 07 10:22:16 PDT 2021,87,166,1
1625686293923,Wed Jul 07 12:31:33 PDT 2021,87,170,0
1625693736336,Wed Jul 07 14:35:36 PDT 2021,87,173,1
1625694055314,Wed Jul 07 14:40:55 PDT 2021,87,174,1
1625694735156,Wed Jul 07 14:52:15 PDT 2021,87,177,1
1625695533855,Wed Jul 07 15:05:33 PDT 2021,87,178,1
1625696264191,Wed Jul 07 15:17:44 PDT 2021,87,180,1
1625696669259,Wed Jul 07 15:24:29 PDT 2021,87,181,1
1625697081667,Wed Jul 07 15:31:21 PDT 2021,87,182,1
1625698480785,Wed Jul 07 15:54:40 PDT 2021,87,183,1
1625699615184,Wed Jul 07 16:13:35 PDT 2021,87,184,1
1625699432642,Wed Jul 07 16:10:32 PDT 2021,87,185,0
1625700092052,Wed Jul 07 16:21:32 PDT 2021,87,186,1
1625700396107,Wed Jul 07 16:26:36 PDT 2021,87,187,1
1625700456504,Wed Jul 07 16:27:36 PDT 2021,87,188,1
1625702691292,Wed Jul 07 17:04:51 PDT 2021,87,189,1
1625710312931,Wed Jul 07 19:11:52 PDT 2021,87,191,0
1625710226141,Wed Jul 07 19:10:26 PDT 2021,87,193,1
1625711046717,Wed Jul 07 19:24:06 PDT 2021,87,194,1
1625723158731,Wed Jul 07 22:45:58 PDT 2021,87,196,0
1625752538050,Thu Jul 08 06:55:38 PDT 2021,87,197,1
1625755494199,Thu Jul 08 07:44:54 PDT 2021,87,198,0
1625759023431,Thu Jul 08 08:43:43 PDT 2021,87,199,1
1625760098416,Thu Jul 08 09:01:38 PDT 2021,87,200,1
1625762529829,Thu Jul 08 09:42:09 PDT 2021,87,201,-1
1625763740326,Thu Jul 08 10:02:20 PDT 2021,87,203,1
1625770269681,Thu Jul 08 11:51:09 PDT 2021,87,205,1
1625772375032,Thu Jul 08 12:26:15 PDT 2021,87,206,1
1625782383175,Thu Jul 08 15:13:03 PDT 2021,87,207,1
1625783958341,Thu Jul 08 15:39:18 PDT 2021,87,208,1
1625786496202,Thu Jul 08 16:21:36 PDT 2021,87,209,1
1625801672999,Thu Jul 08 20:34:32 PDT 2021,87,213,1
1625845334798,Fri Jul 09 08:42:14 PDT 2021,87,215,1
1625855481457,Fri Jul 09 11:31:21 PDT 2021,87,217,1
1625863381410,Fri Jul 09 13:43:01 PDT 2021,87,218,1
1625868250860,Fri Jul 09 15:04:10 PDT 2021,87,219,1
1625921026648,Sat Jul 10 05:43:46 PDT 2021,87,223,1
1625921796977,Sat Jul 10 05:56:36 PDT 2021,87,224,1
1625926563360,Sat Jul 10 07:16:03 PDT 2021,87,225,-1
1625929311358,Sat Jul 10 08:01:51 PDT 2021,87,226,1
1625937239151,Sat Jul 10 10:13:59 PDT 2021,87,227,1
1625939362065,Sat Jul 10 10:49:22 PDT 2021,87,228,1
1625961532301,Sat Jul 10 16:58:52 PDT 2021,87,231,1
1625964899842,Sat Jul 10 17:54:59 PDT 2021,87,232,1
1625971280511,Sat Jul 10 19:41:20 PDT 2021,87,233,1
1625982003332,Sat Jul 10 22:40:03 PDT 2021,87,234,-1
1626011990802,Sun Jul 11 06:59:50 PDT 2021,87,236,0
1626014883264,Sun Jul 11 07:48:03 PDT 2021,87,237,1
1626015138339,Sun Jul 11 07:52:18 PDT 2021,87,238,1
1626016649256,Sun Jul 11 08:17:29 PDT 2021,87,239,-1
1626027339006,Sun Jul 11 11:15:39 PDT 2021,87,240,1
1626029909498,Sun Jul 11 11:58:29 PDT 2021,87,241,1
1626033766732,Sun Jul 11 13:02:46 PDT 2021,87,243,0
1626050976725,Sun Jul 11 17:49:36 PDT 2021,87,246,0
1626055819274,Sun Jul 11 19:10:19 PDT 2021,87,247,1
1626063705015,Sun Jul 11 21:21:45 PDT 2021,87,248,1
1626097057303,Mon Jul 12 06:37:37 PDT 2021,87,249,1
1626097341487,Mon Jul 12 06:42:21 PDT 2021,87,250,1
1626101018484,Mon Jul 12 07:43:38 PDT 2021,87,251,1
1626160313872,Tue Jul 13 00:11:53 PDT 2021,87,255,1
1626184050841,Tue Jul 13 06:47:30 PDT 2021,87,256,1
1626198187393,Tue Jul 13 10:43:07 PDT 2021,87,257,0
1626641137677,Sun Jul 18 13:45:37 PDT 2021,87,258,0
1626214142449,Tue Jul 13 15:09:02 PDT 2021,87,260,1
1627752274268,Sat Jul 31 10:24:34 PDT 2021,87,261,1
1626220935471,Tue Jul 13 17:02:15 PDT 2021,87,263,1
1626274774767,Wed Jul 14 07:59:34 PDT 2021,87,265,1
1626383275080,Thu Jul 15 14:07:55 PDT 2021,87,267,1
1626360889730,Thu Jul 15 07:54:49 PDT 2021,87,269,1
1626386090181,Thu Jul 15 14:54:50 PDT 2021,87,271,1
1626455298535,Fri Jul 16 10:08:18 PDT 2021,87,274,1
1626471191669,Fri Jul 16 14:33:11 PDT 2021,87,275,1
1626492869986,Fri Jul 16 20:34:29 PDT 2021,87,276,0
1626540594506,Sat Jul 17 09:49:54 PDT 2021,87,278,1
1626540511814,Sat Jul 17 09:48:31 PDT 2021,87,279,1
1626545524487,Sat Jul 17 11:12:04 PDT 2021,87,280,0
1626552407273,Sat Jul 17 13:06:47 PDT 2021,87,281,1
1626553958058,Sat Jul 17 13:32:38 PDT 2021,87,282,1
1626567907397,Sat Jul 17 17:25:07 PDT 2021,87,284,1
1626578212303,Sat Jul 17 20:16:52 PDT 2021,87,285,1
1626584580617,Sat Jul 17 22:03:00 PDT 2021,87,286,1
1626712831068,Mon Jul 19 09:40:31 PDT 2021,87,288,1
1626716277986,Mon Jul 19 10:37:57 PDT 2021,87,290,1
1626720230222,Mon Jul 19 11:43:50 PDT 2021,87,291,1
1626724302595,Mon Jul 19 12:51:42 PDT 2021,87,292,0
1626737858635,Mon Jul 19 16:37:38 PDT 2021,87,294,1
1626751996076,Mon Jul 19 20:33:16 PDT 2021,87,295,1
1626791777668,Tue Jul 20 07:36:17 PDT 2021,87,296,1
1626798941092,Tue Jul 20 09:35:41 PDT 2021,87,298,1
1626909103257,Wed Jul 21 16:11:43 PDT 2021,87,299,-1
1626965038076,Thu Jul 22 07:43:58 PDT 2021,87,300,1
1626919073843,Wed Jul 21 18:57:53 PDT 2021,87,301,1
1627001269293,Thu Jul 22 17:47:49 PDT 2021,87,302,1
1627002602256,Thu Jul 22 18:10:02 PDT 2021,87,303,-1
1627008768738,Thu Jul 22 19:52:48 PDT 2021,87,305,1
1627082338637,Fri Jul 23 16:18:58 PDT 2021,87,308,1
1627084029245,Fri Jul 23 16:47:09 PDT 2021,87,309,-1
1627085033537,Fri Jul 23 17:03:53 PDT 2021,87,310,-1
1627086980039,Fri Jul 23 17:36:20 PDT 2021,87,311,1
1627088260143,Fri Jul 23 17:57:40 PDT 2021,87,312,1
1627100111331,Fri Jul 23 21:15:11 PDT 2021,87,313,1
1627100801047,Fri Jul 23 21:26:41 PDT 2021,87,314,1
1627101462093,Fri Jul 23 21:37:42 PDT 2021,87,315,1
1627162669470,Sat Jul 24 14:37:49 PDT 2021,87,317,1
1627187292158,Sat Jul 24 21:28:12 PDT 2021,87,318,-1
1627191958338,Sat Jul 24 22:45:58 PDT 2021,87,319,1
1627407684917,Tue Jul 27 10:41:24 PDT 2021,87,322,1
1627414780436,Tue Jul 27 12:39:40 PDT 2021,87,325,1
1627425539256,Tue Jul 27 15:38:59 PDT 2021,87,326,1
1627439594897,Tue Jul 27 19:33:14 PDT 2021,87,327,0
1627451099431,Tue Jul 27 22:44:59 PDT 2021,87,328,1
1627502728682,Wed Jul 28 13:05:28 PDT 2021,87,332,1
1627504837148,Wed Jul 28 13:40:37 PDT 2021,87,337,1
1627505832126,Wed Jul 28 13:57:12 PDT 2021,87,339,1
1627506749021,Wed Jul 28 14:12:29 PDT 2021,87,341,1
1627508622488,Wed Jul 28 14:43:42 PDT 2021,87,343,-1
1627509217867,Wed Jul 28 14:53:37 PDT 2021,87,345,-1
1627515162259,Wed Jul 28 16:32:42 PDT 2021,87,348,1
1627522843895,Wed Jul 28 18:40:43 PDT 2021,87,353,1
1627521805743,Wed Jul 28 18:23:25 PDT 2021,87,356,1
1627529923294,Wed Jul 28 20:38:43 PDT 2021,87,357,-1
1627531622908,Wed Jul 28 21:07:02 PDT 2021,87,358,0
1627543398381,Thu Jul 29 00:23:18 PDT 2021,87,364,1
1627573300202,Thu Jul 29 08:41:40 PDT 2021,87,366,-1
1627577157419,Thu Jul 29 09:45:57 PDT 2021,87,367,0
1627578769074,Thu Jul 29 10:12:49 PDT 2021,87,368,1
1627582883736,Thu Jul 29 11:21:23 PDT 2021,87,369,1
1627586500031,Thu Jul 29 12:21:40 PDT 2021,87,373,1
1627596238284,Thu Jul 29 15:03:58 PDT 2021,87,375,1
1627607281688,Thu Jul 29 18:08:01 PDT 2021,87,376,0
1627612041481,Thu Jul 29 19:27:21 PDT 2021,87,377,1
1627656009371,Fri Jul 30 07:40:09 PDT 2021,87,380,1
1627656212872,Fri Jul 30 07:43:32 PDT 2021,87,381,1
1627663924157,Fri Jul 30 09:52:04 PDT 2021,87,382,1
1627664855750,Fri Jul 30 10:07:35 PDT 2021,87,383,1
1627666690914,Fri Jul 30 10:38:10 PDT 2021,87,384,1
1627676660098,Fri Jul 30 13:24:20 PDT 2021,87,386,1
1627680524726,Fri Jul 30 14:28:44 PDT 2021,87,388,1
1627681446911,Fri Jul 30 14:44:06 PDT 2021,87,389,1
1627684318201,Fri Jul 30 15:31:58 PDT 2021,87,391,1
1627685985749,Fri Jul 30 15:59:45 PDT 2021,87,394,1
1627690223450,Fri Jul 30 17:10:23 PDT 2021,87,395,0
1627702113962,Fri Jul 30 20:28:33 PDT 2021,87,396,0
1627756955308,Sat Jul 31 11:42:35 PDT 2021,87,399,1
1627769995696,Sat Jul 31 15:19:55 PDT 2021,87,401,1
1627772110327,Sat Jul 31 15:55:10 PDT 2021,87,402,1
1627776060457,Sat Jul 31 17:01:00 PDT 2021,87,403,1
1627837708049,Sun Aug 01 10:08:28 PDT 2021,87,404,1
1625023016340,Tue Jun 29 20:16:56 PDT 2021,88,0,1
1625020643740,Tue Jun 29 19:37:23 PDT 2021,88,24,1
1625160906147,Thu Jul 01 10:35:06 PDT 2021,88,26,0
1625021730443,Tue Jun 29 19:55:30 PDT 2021,88,27,-1
1625055368162,Wed Jun 30 05:16:08 PDT 2021,88,28,1
1625057794856,Wed Jun 30 05:56:34 PDT 2021,88,30,1
1625064266641,Wed Jun 30 07:44:26 PDT 2021,88,33,1
1625066154606,Wed Jun 30 08:15:54 PDT 2021,88,34,0
1625068129161,Wed Jun 30 08:48:49 PDT 2021,88,35,1
1625068507230,Wed Jun 30 08:55:07 PDT 2021,88,36,1
1625071331213,Wed Jun 30 09:42:11 PDT 2021,88,37,1
1625071875935,Wed Jun 30 09:51:15 PDT 2021,88,38,1
1625082291493,Wed Jun 30 12:44:51 PDT 2021,88,40,1
1625099165709,Wed Jun 30 17:26:05 PDT 2021,88,41,0
1625086131063,Wed Jun 30 13:48:51 PDT 2021,88,42,0
1625089424085,Wed Jun 30 14:43:44 PDT 2021,88,43,1
1625092898428,Wed Jun 30 15:41:38 PDT 2021,88,45,1
1625095248084,Wed Jun 30 16:20:48 PDT 2021,88,46,-1
1625094892360,Wed Jun 30 16:14:52 PDT 2021,88,47,1
1625095949911,Wed Jun 30 16:32:29 PDT 2021,88,48,0
1625099064252,Wed Jun 30 17:24:24 PDT 2021,88,50,0
1625100971873,Wed Jun 30 17:56:11 PDT 2021,88,51,0
1625101286647,Wed Jun 30 18:01:26 PDT 2021,88,52,1
1625101824037,Wed Jun 30 18:10:24 PDT 2021,88,53,-1
1625101706989,Wed Jun 30 18:08:26 PDT 2021,88,54,0
1625108062185,Wed Jun 30 19:54:22 PDT 2021,88,55,1
1625112230594,Wed Jun 30 21:03:50 PDT 2021,88,56,0
1625116333092,Wed Jun 30 22:12:13 PDT 2021,88,57,1
1625117784569,Wed Jun 30 22:36:24 PDT 2021,88,59,1
1625150528497,Thu Jul 01 07:42:08 PDT 2021,88,61,1
1625151222022,Thu Jul 01 07:53:42 PDT 2021,88,62,0
1625154201884,Thu Jul 01 08:43:21 PDT 2021,88,63,0
1625155579099,Thu Jul 01 09:06:19 PDT 2021,88,64,-1
1625158148375,Thu Jul 01 09:49:08 PDT 2021,88,65,1
1625410816476,Sun Jul 04 08:00:16 PDT 2021,88,66,1
1625159476877,Thu Jul 01 10:11:16 PDT 2021,88,68,1
1625160224582,Thu Jul 01 10:23:44 PDT 2021,88,69,-1
1625160037372,Thu Jul 01 10:20:37 PDT 2021,88,70,1
1625162230113,Thu Jul 01 10:57:10 PDT 2021,88,71,-1
1625163434800,Thu Jul 01 11:17:14 PDT 2021,88,73,-1
1625164413832,Thu Jul 01 11:33:33 PDT 2021,88,74,0
1625164075283,Thu Jul 01 11:27:55 PDT 2021,88,83,-1
1625165068389,Thu Jul 01 11:44:28 PDT 2021,88,85,-1
1625165325319,Thu Jul 01 11:48:45 PDT 2021,88,86,-1
1625165988581,Thu Jul 01 11:59:48 PDT 2021,88,90,-1
1625168504541,Thu Jul 01 12:41:44 PDT 2021,88,92,0
1625173527961,Thu Jul 01 14:05:27 PDT 2021,88,93,1
1625174814631,Thu Jul 01 14:26:54 PDT 2021,88,94,0
1625175332102,Thu Jul 01 14:35:32 PDT 2021,88,95,1
1625182688338,Thu Jul 01 16:38:08 PDT 2021,88,96,0
1626140889853,Mon Jul 12 18:48:09 PDT 2021,88,98,-1
1625189792454,Thu Jul 01 18:36:32 PDT 2021,88,99,-1
1625190946154,Thu Jul 01 18:55:46 PDT 2021,88,100,1
1625190973070,Thu Jul 01 18:56:13 PDT 2021,88,101,1
1625199729137,Thu Jul 01 21:22:09 PDT 2021,88,102,-1
1625238328510,Fri Jul 02 08:05:28 PDT 2021,88,103,-1
1625241798106,Fri Jul 02 09:03:18 PDT 2021,88,104,1
1625242014633,Fri Jul 02 09:06:54 PDT 2021,88,106,0
1625246271871,Fri Jul 02 10:17:51 PDT 2021,88,107,1
1625251630733,Fri Jul 02 11:47:10 PDT 2021,88,108,1
1625265359229,Fri Jul 02 15:35:59 PDT 2021,88,110,0
1625266394107,Fri Jul 02 15:53:14 PDT 2021,88,111,1
1625273981545,Fri Jul 02 17:59:41 PDT 2021,88,112,1
1625281837786,Fri Jul 02 20:10:37 PDT 2021,88,113,0
1625320402162,Sat Jul 03 06:53:22 PDT 2021,88,116,0
1625329571946,Sat Jul 03 09:26:11 PDT 2021,88,118,-1
1625334132600,Sat Jul 03 10:42:12 PDT 2021,88,119,1
1625361836354,Sat Jul 03 18:23:56 PDT 2021,88,120,0
1625364781441,Sat Jul 03 19:13:01 PDT 2021,88,121,-1
1625365560274,Sat Jul 03 19:26:00 PDT 2021,88,122,-1
1625365821944,Sat Jul 03 19:30:21 PDT 2021,88,123,1
1625375392207,Sat Jul 03 22:09:52 PDT 2021,88,124,1
1625384057875,Sun Jul 04 00:34:17 PDT 2021,88,125,1
1625410082612,Sun Jul 04 07:48:02 PDT 2021,88,126,1
1625413366779,Sun Jul 04 08:42:46 PDT 2021,88,127,0
1625424402445,Sun Jul 04 11:46:42 PDT 2021,88,131,0
1625429067648,Sun Jul 04 13:04:27 PDT 2021,88,132,1
1625435710543,Sun Jul 04 14:55:10 PDT 2021,88,135,1
1625436779073,Sun Jul 04 15:12:59 PDT 2021,88,136,1
1625437275559,Sun Jul 04 15:21:15 PDT 2021,88,137,0
1625452365097,Sun Jul 04 19:32:45 PDT 2021,88,141,1
1625454546639,Sun Jul 04 20:09:06 PDT 2021,88,142,1
1625463000857,Sun Jul 04 22:30:00 PDT 2021,88,145,1
1625495888324,Mon Jul 05 07:38:08 PDT 2021,88,147,0
1625528743607,Mon Jul 05 16:45:43 PDT 2021,88,148,0
1625594052532,Tue Jul 06 10:54:12 PDT 2021,88,151,1
1625602816039,Tue Jul 06 13:20:16 PDT 2021,88,152,1
1625613457875,Tue Jul 06 16:17:37 PDT 2021,88,153,1
1625611834631,Tue Jul 06 15:50:34 PDT 2021,88,155,1
1625627162832,Tue Jul 06 20:06:02 PDT 2021,88,156,1
1625635749802,Tue Jul 06 22:29:09 PDT 2021,88,157,1
1625673016914,Wed Jul 07 08:50:16 PDT 2021,88,160,1
1625674849066,Wed Jul 07 09:20:49 PDT 2021,88,161,1
1625675092722,Wed Jul 07 09:24:52 PDT 2021,88,162,1
1625676364200,Wed Jul 07 09:46:04 PDT 2021,88,163,0
1625677340105,Wed Jul 07 10:02:20 PDT 2021,88,165,0
1625678676141,Wed Jul 07 10:24:36 PDT 2021,88,166,1
1625693796157,Wed Jul 07 14:36:36 PDT 2021,88,173,1
1625693917227,Wed Jul 07 14:38:37 PDT 2021,88,174,1
1625695454128,Wed Jul 07 15:04:14 PDT 2021,88,178,1
1625696515729,Wed Jul 07 15:21:55 PDT 2021,88,180,0
1625696329884,Wed Jul 07 15:18:49 PDT 2021,88,181,1
1625697156610,Wed Jul 07 15:32:36 PDT 2021,88,182,0
1625698059235,Wed Jul 07 15:47:39 PDT 2021,88,183,0
1625699985374,Wed Jul 07 16:19:45 PDT 2021,88,186,0
1625700244737,Wed Jul 07 16:24:04 PDT 2021,88,187,1
1625700733924,Wed Jul 07 16:32:13 PDT 2021,88,188,1
1625702809415,Wed Jul 07 17:06:49 PDT 2021,88,189,-1
1625709632490,Wed Jul 07 19:00:32 PDT 2021,88,191,0
1625710161225,Wed Jul 07 19:09:21 PDT 2021,88,193,1
1625710479510,Wed Jul 07 19:14:39 PDT 2021,88,194,-1
1625714352306,Wed Jul 07 20:19:12 PDT 2021,88,195,1
1625722915632,Wed Jul 07 22:41:55 PDT 2021,88,196,0
1625752550478,Thu Jul 08 06:55:50 PDT 2021,88,197,0
1625755618717,Thu Jul 08 07:46:58 PDT 2021,88,198,0
1625758930836,Thu Jul 08 08:42:10 PDT 2021,88,199,1
1625762633596,Thu Jul 08 09:43:53 PDT 2021,88,201,0
1625763391003,Thu Jul 08 09:56:31 PDT 2021,88,203,0
1625770319028,Thu Jul 08 11:51:59 PDT 2021,88,205,1
1625781806590,Thu Jul 08 15:03:26 PDT 2021,88,207,1
1625784384599,Thu Jul 08 15:46:24 PDT 2021,88,208,1
1625786929150,Thu Jul 08 16:28:49 PDT 2021,88,209,1
1625796394757,Thu Jul 08 19:06:34 PDT 2021,88,212,1
1625805475430,Thu Jul 08 21:37:55 PDT 2021,88,214,1
1625845310169,Fri Jul 09 08:41:50 PDT 2021,88,215,1
1625855977347,Fri Jul 09 11:39:37 PDT 2021,88,217,1
1625864047144,Fri Jul 09 13:54:07 PDT 2021,88,218,0
1625868139743,Fri Jul 09 15:02:19 PDT 2021,88,219,1
1625921093461,Sat Jul 10 05:44:53 PDT 2021,88,223,1
1625922363631,Sat Jul 10 06:06:03 PDT 2021,88,224,1
1625926478880,Sat Jul 10 07:14:38 PDT 2021,88,225,-1
1625929247638,Sat Jul 10 08:00:47 PDT 2021,88,226,0
1625932483041,Sat Jul 10 08:54:43 PDT 2021,88,227,0
1625938879546,Sat Jul 10 10:41:19 PDT 2021,88,228,1
1625961798655,Sat Jul 10 17:03:18 PDT 2021,88,231,0
1625965204007,Sat Jul 10 18:00:04 PDT 2021,88,232,1
1625971622851,Sat Jul 10 19:47:02 PDT 2021,88,233,0
1625982437375,Sat Jul 10 22:47:17 PDT 2021,88,234,1
1626011289568,Sun Jul 11 06:48:09 PDT 2021,88,236,0
1626015066815,Sun Jul 11 07:51:06 PDT 2021,88,237,1
1626015521117,Sun Jul 11 07:58:41 PDT 2021,88,238,1
1626016341126,Sun Jul 11 08:12:21 PDT 2021,88,239,-1
1626027277270,Sun Jul 11 11:14:37 PDT 2021,88,240,1
1626031482940,Sun Jul 11 12:24:42 PDT 2021,88,241,0
1626033578824,Sun Jul 11 12:59:38 PDT 2021,88,243,1
1626063168222,Sun Jul 11 21:12:48 PDT 2021,88,248,1
1626097350791,Mon Jul 12 06:42:30 PDT 2021,88,250,-1
1626100873651,Mon Jul 12 07:41:13 PDT 2021,88,251,0
1626160122566,Tue Jul 13 00:08:42 PDT 2021,88,255,0
1626184681168,Tue Jul 13 06:58:01 PDT 2021,88,256,1
1626641190980,Sun Jul 18 13:46:30 PDT 2021,88,258,-1
1626214262436,Tue Jul 13 15:11:02 PDT 2021,88,260,1
1626215329986,Tue Jul 13 15:28:49 PDT 2021,88,261,1
1626220833110,Tue Jul 13 17:00:33 PDT 2021,88,263,-1
1626235471058,Tue Jul 13 21:04:31 PDT 2021,88,265,1
1626383448186,Thu Jul 15 14:10:48 PDT 2021,88,267,0
1626360932895,Thu Jul 15 07:55:32 PDT 2021,88,269,1
1626385583360,Thu Jul 15 14:46:23 PDT 2021,88,271,1
1626455334538,Fri Jul 16 10:08:54 PDT 2021,88,274,1
1626470904345,Fri Jul 16 14:28:24 PDT 2021,88,275,1
1626492848673,Fri Jul 16 20:34:08 PDT 2021,88,276,0
1626540724483,Sat Jul 17 09:52:04 PDT 2021,88,278,1
1626540775526,Sat Jul 17 09:52:55 PDT 2021,88,279,1
1626545317953,Sat Jul 17 11:08:37 PDT 2021,88,280,-1
1626552623005,Sat Jul 17 13:10:23 PDT 2021,88,281,1
1626553278116,Sat Jul 17 13:21:18 PDT 2021,88,282,1
1626567963168,Sat Jul 17 17:26:03 PDT 2021,88,284,-1
1626584470762,Sat Jul 17 22:01:10 PDT 2021,88,286,-1
1626712823071,Mon Jul 19 09:40:23 PDT 2021,88,288,1
1626716612355,Mon Jul 19 10:43:32 PDT 2021,88,290,-1
1626720795433,Mon Jul 19 11:53:15 PDT 2021,88,291,0
1626733811203,Mon Jul 19 15:30:11 PDT 2021,88,292,-1
1626737647825,Mon Jul 19 16:34:07 PDT 2021,88,294,1
1626751846043,Mon Jul 19 20:30:46 PDT 2021,88,295,1
1626792199665,Tue Jul 20 07:43:19 PDT 2021,88,296,0
1626798732557,Tue Jul 20 09:32:12 PDT 2021,88,298,1
1626909011170,Wed Jul 21 16:10:11 PDT 2021,88,299,-1
1626965131030,Thu Jul 22 07:45:31 PDT 2021,88,300,-1
1626919103477,Wed Jul 21 18:58:23 PDT 2021,88,301,1
1627001380075,Thu Jul 22 17:49:40 PDT 2021,88,302,1
1627002518209,Thu Jul 22 18:08:38 PDT 2021,88,303,-1
1627007798791,Thu Jul 22 19:36:38 PDT 2021,88,304,1
1627008657414,Thu Jul 22 19:50:57 PDT 2021,88,305,1
1627083621383,Fri Jul 23 16:40:21 PDT 2021,88,309,-1
1627085012805,Fri Jul 23 17:03:32 PDT 2021,88,310,-1
1627086422223,Fri Jul 23 17:27:02 PDT 2021,88,311,-1
1627088155017,Fri Jul 23 17:55:55 PDT 2021,88,312,-1
1627100039020,Fri Jul 23 21:13:59 PDT 2021,88,313,-1
1627100922143,Fri Jul 23 21:28:42 PDT 2021,88,314,-1
1627101704304,Fri Jul 23 21:41:44 PDT 2021,88,315,-1
1627162918076,Sat Jul 24 14:41:58 PDT 2021,88,317,1
1627187234107,Sat Jul 24 21:27:14 PDT 2021,88,318,-1
1627191598572,Sat Jul 24 22:39:58 PDT 2021,88,319,-1
1627407594559,Tue Jul 27 10:39:54 PDT 2021,88,322,-1
1627414777540,Tue Jul 27 12:39:37 PDT 2021,88,325,1
1627425577899,Tue Jul 27 15:39:37 PDT 2021,88,326,0
1627439306224,Tue Jul 27 19:28:26 PDT 2021,88,327,-1
1627451198213,Tue Jul 27 22:46:38 PDT 2021,88,328,1
1627451537397,Tue Jul 27 22:52:17 PDT 2021,88,329,-1
1627502976828,Wed Jul 28 13:09:36 PDT 2021,88,332,-1
1627503198205,Wed Jul 28 13:13:18 PDT 2021,88,334,-1
1627503948165,Wed Jul 28 13:25:48 PDT 2021,88,335,0
1627504971807,Wed Jul 28 13:42:51 PDT 2021,88,337,-1
1627505514655,Wed Jul 28 13:51:54 PDT 2021,88,339,-1
1627508794778,Wed Jul 28 14:46:34 PDT 2021,88,343,-1
1627514907644,Wed Jul 28 16:28:27 PDT 2021,88,348,1
1627515058327,Wed Jul 28 16:30:58 PDT 2021,88,349,1
1627522559050,Wed Jul 28 18:35:59 PDT 2021,88,353,1
1627522033820,Wed Jul 28 18:27:13 PDT 2021,88,356,1
1627529320192,Wed Jul 28 20:28:40 PDT 2021,88,357,-1
1627531529696,Wed Jul 28 21:05:29 PDT 2021,88,358,-1
1627536211229,Wed Jul 28 22:23:31 PDT 2021,88,361,1
1627543385935,Thu Jul 29 00:23:05 PDT 2021,88,364,1
1627573490742,Thu Jul 29 08:44:50 PDT 2021,88,366,-1
1627578700488,Thu Jul 29 10:11:40 PDT 2021,88,368,1
1627582670026,Thu Jul 29 11:17:50 PDT 2021,88,369,1
1627586569742,Thu Jul 29 12:22:49 PDT 2021,88,373,1
1627595495951,Thu Jul 29 14:51:35 PDT 2021,88,375,0
1627607810995,Thu Jul 29 18:16:50 PDT 2021,88,376,0
1627613579615,Thu Jul 29 19:52:59 PDT 2021,88,378,1
1627617980228,Thu Jul 29 21:06:20 PDT 2021,88,379,-1
1627655533450,Fri Jul 30 07:32:13 PDT 2021,88,380,1
1627656588227,Fri Jul 30 07:49:48 PDT 2021,88,381,1
1627663848218,Fri Jul 30 09:50:48 PDT 2021,88,382,-1
1627667005286,Fri Jul 30 10:43:25 PDT 2021,88,384,0
1627675195386,Fri Jul 30 12:59:55 PDT 2021,88,386,1
1627680708521,Fri Jul 30 14:31:48 PDT 2021,88,388,0
1627681786059,Fri Jul 30 14:49:46 PDT 2021,88,389,1
1627682235624,Fri Jul 30 14:57:15 PDT 2021,88,390,1
1627684302004,Fri Jul 30 15:31:42 PDT 2021,88,391,-1
1627684652656,Fri Jul 30 15:37:32 PDT 2021,88,392,1
1627685392219,Fri Jul 30 15:49:52 PDT 2021,88,393,-1
1627686129526,Fri Jul 30 16:02:09 PDT 2021,88,394,-1
1627690236095,Fri Jul 30 17:10:36 PDT 2021,88,395,0
1627702139942,Fri Jul 30 20:28:59 PDT 2021,88,396,0
1627756942841,Sat Jul 31 11:42:22 PDT 2021,88,399,0
1627759985936,Sat Jul 31 12:33:05 PDT 2021,88,400,0
1627769691893,Sat Jul 31 15:14:51 PDT 2021,88,401,1
1627771858347,Sat Jul 31 15:50:58 PDT 2021,88,402,-1
1627776077420,Sat Jul 31 17:01:17 PDT 2021,88,403,1
1627838085414,Sun Aug 01 10:14:45 PDT 2021,88,404,-1
1625023002314,Tue Jun 29 20:16:42 PDT 2021,89,0,1
1625023319136,Tue Jun 29 20:21:59 PDT 2021,89,24,1
1625160862184,Thu Jul 01 10:34:22 PDT 2021,89,26,1
1625022416395,Tue Jun 29 20:06:56 PDT 2021,89,27,1
1625055418677,Wed Jun 30 05:16:58 PDT 2021,89,28,1
1625057645222,Wed Jun 30 05:54:05 PDT 2021,89,30,1
1625064164350,Wed Jun 30 07:42:44 PDT 2021,89,33,0
1625066264359,Wed Jun 30 08:17:44 PDT 2021,89,34,0
1625068252128,Wed Jun 30 08:50:52 PDT 2021,89,35,1
1625069027426,Wed Jun 30 09:03:47 PDT 2021,89,36,1
1625071815597,Wed Jun 30 09:50:15 PDT 2021,89,37,1
1625071762437,Wed Jun 30 09:49:22 PDT 2021,89,38,1
1625082503453,Wed Jun 30 12:48:23 PDT 2021,89,40,1
1625099089699,Wed Jun 30 17:24:49 PDT 2021,89,41,1
1625086136746,Wed Jun 30 13:48:56 PDT 2021,89,42,1
1625090023893,Wed Jun 30 14:53:43 PDT 2021,89,43,1
1625092089491,Wed Jun 30 15:28:09 PDT 2021,89,44,1
1625092913245,Wed Jun 30 15:41:53 PDT 2021,89,45,1
1625094808562,Wed Jun 30 16:13:28 PDT 2021,89,46,-1
1625094995612,Wed Jun 30 16:16:35 PDT 2021,89,47,1
1625096117064,Wed Jun 30 16:35:17 PDT 2021,89,48,-1
1625099325325,Wed Jun 30 17:28:45 PDT 2021,89,50,0
1625100964324,Wed Jun 30 17:56:04 PDT 2021,89,51,1
1625100914110,Wed Jun 30 17:55:14 PDT 2021,89,52,-1
1625101749382,Wed Jun 30 18:09:09 PDT 2021,89,53,1
1625101484947,Wed Jun 30 18:04:44 PDT 2021,89,54,1
1625108054308,Wed Jun 30 19:54:14 PDT 2021,89,55,1
1625115893392,Wed Jun 30 22:04:53 PDT 2021,89,57,1
1625118015997,Wed Jun 30 22:40:15 PDT 2021,89,59,1
1625150701594,Thu Jul 01 07:45:01 PDT 2021,89,61,1
1625151061642,Thu Jul 01 07:51:01 PDT 2021,89,62,-1
1625154166347,Thu Jul 01 08:42:46 PDT 2021,89,63,1
1625155536828,Thu Jul 01 09:05:36 PDT 2021,89,64,1
1625157955076,Thu Jul 01 09:45:55 PDT 2021,89,65,1
1625158780217,Thu Jul 01 09:59:40 PDT 2021,89,66,0
1625159731115,Thu Jul 01 10:15:31 PDT 2021,89,68,1
1625159893500,Thu Jul 01 10:18:13 PDT 2021,89,69,-1
1625159950718,Thu Jul 01 10:19:10 PDT 2021,89,70,1
1625161519657,Thu Jul 01 10:45:19 PDT 2021,89,71,0
1625163499050,Thu Jul 01 11:18:19 PDT 2021,89,73,-1
1625163894840,Thu Jul 01 11:24:54 PDT 2021,89,74,0
1625163880846,Thu Jul 01 11:24:40 PDT 2021,89,80,-1
1625164061933,Thu Jul 01 11:27:41 PDT 2021,89,83,-1
1625164580802,Thu Jul 01 11:36:20 PDT 2021,89,85,-1
1625165330508,Thu Jul 01 11:48:50 PDT 2021,89,86,-1
1625166019162,Thu Jul 01 12:00:19 PDT 2021,89,90,-1
1625168537057,Thu Jul 01 12:42:17 PDT 2021,89,92,1
1625174884826,Thu Jul 01 14:28:04 PDT 2021,89,94,1
1625175230446,Thu Jul 01 14:33:50 PDT 2021,89,95,1
1625182887430,Thu Jul 01 16:41:27 PDT 2021,89,96,0
1625185725732,Thu Jul 01 17:28:45 PDT 2021,89,97,0
1626133808843,Mon Jul 12 16:50:08 PDT 2021,89,98,-1
1625190502831,Thu Jul 01 18:48:22 PDT 2021,89,100,-1
1625190914916,Thu Jul 01 18:55:14 PDT 2021,89,101,-1
1625199951363,Thu Jul 01 21:25:51 PDT 2021,89,102,1
1625238046828,Fri Jul 02 08:00:46 PDT 2021,89,103,-1
1625241854096,Fri Jul 02 09:04:14 PDT 2021,89,104,1
1625241834933,Fri Jul 02 09:03:54 PDT 2021,89,105,1
1625242029145,Fri Jul 02 09:07:09 PDT 2021,89,106,-1
1625245590067,Fri Jul 02 10:06:30 PDT 2021,89,107,1
1625251575357,Fri Jul 02 11:46:15 PDT 2021,89,108,1
1625266129103,Fri Jul 02 15:48:49 PDT 2021,89,111,-1
1625274013480,Fri Jul 02 18:00:13 PDT 2021,89,112,-1
1625281808654,Fri Jul 02 20:10:08 PDT 2021,89,113,0
1625329010199,Sat Jul 03 09:16:50 PDT 2021,89,118,-1
1625333318268,Sat Jul 03 10:28:38 PDT 2021,89,119,-1
1625364472150,Sat Jul 03 19:07:52 PDT 2021,89,121,-1
1625365603122,Sat Jul 03 19:26:43 PDT 2021,89,122,-1
1625365929344,Sat Jul 03 19:32:09 PDT 2021,89,123,1
1625375311881,Sat Jul 03 22:08:31 PDT 2021,89,124,1
1625384051426,Sun Jul 04 00:34:11 PDT 2021,89,125,1
1625410064054,Sun Jul 04 07:47:44 PDT 2021,89,126,0
1625413945726,Sun Jul 04 08:52:25 PDT 2021,89,127,1
1625424709022,Sun Jul 04 11:51:49 PDT 2021,89,131,1
1625428787069,Sun Jul 04 12:59:47 PDT 2021,89,132,1
1625435248426,Sun Jul 04 14:47:28 PDT 2021,89,135,1
1625436226173,Sun Jul 04 15:03:46 PDT 2021,89,136,0
1625436787279,Sun Jul 04 15:13:07 PDT 2021,89,137,1
1625452242463,Sun Jul 04 19:30:42 PDT 2021,89,141,-1
1625454819598,Sun Jul 04 20:13:39 PDT 2021,89,142,0
1625462095961,Sun Jul 04 22:14:55 PDT 2021,89,145,0
1625496008114,Mon Jul 05 07:40:08 PDT 2021,89,147,1
1625528680643,Mon Jul 05 16:44:40 PDT 2021,89,148,1
1625593578223,Tue Jul 06 10:46:18 PDT 2021,89,151,0
1625602768842,Tue Jul 06 13:19:28 PDT 2021,89,152,1
1625613598934,Tue Jul 06 16:19:58 PDT 2021,89,153,-1
1625601313145,Tue Jul 06 12:55:13 PDT 2021,89,154,1
1625611312417,Tue Jul 06 15:41:52 PDT 2021,89,155,1
1625627125283,Tue Jul 06 20:05:25 PDT 2021,89,156,1
1625635725574,Tue Jul 06 22:28:45 PDT 2021,89,157,1
1625672839342,Wed Jul 07 08:47:19 PDT 2021,89,160,1
1625674735595,Wed Jul 07 09:18:55 PDT 2021,89,161,1
1625675324670,Wed Jul 07 09:28:44 PDT 2021,89,162,0
1625676460982,Wed Jul 07 09:47:40 PDT 2021,89,163,0
1625677839331,Wed Jul 07 10:10:39 PDT 2021,89,166,1
1625686183444,Wed Jul 07 12:29:43 PDT 2021,89,170,-1
1625693421268,Wed Jul 07 14:30:21 PDT 2021,89,173,1
1625694046711,Wed Jul 07 14:40:46 PDT 2021,89,174,1
1625694761997,Wed Jul 07 14:52:41 PDT 2021,89,176,0
1625695320463,Wed Jul 07 15:02:00 PDT 2021,89,178,1
1625696369658,Wed Jul 07 15:19:29 PDT 2021,89,180,1
1625696463456,Wed Jul 07 15:21:03 PDT 2021,89,181,0
1625697179976,Wed Jul 07 15:32:59 PDT 2021,89,182,1
1625698191787,Wed Jul 07 15:49:51 PDT 2021,89,183,1
1625699239848,Wed Jul 07 16:07:19 PDT 2021,89,184,1
1625699613377,Wed Jul 07 16:13:33 PDT 2021,89,186,0
1625700620107,Wed Jul 07 16:30:20 PDT 2021,89,187,1
1625700670317,Wed Jul 07 16:31:10 PDT 2021,89,188,1
1625702362191,Wed Jul 07 16:59:22 PDT 2021,89,189,-1
1625707422232,Wed Jul 07 18:23:42 PDT 2021,89,191,1
1625709912070,Wed Jul 07 19:05:12 PDT 2021,89,193,1
1625710552064,Wed Jul 07 19:15:52 PDT 2021,89,194,1
1625722861206,Wed Jul 07 22:41:01 PDT 2021,89,196,1
1625752824351,Thu Jul 08 07:00:24 PDT 2021,89,197,1
1625755683883,Thu Jul 08 07:48:03 PDT 2021,89,198,-1
1625759195353,Thu Jul 08 08:46:35 PDT 2021,89,199,1
1625760074107,Thu Jul 08 09:01:14 PDT 2021,89,200,1
1625762584299,Thu Jul 08 09:43:04 PDT 2021,89,201,-1
1625763311966,Thu Jul 08 09:55:11 PDT 2021,89,203,1
1625768634306,Thu Jul 08 11:23:54 PDT 2021,89,204,1
1625770176028,Thu Jul 08 11:49:36 PDT 2021,89,205,1
1625772335461,Thu Jul 08 12:25:35 PDT 2021,89,206,1
1625782369815,Thu Jul 08 15:12:49 PDT 2021,89,207,1
1625783919294,Thu Jul 08 15:38:39 PDT 2021,89,208,0
1625786188177,Thu Jul 08 16:16:28 PDT 2021,89,209,1
1625789408419,Thu Jul 08 17:10:08 PDT 2021,89,210,1
1625801692800,Thu Jul 08 20:34:52 PDT 2021,89,213,0
1625842401323,Fri Jul 09 07:53:21 PDT 2021,89,214,-1
1625844739492,Fri Jul 09 08:32:19 PDT 2021,89,215,1
1625855505717,Fri Jul 09 11:31:45 PDT 2021,89,217,1
1625863390088,Fri Jul 09 13:43:10 PDT 2021,89,218,1
1625868441156,Fri Jul 09 15:07:21 PDT 2021,89,219,1
1625921176781,Sat Jul 10 05:46:16 PDT 2021,89,223,1
1625921947886,Sat Jul 10 05:59:07 PDT 2021,89,224,1
1625929043512,Sat Jul 10 07:57:23 PDT 2021,89,226,1
1625932902244,Sat Jul 10 09:01:42 PDT 2021,89,227,1
1625939837430,Sat Jul 10 10:57:17 PDT 2021,89,228,1
1625957595426,Sat Jul 10 15:53:15 PDT 2021,89,230,1
1625961748303,Sat Jul 10 17:02:28 PDT 2021,89,231,-1
1625964738560,Sat Jul 10 17:52:18 PDT 2021,89,232,0
1625971293743,Sat Jul 10 19:41:33 PDT 2021,89,233,1
1625982105957,Sat Jul 10 22:41:45 PDT 2021,89,234,-1
1626011908305,Sun Jul 11 06:58:28 PDT 2021,89,236,-1
1626014988172,Sun Jul 11 07:49:48 PDT 2021,89,237,-1
1626015127007,Sun Jul 11 07:52:07 PDT 2021,89,238,1
1626016523370,Sun Jul 11 08:15:23 PDT 2021,89,239,-1
1626027407438,Sun Jul 11 11:16:47 PDT 2021,89,240,1
1626029859053,Sun Jul 11 11:57:39 PDT 2021,89,241,0
1626033150482,Sun Jul 11 12:52:30 PDT 2021,89,243,1
1626050843130,Sun Jul 11 17:47:23 PDT 2021,89,246,-1
1626055664866,Sun Jul 11 19:07:44 PDT 2021,89,247,1
1626063145012,Sun Jul 11 21:12:25 PDT 2021,89,248,1
1626096995880,Mon Jul 12 06:36:35 PDT 2021,89,249,-1
1626097239544,Mon Jul 12 06:40:39 PDT 2021,89,250,1
1626100966715,Mon Jul 12 07:42:46 PDT 2021,89,251,1
1626103850029,Mon Jul 12 08:30:50 PDT 2021,89,252,0
1626160418798,Tue Jul 13 00:13:38 PDT 2021,89,255,-1
1626184607828,Tue Jul 13 06:56:47 PDT 2021,89,256,1
1626198240602,Tue Jul 13 10:44:00 PDT 2021,89,257,0
1626641180508,Sun Jul 18 13:46:20 PDT 2021,89,258,-1
1626213885823,Tue Jul 13 15:04:45 PDT 2021,89,260,0
1626215375161,Tue Jul 13 15:29:35 PDT 2021,89,261,1
1626220962263,Tue Jul 13 17:02:42 PDT 2021,89,263,-1
1626274907450,Wed Jul 14 08:01:47 PDT 2021,89,265,1
1626383765577,Thu Jul 15 14:16:05 PDT 2021,89,267,1
1626385573290,Thu Jul 15 14:46:13 PDT 2021,89,271,1
1626415295160,Thu Jul 15 23:01:35 PDT 2021,89,272,1
1626455388356,Fri Jul 16 10:09:48 PDT 2021,89,274,1
1626470852950,Fri Jul 16 14:27:32 PDT 2021,89,275,1
1626492692063,Fri Jul 16 20:31:32 PDT 2021,89,276,0
1626541067418,Sat Jul 17 09:57:47 PDT 2021,89,278,1
1626540632521,Sat Jul 17 09:50:32 PDT 2021,89,279,1
1626545605683,Sat Jul 17 11:13:25 PDT 2021,89,280,1
1626552237263,Sat Jul 17 13:03:57 PDT 2021,89,281,1
1626553550593,Sat Jul 17 13:25:50 PDT 2021,89,282,1
1626567931892,Sat Jul 17 17:25:31 PDT 2021,89,284,1
1626578113839,Sat Jul 17 20:15:13 PDT 2021,89,285,0
1626584775975,Sat Jul 17 22:06:15 PDT 2021,89,286,1
1626712870892,Mon Jul 19 09:41:10 PDT 2021,89,288,1
1626716324744,Mon Jul 19 10:38:44 PDT 2021,89,290,1
1626720040215,Mon Jul 19 11:40:40 PDT 2021,89,291,1
1626724166276,Mon Jul 19 12:49:26 PDT 2021,89,292,0
1626737249701,Mon Jul 19 16:27:29 PDT 2021,89,294,-1
1626752321976,Mon Jul 19 20:38:41 PDT 2021,89,295,0
1626791880575,Tue Jul 20 07:38:00 PDT 2021,89,296,-1
1626799162235,Tue Jul 20 09:39:22 PDT 2021,89,298,-1
1626908762337,Wed Jul 21 16:06:02 PDT 2021,89,299,1
1626965065484,Thu Jul 22 07:44:25 PDT 2021,89,300,1
1627000930043,Thu Jul 22 17:42:10 PDT 2021,89,302,0
1627002537565,Thu Jul 22 18:08:57 PDT 2021,89,303,-1
1627007696006,Thu Jul 22 19:34:56 PDT 2021,89,304,1
1627008751001,Thu Jul 22 19:52:31 PDT 2021,89,305,1
1627082494109,Fri Jul 23 16:21:34 PDT 2021,89,308,1
1627083820664,Fri Jul 23 16:43:40 PDT 2021,89,309,1
1627085213935,Fri Jul 23 17:06:53 PDT 2021,89,310,1
1627086704740,Fri Jul 23 17:31:44 PDT 2021,89,311,1
1627088039420,Fri Jul 23 17:53:59 PDT 2021,89,312,1
1627099932629,Fri Jul 23 21:12:12 PDT 2021,89,313,1
1627100600831,Fri Jul 23 21:23:20 PDT 2021,89,314,1
1627101754720,Fri Jul 23 21:42:34 PDT 2021,89,315,1
1627162424217,Sat Jul 24 14:33:44 PDT 2021,89,317,1
1627187322728,Sat Jul 24 21:28:42 PDT 2021,89,318,1
1627191771388,Sat Jul 24 22:42:51 PDT 2021,89,319,1
1627404809943,Tue Jul 27 09:53:29 PDT 2021,89,321,1
1627407226598,Tue Jul 27 10:33:46 PDT 2021,89,322,1
1627414915872,Tue Jul 27 12:41:55 PDT 2021,89,325,1
1627425488601,Tue Jul 27 15:38:08 PDT 2021,89,326,-1
1627439384617,Tue Jul 27 19:29:44 PDT 2021,89,327,0
1627451111955,Tue Jul 27 22:45:11 PDT 2021,89,328,1
1627502627420,Wed Jul 28 13:03:47 PDT 2021,89,332,1
1627503167702,Wed Jul 28 13:12:47 PDT 2021,89,334,1
1627504121573,Wed Jul 28 13:28:41 PDT 2021,89,335,1
1627504814363,Wed Jul 28 13:40:14 PDT 2021,89,337,1
1627505783896,Wed Jul 28 13:56:23 PDT 2021,89,339,1
1627506615165,Wed Jul 28 14:10:15 PDT 2021,89,341,1
1627506806633,Wed Jul 28 14:13:26 PDT 2021,89,342,1
1627508509396,Wed Jul 28 14:41:49 PDT 2021,89,343,1
1627509859348,Wed Jul 28 15:04:19 PDT 2021,89,346,1
1627515077150,Wed Jul 28 16:31:17 PDT 2021,89,348,1
1627515365927,Wed Jul 28 16:36:05 PDT 2021,89,350,1
1627518054032,Wed Jul 28 17:20:54 PDT 2021,89,352,0
1627522814802,Wed Jul 28 18:40:14 PDT 2021,89,353,1
1627522109304,Wed Jul 28 18:28:29 PDT 2021,89,356,1
1627528990006,Wed Jul 28 20:23:10 PDT 2021,89,357,-1
1627531949109,Wed Jul 28 21:12:29 PDT 2021,89,358,1
1627536055833,Wed Jul 28 22:20:55 PDT 2021,89,361,0
1627536473237,Wed Jul 28 22:27:53 PDT 2021,89,363,1
1627543516992,Thu Jul 29 00:25:16 PDT 2021,89,364,0
1627573529491,Thu Jul 29 08:45:29 PDT 2021,89,366,1
1627578519271,Thu Jul 29 10:08:39 PDT 2021,89,368,0
1627582662538,Thu Jul 29 11:17:42 PDT 2021,89,369,1
1627585122039,Thu Jul 29 11:58:42 PDT 2021,89,372,0
1627587053838,Thu Jul 29 12:30:53 PDT 2021,89,373,1
1627595312438,Thu Jul 29 14:48:32 PDT 2021,89,375,1
1627607546629,Thu Jul 29 18:12:26 PDT 2021,89,376,1
1627611849786,Thu Jul 29 19:24:09 PDT 2021,89,377,1
1627613696711,Thu Jul 29 19:54:56 PDT 2021,89,378,1
1627655361285,Fri Jul 30 07:29:21 PDT 2021,89,380,1
1627656595134,Fri Jul 30 07:49:55 PDT 2021,89,381,1
1627663779551,Fri Jul 30 09:49:39 PDT 2021,89,382,1
1627666450387,Fri Jul 30 10:34:10 PDT 2021,89,384,1
1627675486480,Fri Jul 30 13:04:46 PDT 2021,89,386,0
1627675997938,Fri Jul 30 13:13:17 PDT 2021,89,387,1
1627681508439,Fri Jul 30 14:45:08 PDT 2021,89,388,1
1627681241415,Fri Jul 30 14:40:41 PDT 2021,89,389,1
1627684306140,Fri Jul 30 15:31:46 PDT 2021,89,391,1
1627684596874,Fri Jul 30 15:36:36 PDT 2021,89,392,1
1627685174591,Fri Jul 30 15:46:14 PDT 2021,89,393,0
1627685974253,Fri Jul 30 15:59:34 PDT 2021,89,394,1
1627689857204,Fri Jul 30 17:04:17 PDT 2021,89,395,1
1627701824676,Fri Jul 30 20:23:44 PDT 2021,89,396,0
1627757081412,Sat Jul 31 11:44:41 PDT 2021,89,399,1
1627769779370,Sat Jul 31 15:16:19 PDT 2021,89,401,1
1627771818364,Sat Jul 31 15:50:18 PDT 2021,89,402,1
1627775564206,Sat Jul 31 16:52:44 PDT 2021,89,403,-1
1627837757487,Sun Aug 01 10:09:17 PDT 2021,89,404,1
1625022493002,Tue Jun 29 20:08:13 PDT 2021,90,27,1
1625070650279,Wed Jun 30 09:30:50 PDT 2021,91,0,1
1625160947023,Thu Jul 01 10:35:47 PDT 2021,91,26,0
1625022573218,Tue Jun 29 20:09:33 PDT 2021,91,27,1
1625068246813,Wed Jun 30 08:50:46 PDT 2021,91,35,-1
1625069088894,Wed Jun 30 09:04:48 PDT 2021,91,36,1
1625071338968,Wed Jun 30 09:42:18 PDT 2021,91,37,-1
1625071783400,Wed Jun 30 09:49:43 PDT 2021,91,38,0
1625082182786,Wed Jun 30 12:43:02 PDT 2021,91,40,0
1625099367479,Wed Jun 30 17:29:27 PDT 2021,91,41,0
1625085949755,Wed Jun 30 13:45:49 PDT 2021,91,42,1
1625089467515,Wed Jun 30 14:44:27 PDT 2021,91,43,1
1625092884862,Wed Jun 30 15:41:24 PDT 2021,91,45,-1
1625094875797,Wed Jun 30 16:14:35 PDT 2021,91,46,-1
1625095207768,Wed Jun 30 16:20:07 PDT 2021,91,47,0
1625095833459,Wed Jun 30 16:30:33 PDT 2021,91,48,-1
1625099526985,Wed Jun 30 17:32:06 PDT 2021,91,50,0
1625101241641,Wed Jun 30 18:00:41 PDT 2021,91,52,-1
1625101556251,Wed Jun 30 18:05:56 PDT 2021,91,53,-1
1625101465363,Wed Jun 30 18:04:25 PDT 2021,91,54,0
1625108354817,Wed Jun 30 19:59:14 PDT 2021,91,55,-1
1625112269012,Wed Jun 30 21:04:29 PDT 2021,91,56,-1
1625116347999,Wed Jun 30 22:12:27 PDT 2021,91,57,-1
1625117279173,Wed Jun 30 22:27:59 PDT 2021,91,58,-1
1625117834862,Wed Jun 30 22:37:14 PDT 2021,91,59,-1
1625120615756,Wed Jun 30 23:23:35 PDT 2021,91,60,-1
1625150736504,Thu Jul 01 07:45:36 PDT 2021,91,61,-1
1625152163019,Thu Jul 01 08:09:23 PDT 2021,91,62,-1
1625154443376,Thu Jul 01 08:47:23 PDT 2021,91,63,0
1625155812330,Thu Jul 01 09:10:12 PDT 2021,91,64,0
1625157915814,Thu Jul 01 09:45:15 PDT 2021,91,65,1
1625158712586,Thu Jul 01 09:58:32 PDT 2021,91,66,-1
1625159933178,Thu Jul 01 10:18:53 PDT 2021,91,68,-1
1625159981797,Thu Jul 01 10:19:41 PDT 2021,91,69,-1
1625168026496,Thu Jul 01 12:33:46 PDT 2021,91,70,0
1625162720187,Thu Jul 01 11:05:20 PDT 2021,91,71,-1
1625163389907,Thu Jul 01 11:16:29 PDT 2021,91,73,-1
1625167019587,Thu Jul 01 12:16:59 PDT 2021,91,74,0
1625164234792,Thu Jul 01 11:30:34 PDT 2021,91,83,-1
1625165120878,Thu Jul 01 11:45:20 PDT 2021,91,85,-1
1625165409416,Thu Jul 01 11:50:09 PDT 2021,91,86,-1
1625168516162,Thu Jul 01 12:41:56 PDT 2021,91,92,0
1625175379832,Thu Jul 01 14:36:19 PDT 2021,91,94,0
1625179517504,Thu Jul 01 15:45:17 PDT 2021,91,95,-1
1625183255451,Thu Jul 01 16:47:35 PDT 2021,91,96,-1
1626141118937,Mon Jul 12 18:51:58 PDT 2021,91,98,-1
1625191141618,Thu Jul 01 18:59:01 PDT 2021,91,100,-1
1625191177644,Thu Jul 01 18:59:37 PDT 2021,91,101,-1
1625200198616,Thu Jul 01 21:29:58 PDT 2021,91,102,0
1625238383654,Fri Jul 02 08:06:23 PDT 2021,91,103,-1
1625241357048,Fri Jul 02 08:55:57 PDT 2021,91,104,0
1625242436919,Fri Jul 02 09:13:56 PDT 2021,91,106,-1
1625246103992,Fri Jul 02 10:15:03 PDT 2021,91,107,0
1625267000634,Fri Jul 02 16:03:20 PDT 2021,91,111,-1
1625276475345,Fri Jul 02 18:41:15 PDT 2021,91,112,-1
1625329513934,Sat Jul 03 09:25:13 PDT 2021,91,118,0
1625334312610,Sat Jul 03 10:45:12 PDT 2021,91,119,-1
1625365107160,Sat Jul 03 19:18:27 PDT 2021,91,121,-1
1625365779233,Sat Jul 03 19:29:39 PDT 2021,91,122,0
1625366137366,Sat Jul 03 19:35:37 PDT 2021,91,123,1
1625375101964,Sat Jul 03 22:05:01 PDT 2021,91,124,1
1625384379780,Sun Jul 04 00:39:39 PDT 2021,91,125,0
1625410525578,Sun Jul 04 07:55:25 PDT 2021,91,126,0
1625414580338,Sun Jul 04 09:03:00 PDT 2021,91,127,0
1625424987087,Sun Jul 04 11:56:27 PDT 2021,91,131,-1
1625428852351,Sun Jul 04 13:00:52 PDT 2021,91,132,1
1625436130373,Sun Jul 04 15:02:10 PDT 2021,91,135,0
1625436961373,Sun Jul 04 15:16:01 PDT 2021,91,136,0
1625437332108,Sun Jul 04 15:22:12 PDT 2021,91,137,0
1625452466576,Sun Jul 04 19:34:26 PDT 2021,91,141,-1
1625454678158,Sun Jul 04 20:11:18 PDT 2021,91,142,-1
1625463294051,Sun Jul 04 22:34:54 PDT 2021,91,145,0
1625496836470,Mon Jul 05 07:53:56 PDT 2021,91,147,1
1625594101977,Tue Jul 06 10:55:01 PDT 2021,91,151,-1
1625602874281,Tue Jul 06 13:21:14 PDT 2021,91,152,0
1625614270066,Tue Jul 06 16:31:10 PDT 2021,91,153,0
1625611607228,Tue Jul 06 15:46:47 PDT 2021,91,155,-1
1625627832638,Tue Jul 06 20:17:12 PDT 2021,91,156,1
1625636105428,Tue Jul 06 22:35:05 PDT 2021,91,157,1
1625673042821,Wed Jul 07 08:50:42 PDT 2021,91,160,0
1625674978379,Wed Jul 07 09:22:58 PDT 2021,91,161,-1
1625675277549,Wed Jul 07 09:27:57 PDT 2021,91,162,0
1625676628578,Wed Jul 07 09:50:28 PDT 2021,91,163,-1
1625677513719,Wed Jul 07 10:05:13 PDT 2021,91,166,0
1625693887824,Wed Jul 07 14:38:07 PDT 2021,91,173,0
1625694239799,Wed Jul 07 14:43:59 PDT 2021,91,174,0
1625694451746,Wed Jul 07 14:47:31 PDT 2021,91,177,-1
1625696714932,Wed Jul 07 15:25:14 PDT 2021,91,181,-1
1625698754618,Wed Jul 07 15:59:14 PDT 2021,91,183,0
1625700127801,Wed Jul 07 16:22:07 PDT 2021,91,186,0
1625700739418,Wed Jul 07 16:32:19 PDT 2021,91,187,0
1625700998748,Wed Jul 07 16:36:38 PDT 2021,91,188,1
1625703171366,Wed Jul 07 17:12:51 PDT 2021,91,189,1
1625710229803,Wed Jul 07 19:10:29 PDT 2021,91,191,0
1625710173551,Wed Jul 07 19:09:33 PDT 2021,91,193,0
1625710982656,Wed Jul 07 19:23:02 PDT 2021,91,194,-1
1625723095009,Wed Jul 07 22:44:55 PDT 2021,91,196,0
1625772929313,Thu Jul 08 12:35:29 PDT 2021,91,198,-1
1625759687803,Thu Jul 08 08:54:47 PDT 2021,91,199,-1
1625762467777,Thu Jul 08 09:41:07 PDT 2021,91,201,0
1625763863463,Thu Jul 08 10:04:23 PDT 2021,91,203,0
1625770717861,Thu Jul 08 11:58:37 PDT 2021,91,205,1
1625781852989,Thu Jul 08 15:04:12 PDT 2021,91,207,0
1625784350301,Thu Jul 08 15:45:50 PDT 2021,91,208,-1
1625787097013,Thu Jul 08 16:31:37 PDT 2021,91,209,-1
1625845421345,Fri Jul 09 08:43:41 PDT 2021,91,215,-1
1625856166315,Fri Jul 09 11:42:46 PDT 2021,91,217,-1
1625863478405,Fri Jul 09 13:44:38 PDT 2021,91,218,0
1625868180986,Fri Jul 09 15:03:00 PDT 2021,91,219,0
1625921904525,Sat Jul 10 05:58:24 PDT 2021,91,223,-1
1625922616101,Sat Jul 10 06:10:16 PDT 2021,91,224,0
1625928759006,Sat Jul 10 07:52:39 PDT 2021,91,226,-1
1625957574301,Sat Jul 10 15:52:54 PDT 2021,91,230,1
1625961666555,Sat Jul 10 17:01:06 PDT 2021,91,231,-1
1625965701905,Sat Jul 10 18:08:21 PDT 2021,91,232,-1
1625982442108,Sat Jul 10 22:47:22 PDT 2021,91,234,-1
1626012765322,Sun Jul 11 07:12:45 PDT 2021,91,236,-1
1626015658968,Sun Jul 11 08:00:58 PDT 2021,91,237,-1
1626015701070,Sun Jul 11 08:01:41 PDT 2021,91,238,1
1626018841545,Sun Jul 11 08:54:01 PDT 2021,91,239,1
1626027488171,Sun Jul 11 11:18:08 PDT 2021,91,240,0
1626031981641,Sun Jul 11 12:33:01 PDT 2021,91,241,-1
1626033223007,Sun Jul 11 12:53:43 PDT 2021,91,243,0
1626055963470,Sun Jul 11 19:12:43 PDT 2021,91,247,1
1626063639994,Sun Jul 11 21:20:39 PDT 2021,91,248,-1
1626097827326,Mon Jul 12 06:50:27 PDT 2021,91,250,-1
1626160423205,Tue Jul 13 00:13:43 PDT 2021,91,255,1
1626184722984,Tue Jul 13 06:58:42 PDT 2021,91,256,1
1626214474218,Tue Jul 13 15:14:34 PDT 2021,91,260,-1
1626298377722,Wed Jul 14 14:32:57 PDT 2021,91,265,-1
1626384086861,Thu Jul 15 14:21:26 PDT 2021,91,267,-1
1626386304847,Thu Jul 15 14:58:24 PDT 2021,91,271,0
1626456202704,Fri Jul 16 10:23:22 PDT 2021,91,274,-1
1626471974737,Fri Jul 16 14:46:14 PDT 2021,91,275,0
1626493113251,Fri Jul 16 20:38:33 PDT 2021,91,276,0
1626541498512,Sat Jul 17 10:04:58 PDT 2021,91,278,0
1626540756238,Sat Jul 17 09:52:36 PDT 2021,91,279,0
1626546326138,Sat Jul 17 11:25:26 PDT 2021,91,280,1
1626552605495,Sat Jul 17 13:10:05 PDT 2021,91,281,0
1626553602343,Sat Jul 17 13:26:42 PDT 2021,91,282,0
1626567977488,Sat Jul 17 17:26:17 PDT 2021,91,284,1
1626584788956,Sat Jul 17 22:06:28 PDT 2021,91,286,1
1626713247085,Mon Jul 19 09:47:27 PDT 2021,91,288,1
1626716435489,Mon Jul 19 10:40:35 PDT 2021,91,290,1
1626720791299,Mon Jul 19 11:53:11 PDT 2021,91,291,0
1626738049447,Mon Jul 19 16:40:49 PDT 2021,91,294,-1
1626752439618,Mon Jul 19 20:40:39 PDT 2021,91,295,-1
1626792552954,Tue Jul 20 07:49:12 PDT 2021,91,296,-1
1626799116162,Tue Jul 20 09:38:36 PDT 2021,91,298,-1
1626909534732,Wed Jul 21 16:18:54 PDT 2021,91,299,0
1626965372250,Thu Jul 22 07:49:32 PDT 2021,91,300,0
1626919221535,Wed Jul 21 19:00:21 PDT 2021,91,301,1
1627001384164,Thu Jul 22 17:49:44 PDT 2021,91,302,0
1627002344685,Thu Jul 22 18:05:44 PDT 2021,91,303,-1
1627007664367,Thu Jul 22 19:34:24 PDT 2021,91,304,0
1627008596527,Thu Jul 22 19:49:56 PDT 2021,91,305,-1
1627084023160,Fri Jul 23 16:47:03 PDT 2021,91,309,1
1627085172206,Fri Jul 23 17:06:12 PDT 2021,91,310,1
1627087227409,Fri Jul 23 17:40:27 PDT 2021,91,311,1
1627087694875,Fri Jul 23 17:48:14 PDT 2021,91,312,1
1627100073151,Fri Jul 23 21:14:33 PDT 2021,91,313,1
1627100479965,Fri Jul 23 21:21:19 PDT 2021,91,314,1
1627102104442,Fri Jul 23 21:48:24 PDT 2021,91,315,1
1627163322407,Sat Jul 24 14:48:42 PDT 2021,91,317,-1
1627187021387,Sat Jul 24 21:23:41 PDT 2021,91,318,1
1627192005108,Sat Jul 24 22:46:45 PDT 2021,91,319,1
1627407809958,Tue Jul 27 10:43:29 PDT 2021,91,322,1
1627415047681,Tue Jul 27 12:44:07 PDT 2021,91,325,1
1627698459486,Fri Jul 30 19:27:39 PDT 2021,91,326,0
1627451287851,Tue Jul 27 22:48:07 PDT 2021,91,328,1
1627502503820,Wed Jul 28 13:01:43 PDT 2021,91,332,1
1627504243792,Wed Jul 28 13:30:43 PDT 2021,91,334,1
1627504056876,Wed Jul 28 13:27:36 PDT 2021,91,335,-1
1627505120912,Wed Jul 28 13:45:20 PDT 2021,91,337,1
1627505771749,Wed Jul 28 13:56:11 PDT 2021,91,339,1
1627508937625,Wed Jul 28 14:48:57 PDT 2021,91,343,1
1627515374466,Wed Jul 28 16:36:14 PDT 2021,91,348,-1
1627515268221,Wed Jul 28 16:34:28 PDT 2021,91,349,0
1627515485435,Wed Jul 28 16:38:05 PDT 2021,91,350,1
1627522884544,Wed Jul 28 18:41:24 PDT 2021,91,353,1
1627522354818,Wed Jul 28 18:32:34 PDT 2021,91,356,0
1627530558888,Wed Jul 28 20:49:18 PDT 2021,91,357,1
1627532106546,Wed Jul 28 21:15:06 PDT 2021,91,358,1
1627536244311,Wed Jul 28 22:24:04 PDT 2021,91,361,0
1627535625187,Wed Jul 28 22:13:45 PDT 2021,91,362,-1
1627544460960,Thu Jul 29 00:41:00 PDT 2021,91,364,-1
1627573871177,Thu Jul 29 08:51:11 PDT 2021,91,366,1
1627582801219,Thu Jul 29 11:20:01 PDT 2021,91,369,1
1627587069022,Thu Jul 29 12:31:09 PDT 2021,91,373,-1
1627609058215,Thu Jul 29 18:37:38 PDT 2021,91,376,0
1627613946951,Thu Jul 29 19:59:06 PDT 2021,91,378,0
1627655391653,Fri Jul 30 07:29:51 PDT 2021,91,380,0
1627655976733,Fri Jul 30 07:39:36 PDT 2021,91,381,0
1627664259821,Fri Jul 30 09:57:39 PDT 2021,91,382,1
1627667942663,Fri Jul 30 10:59:02 PDT 2021,91,384,1
1627675943823,Fri Jul 30 13:12:23 PDT 2021,91,386,-1
1627680853873,Fri Jul 30 14:34:13 PDT 2021,91,388,-1
1627682852136,Fri Jul 30 15:07:32 PDT 2021,91,389,1
1627684300007,Fri Jul 30 15:31:40 PDT 2021,91,391,1
1627686329362,Fri Jul 30 16:05:29 PDT 2021,91,394,1
1627702404372,Fri Jul 30 20:33:24 PDT 2021,91,396,-1
1627752387131,Sat Jul 31 10:26:27 PDT 2021,91,397,1
1627757085244,Sat Jul 31 11:44:45 PDT 2021,91,399,0
1627770310887,Sat Jul 31 15:25:10 PDT 2021,91,401,-1
1627772067374,Sat Jul 31 15:54:27 PDT 2021,91,402,1
1627776072391,Sat Jul 31 17:01:12 PDT 2021,91,403,-1
1627837586056,Sun Aug 01 10:06:26 PDT 2021,91,404,1
1625070656449,Wed Jun 30 09:30:56 PDT 2021,92,0,0
1625160988079,Thu Jul 01 10:36:28 PDT 2021,92,26,-1
1625055805206,Wed Jun 30 05:23:25 PDT 2021,92,28,1
1625068179424,Wed Jun 30 08:49:39 PDT 2021,92,35,1
1625068559730,Wed Jun 30 08:55:59 PDT 2021,92,36,-1
1625071554948,Wed Jun 30 09:45:54 PDT 2021,92,37,0
1625072127692,Wed Jun 30 09:55:27 PDT 2021,92,38,0
1625082384075,Wed Jun 30 12:46:24 PDT 2021,92,40,1
1625099350617,Wed Jun 30 17:29:10 PDT 2021,92,41,0
1625086082884,Wed Jun 30 13:48:02 PDT 2021,92,42,1
1625089451776,Wed Jun 30 14:44:11 PDT 2021,92,43,1
1625092951820,Wed Jun 30 15:42:31 PDT 2021,92,45,0
1625094974085,Wed Jun 30 16:16:14 PDT 2021,92,46,0
1625095118319,Wed Jun 30 16:18:38 PDT 2021,92,47,0
1625096041613,Wed Jun 30 16:34:01 PDT 2021,92,48,0
1625099612521,Wed Jun 30 17:33:32 PDT 2021,92,50,1
1625102925783,Wed Jun 30 18:28:45 PDT 2021,92,52,0
1625101606736,Wed Jun 30 18:06:46 PDT 2021,92,53,-1
1625101533254,Wed Jun 30 18:05:33 PDT 2021,92,54,-1
1625108320851,Wed Jun 30 19:58:40 PDT 2021,92,55,0
1625116477212,Wed Jun 30 22:14:37 PDT 2021,92,57,-1
1625118244479,Wed Jun 30 22:44:04 PDT 2021,92,59,-1
1625150917220,Thu Jul 01 07:48:37 PDT 2021,92,61,-1
1625152170582,Thu Jul 01 08:09:30 PDT 2021,92,62,0
1625154605121,Thu Jul 01 08:50:05 PDT 2021,92,63,0
1625156021335,Thu Jul 01 09:13:41 PDT 2021,92,64,0
1625158326027,Thu Jul 01 09:52:06 PDT 2021,92,65,-1
1625410857598,Sun Jul 04 08:00:57 PDT 2021,92,66,0
1625160001478,Thu Jul 01 10:20:01 PDT 2021,92,68,-1
1625160370344,Thu Jul 01 10:26:10 PDT 2021,92,69,-1
1625168083684,Thu Jul 01 12:34:43 PDT 2021,92,70,0
1625162866933,Thu Jul 01 11:07:46 PDT 2021,92,71,1
1625163716821,Thu Jul 01 11:21:56 PDT 2021,92,73,1
1625167042676,Thu Jul 01 12:17:22 PDT 2021,92,74,0
1625165216698,Thu Jul 01 11:46:56 PDT 2021,92,85,1
1625168894359,Thu Jul 01 12:48:14 PDT 2021,92,92,-1
1625175452801,Thu Jul 01 14:37:32 PDT 2021,92,94,0
1625179732594,Thu Jul 01 15:48:52 PDT 2021,92,95,-1
1625183308695,Thu Jul 01 16:48:28 PDT 2021,92,96,0
1626145484053,Mon Jul 12 20:04:44 PDT 2021,92,98,-1
1625191700675,Thu Jul 01 19:08:20 PDT 2021,92,100,0
1625191320633,Thu Jul 01 19:02:00 PDT 2021,92,101,0
1625200319141,Thu Jul 01 21:31:59 PDT 2021,92,102,0
1625238467993,Fri Jul 02 08:07:47 PDT 2021,92,103,0
1625242043165,Fri Jul 02 09:07:23 PDT 2021,92,104,0
1625242392842,Fri Jul 02 09:13:12 PDT 2021,92,106,0
1625246578951,Fri Jul 02 10:22:58 PDT 2021,92,107,0
1625267081146,Fri Jul 02 16:04:41 PDT 2021,92,111,-1
1625276135876,Fri Jul 02 18:35:35 PDT 2021,92,112,1
1625329673752,Sat Jul 03 09:27:53 PDT 2021,92,118,-1
1625334385565,Sat Jul 03 10:46:25 PDT 2021,92,119,0
1625365056240,Sat Jul 03 19:17:36 PDT 2021,92,121,-1
1625365798094,Sat Jul 03 19:29:58 PDT 2021,92,122,0
1625366625083,Sat Jul 03 19:43:45 PDT 2021,92,123,-1
1625376345387,Sat Jul 03 22:25:45 PDT 2021,92,124,-1
1625415097440,Sun Jul 04 09:11:37 PDT 2021,92,127,0
1625425206595,Sun Jul 04 12:00:06 PDT 2021,92,131,-1
1625429217612,Sun Jul 04 13:06:57 PDT 2021,92,132,-1
1625436466369,Sun Jul 04 15:07:46 PDT 2021,92,135,0
1625437067979,Sun Jul 04 15:17:47 PDT 2021,92,136,0
1625437426637,Sun Jul 04 15:23:46 PDT 2021,92,137,0
1625452509627,Sun Jul 04 19:35:09 PDT 2021,92,141,0
1625463520422,Sun Jul 04 22:38:40 PDT 2021,92,145,-1
1625497022209,Mon Jul 05 07:57:02 PDT 2021,92,147,0
1625594157919,Tue Jul 06 10:55:57 PDT 2021,92,151,0
1625603054899,Tue Jul 06 13:24:14 PDT 2021,92,152,1
1625613883198,Tue Jul 06 16:24:43 PDT 2021,92,153,1
1625611630047,Tue Jul 06 15:47:10 PDT 2021,92,155,1
1625627826583,Tue Jul 06 20:17:06 PDT 2021,92,156,0
1625636116703,Tue Jul 06 22:35:16 PDT 2021,92,157,-1
1625673551001,Wed Jul 07 08:59:11 PDT 2021,92,160,0
1625674919425,Wed Jul 07 09:21:59 PDT 2021,92,161,1
1625675693326,Wed Jul 07 09:34:53 PDT 2021,92,162,0
1625676949852,Wed Jul 07 09:55:49 PDT 2021,92,163,0
1625678755149,Wed Jul 07 10:25:55 PDT 2021,92,166,-1
1625694314983,Wed Jul 07 14:45:14 PDT 2021,92,173,0
1625694191761,Wed Jul 07 14:43:11 PDT 2021,92,174,0
1625696901610,Wed Jul 07 15:28:21 PDT 2021,92,181,0
1625698980357,Wed Jul 07 16:03:00 PDT 2021,92,183,-1
1625700222121,Wed Jul 07 16:23:42 PDT 2021,92,186,-1
1625701137708,Wed Jul 07 16:38:57 PDT 2021,92,187,0
1625700283598,Wed Jul 07 16:24:43 PDT 2021,92,188,1
1625703255994,Wed Jul 07 17:14:15 PDT 2021,92,189,-1
1625710599362,Wed Jul 07 19:16:39 PDT 2021,92,191,0
1625711308124,Wed Jul 07 19:28:28 PDT 2021,92,194,-1
1625723232166,Wed Jul 07 22:47:12 PDT 2021,92,196,1
1625773008270,Thu Jul 08 12:36:48 PDT 2021,92,198,0
1625759601698,Thu Jul 08 08:53:21 PDT 2021,92,199,1
1625763113982,Thu Jul 08 09:51:53 PDT 2021,92,201,-1
1625763946912,Thu Jul 08 10:05:46 PDT 2021,92,203,0
1625770795244,Thu Jul 08 11:59:55 PDT 2021,92,205,-1
1625782635795,Thu Jul 08 15:17:15 PDT 2021,92,207,-1
1625784536060,Thu Jul 08 15:48:56 PDT 2021,92,208,0
1625787131730,Thu Jul 08 16:32:11 PDT 2021,92,209,-1
1625845549018,Fri Jul 09 08:45:49 PDT 2021,92,215,-1
1625856270731,Fri Jul 09 11:44:30 PDT 2021,92,217,0
1625865076415,Fri Jul 09 14:11:16 PDT 2021,92,218,0
1625868778225,Fri Jul 09 15:12:58 PDT 2021,92,219,0
1625921825751,Sat Jul 10 05:57:05 PDT 2021,92,223,-1
1625922711822,Sat Jul 10 06:11:51 PDT 2021,92,224,0
1625930012195,Sat Jul 10 08:13:32 PDT 2021,92,226,0
1625937943783,Sat Jul 10 10:25:43 PDT 2021,92,227,-1
1625939606879,Sat Jul 10 10:53:26 PDT 2021,92,228,1
1625965770825,Sat Jul 10 18:09:30 PDT 2021,92,232,-1
1625982767609,Sat Jul 10 22:52:47 PDT 2021,92,234,-1
1626012860190,Sun Jul 11 07:14:20 PDT 2021,92,236,-1
1626015761961,Sun Jul 11 08:02:41 PDT 2021,92,237,1
1626016053022,Sun Jul 11 08:07:33 PDT 2021,92,238,-1
1626018938827,Sun Jul 11 08:55:38 PDT 2021,92,239,1
1626027765881,Sun Jul 11 11:22:45 PDT 2021,92,240,0
1626032056176,Sun Jul 11 12:34:16 PDT 2021,92,241,0
1626034147971,Sun Jul 11 13:09:07 PDT 2021,92,243,0
1626063983071,Sun Jul 11 21:26:23 PDT 2021,92,248,-1
1626097989769,Mon Jul 12 06:53:09 PDT 2021,92,250,-1
1626160514552,Tue Jul 13 00:15:14 PDT 2021,92,255,0
1626185389404,Tue Jul 13 07:09:49 PDT 2021,92,256,-1
1626214445401,Tue Jul 13 15:14:05 PDT 2021,92,260,-1
1626298334166,Wed Jul 14 14:32:14 PDT 2021,92,265,1
1626384438836,Thu Jul 15 14:27:18 PDT 2021,92,267,0
1626386499543,Thu Jul 15 15:01:39 PDT 2021,92,271,0
1626456370625,Fri Jul 16 10:26:10 PDT 2021,92,274,0
1626472208937,Fri Jul 16 14:50:08 PDT 2021,92,275,-1
1626493072226,Fri Jul 16 20:37:52 PDT 2021,92,276,0
1626541581314,Sat Jul 17 10:06:21 PDT 2021,92,278,1
1626546320119,Sat Jul 17 11:25:20 PDT 2021,92,280,1
1626552839343,Sat Jul 17 13:13:59 PDT 2021,92,281,0
1626554181035,Sat Jul 17 13:36:21 PDT 2021,92,282,0
1626571134529,Sat Jul 17 18:18:54 PDT 2021,92,284,0
1626584960494,Sat Jul 17 22:09:20 PDT 2021,92,286,-1
1626713439135,Mon Jul 19 09:50:39 PDT 2021,92,288,-1
1626720836066,Mon Jul 19 11:53:56 PDT 2021,92,291,1
1626738098502,Mon Jul 19 16:41:38 PDT 2021,92,294,0
1626752676722,Mon Jul 19 20:44:36 PDT 2021,92,295,0
1626792660966,Tue Jul 20 07:51:00 PDT 2021,92,296,-1
1626799065159,Tue Jul 20 09:37:45 PDT 2021,92,298,0
1626910367056,Wed Jul 21 16:32:47 PDT 2021,92,299,-1
1626965482243,Thu Jul 22 07:51:22 PDT 2021,92,300,0
1627001617270,Thu Jul 22 17:53:37 PDT 2021,92,302,0
1627002782840,Thu Jul 22 18:13:02 PDT 2021,92,303,-1
1627009243476,Thu Jul 22 20:00:43 PDT 2021,92,305,0
1627084555208,Fri Jul 23 16:55:55 PDT 2021,92,309,-1
1627085938368,Fri Jul 23 17:18:58 PDT 2021,92,310,-1
1627087259837,Fri Jul 23 17:40:59 PDT 2021,92,311,-1
1627088635722,Fri Jul 23 18:03:55 PDT 2021,92,312,-1
1627099571437,Fri Jul 23 21:06:11 PDT 2021,92,313,-1
1627101303523,Fri Jul 23 21:35:03 PDT 2021,92,314,-1
1627102096230,Fri Jul 23 21:48:16 PDT 2021,92,315,-1
1627163499463,Sat Jul 24 14:51:39 PDT 2021,92,317,0
1627188439387,Sat Jul 24 21:47:19 PDT 2021,92,318,-1
1627192337378,Sat Jul 24 22:52:17 PDT 2021,92,319,-1
1627408079658,Tue Jul 27 10:47:59 PDT 2021,92,322,0
1627699839651,Fri Jul 30 19:50:39 PDT 2021,92,326,0
1627505390990,Wed Jul 28 13:49:50 PDT 2021,92,337,-1
1627509295822,Wed Jul 28 14:54:55 PDT 2021,92,343,-1
1627515601023,Wed Jul 28 16:40:01 PDT 2021,92,348,0
1627524180677,Wed Jul 28 19:03:00 PDT 2021,92,353,-1
1627522443480,Wed Jul 28 18:34:03 PDT 2021,92,356,1
1627530729452,Wed Jul 28 20:52:09 PDT 2021,92,357,-1
1627574125196,Thu Jul 29 08:55:25 PDT 2021,92,366,-1
1627587426459,Thu Jul 29 12:37:06 PDT 2021,92,373,0
1627609181004,Thu Jul 29 18:39:41 PDT 2021,92,376,0
1627656169422,Fri Jul 30 07:42:49 PDT 2021,92,380,0
1627664388910,Fri Jul 30 09:59:48 PDT 2021,92,382,-1
1627667599348,Fri Jul 30 10:53:19 PDT 2021,92,384,-1
1627676797435,Fri Jul 30 13:26:37 PDT 2021,92,386,-1
1627681902391,Fri Jul 30 14:51:42 PDT 2021,92,388,0
1627683063249,Fri Jul 30 15:11:03 PDT 2021,92,389,-1
1627703624851,Fri Jul 30 20:53:44 PDT 2021,92,396,1
1627770869590,Sat Jul 31 15:34:29 PDT 2021,92,401,-1
1627772379952,Sat Jul 31 15:59:39 PDT 2021,92,402,1
1627777332336,Sat Jul 31 17:22:12 PDT 2021,92,403,1
1627838297260,Sun Aug 01 10:18:17 PDT 2021,92,404,1
1625070627946,Wed Jun 30 09:30:27 PDT 2021,93,0,1
1625160925569,Thu Jul 01 10:35:25 PDT 2021,93,26,1
1625055848579,Wed Jun 30 05:24:08 PDT 2021,93,28,1
1625068182907,Wed Jun 30 08:49:42 PDT 2021,93,35,1
1625068737994,Wed Jun 30 08:58:57 PDT 2021,93,36,1
1625071481709,Wed Jun 30 09:44:41 PDT 2021,93,37,1
1625071723048,Wed Jun 30 09:48:43 PDT 2021,93,38,1
1625082250861,Wed Jun 30 12:44:10 PDT 2021,93,40,1
1625099241365,Wed Jun 30 17:27:21 PDT 2021,93,41,-1
1625085959243,Wed Jun 30 13:45:59 PDT 2021,93,42,1
1625089554331,Wed Jun 30 14:45:54 PDT 2021,93,43,1
1625092930902,Wed Jun 30 15:42:10 PDT 2021,93,45,1
1625095122619,Wed Jun 30 16:18:42 PDT 2021,93,46,-1
1625094985362,Wed Jun 30 16:16:25 PDT 2021,93,47,1
1625095891637,Wed Jun 30 16:31:31 PDT 2021,93,48,1
1625099222649,Wed Jun 30 17:27:02 PDT 2021,93,50,1
1625100869754,Wed Jun 30 17:54:29 PDT 2021,93,51,1
1625100904374,Wed Jun 30 17:55:04 PDT 2021,93,52,-1
1625101191797,Wed Jun 30 17:59:51 PDT 2021,93,53,1
1625101235517,Wed Jun 30 18:00:35 PDT 2021,93,54,1
1625108142112,Wed Jun 30 19:55:42 PDT 2021,93,55,1
1625112109533,Wed Jun 30 21:01:49 PDT 2021,93,56,1
1625116081009,Wed Jun 30 22:08:01 PDT 2021,93,57,1
1625117137350,Wed Jun 30 22:25:37 PDT 2021,93,58,1
1625117850011,Wed Jun 30 22:37:30 PDT 2021,93,59,1
1625120759041,Wed Jun 30 23:25:59 PDT 2021,93,60,1
1625150524305,Thu Jul 01 07:42:04 PDT 2021,93,61,1
1625151013563,Thu Jul 01 07:50:13 PDT 2021,93,62,1
1625153253399,Thu Jul 01 08:27:33 PDT 2021,93,63,1
1625155387621,Thu Jul 01 09:03:07 PDT 2021,93,64,1
1625157766255,Thu Jul 01 09:42:46 PDT 2021,93,65,1
1625410252725,Sun Jul 04 07:50:52 PDT 2021,93,66,1
1625159830056,Thu Jul 01 10:17:10 PDT 2021,93,68,1
1625160146630,Thu Jul 01 10:22:26 PDT 2021,93,69,1
1625167790423,Thu Jul 01 12:29:50 PDT 2021,93,70,1
1625162303499,Thu Jul 01 10:58:23 PDT 2021,93,71,-1
1625163062285,Thu Jul 01 11:11:02 PDT 2021,93,72,-1
1625163426684,Thu Jul 01 11:17:06 PDT 2021,93,73,-1
1625164443057,Thu Jul 01 11:34:03 PDT 2021,93,74,0
1625163907550,Thu Jul 01 11:25:07 PDT 2021,93,80,-1
1625164178296,Thu Jul 01 11:29:38 PDT 2021,93,83,-1
1625164551011,Thu Jul 01 11:35:51 PDT 2021,93,85,-1
1625165328933,Thu Jul 01 11:48:48 PDT 2021,93,86,-1
1625168222388,Thu Jul 01 12:37:02 PDT 2021,93,92,1
1625173927154,Thu Jul 01 14:12:07 PDT 2021,93,93,1
1625174639630,Thu Jul 01 14:23:59 PDT 2021,93,94,1
1625174721301,Thu Jul 01 14:25:21 PDT 2021,93,95,1
1625182701369,Thu Jul 01 16:38:21 PDT 2021,93,96,-1
1625186315293,Thu Jul 01 17:38:35 PDT 2021,93,98,-1
1625190136363,Thu Jul 01 18:42:16 PDT 2021,93,100,1
1625190944703,Thu Jul 01 18:55:44 PDT 2021,93,101,-1
1625199867348,Thu Jul 01 21:24:27 PDT 2021,93,102,0
1625238332011,Fri Jul 02 08:05:32 PDT 2021,93,103,0
1625241550708,Fri Jul 02 08:59:10 PDT 2021,93,104,1
1625242135705,Fri Jul 02 09:08:55 PDT 2021,93,106,1
1625245565024,Fri Jul 02 10:06:05 PDT 2021,93,107,1
1625265498550,Fri Jul 02 15:38:18 PDT 2021,93,110,-1
1625266374673,Fri Jul 02 15:52:54 PDT 2021,93,111,1
1625274910084,Fri Jul 02 18:15:10 PDT 2021,93,112,1
1625281842473,Fri Jul 02 20:10:42 PDT 2021,93,113,0
1625328993300,Sat Jul 03 09:16:33 PDT 2021,93,118,-1
1625333215067,Sat Jul 03 10:26:55 PDT 2021,93,119,1
1625361953905,Sat Jul 03 18:25:53 PDT 2021,93,120,1
1625364628748,Sat Jul 03 19:10:28 PDT 2021,93,121,-1
1625365205953,Sat Jul 03 19:20:05 PDT 2021,93,122,-1
1625366168933,Sat Jul 03 19:36:08 PDT 2021,93,123,1
1625375798835,Sat Jul 03 22:16:38 PDT 2021,93,124,1
1625384440168,Sun Jul 04 00:40:40 PDT 2021,93,125,1
1625410534005,Sun Jul 04 07:55:34 PDT 2021,93,126,1
1625413482743,Sun Jul 04 08:44:42 PDT 2021,93,127,1
1625424543628,Sun Jul 04 11:49:03 PDT 2021,93,131,1
1625428825020,Sun Jul 04 13:00:25 PDT 2021,93,132,1
1625435076021,Sun Jul 04 14:44:36 PDT 2021,93,135,1
1625436536532,Sun Jul 04 15:08:56 PDT 2021,93,136,1
1625436917651,Sun Jul 04 15:15:17 PDT 2021,93,137,1
1625452247534,Sun Jul 04 19:30:47 PDT 2021,93,141,1
1625454501772,Sun Jul 04 20:08:21 PDT 2021,93,142,1
1625462847004,Sun Jul 04 22:27:27 PDT 2021,93,145,0
1625495632283,Mon Jul 05 07:33:52 PDT 2021,93,147,1
1625528725569,Mon Jul 05 16:45:25 PDT 2021,93,148,1
1625593795153,Tue Jul 06 10:49:55 PDT 2021,93,151,1
1625602585556,Tue Jul 06 13:16:25 PDT 2021,93,152,1
1625613290319,Tue Jul 06 16:14:50 PDT 2021,93,153,1
1625611232149,Tue Jul 06 15:40:32 PDT 2021,93,155,1
1625627292959,Tue Jul 06 20:08:12 PDT 2021,93,156,1
1625635690150,Tue Jul 06 22:28:10 PDT 2021,93,157,1
1625672279811,Wed Jul 07 08:37:59 PDT 2021,93,159,1
1625673086167,Wed Jul 07 08:51:26 PDT 2021,93,160,-1
1625674633744,Wed Jul 07 09:17:13 PDT 2021,93,161,1
1625675038284,Wed Jul 07 09:23:58 PDT 2021,93,162,1
1625676406852,Wed Jul 07 09:46:46 PDT 2021,93,163,1
1625686640221,Wed Jul 07 12:37:20 PDT 2021,93,164,1
1625677744657,Wed Jul 07 10:09:04 PDT 2021,93,166,1
1625686245942,Wed Jul 07 12:30:45 PDT 2021,93,170,1
1625693230108,Wed Jul 07 14:27:10 PDT 2021,93,173,1
1625693882679,Wed Jul 07 14:38:02 PDT 2021,93,174,1
1625694477203,Wed Jul 07 14:47:57 PDT 2021,93,176,0
1625694767511,Wed Jul 07 14:52:47 PDT 2021,93,177,1
1625695458594,Wed Jul 07 15:04:18 PDT 2021,93,178,1
1625696326575,Wed Jul 07 15:18:46 PDT 2021,93,180,1
1625696389913,Wed Jul 07 15:19:49 PDT 2021,93,181,1
1625697098891,Wed Jul 07 15:31:38 PDT 2021,93,182,0
1625697716353,Wed Jul 07 15:41:56 PDT 2021,93,183,1
1625699295326,Wed Jul 07 16:08:15 PDT 2021,93,184,1
1625699379854,Wed Jul 07 16:09:39 PDT 2021,93,185,1
1625700007583,Wed Jul 07 16:20:07 PDT 2021,93,186,1
1625700048479,Wed Jul 07 16:20:48 PDT 2021,93,187,1
1625700599522,Wed Jul 07 16:29:59 PDT 2021,93,188,1
1625702786950,Wed Jul 07 17:06:26 PDT 2021,93,189,1
1625707144385,Wed Jul 07 18:19:04 PDT 2021,93,191,1
1625709921640,Wed Jul 07 19:05:21 PDT 2021,93,193,1
1625710678199,Wed Jul 07 19:17:58 PDT 2021,93,194,1
1625714354310,Wed Jul 07 20:19:14 PDT 2021,93,195,1
1625722866744,Wed Jul 07 22:41:06 PDT 2021,93,196,1
1625755797838,Thu Jul 08 07:49:57 PDT 2021,93,198,1
1625759205864,Thu Jul 08 08:46:45 PDT 2021,93,199,1
1625760231617,Thu Jul 08 09:03:51 PDT 2021,93,200,1
1625762623318,Thu Jul 08 09:43:43 PDT 2021,93,201,1
1625763370565,Thu Jul 08 09:56:10 PDT 2021,93,203,1
1625770519902,Thu Jul 08 11:55:19 PDT 2021,93,205,1
1625781938529,Thu Jul 08 15:05:38 PDT 2021,93,207,1
1625783965532,Thu Jul 08 15:39:25 PDT 2021,93,208,1
1625786576502,Thu Jul 08 16:22:56 PDT 2021,93,209,1
1625788580719,Thu Jul 08 16:56:20 PDT 2021,93,210,1
1625796187127,Thu Jul 08 19:03:07 PDT 2021,93,212,1
1625805471705,Thu Jul 08 21:37:51 PDT 2021,93,214,1
1625844677840,Fri Jul 09 08:31:17 PDT 2021,93,215,1
1625855484626,Fri Jul 09 11:31:24 PDT 2021,93,217,1
1625863914485,Fri Jul 09 13:51:54 PDT 2021,93,218,1
1625868037323,Fri Jul 09 15:00:37 PDT 2021,93,219,1
1625921151380,Sat Jul 10 05:45:51 PDT 2021,93,223,1
1625922051987,Sat Jul 10 06:00:51 PDT 2021,93,224,1
1625926440746,Sat Jul 10 07:14:00 PDT 2021,93,225,0
1625929530631,Sat Jul 10 08:05:30 PDT 2021,93,226,1
1625937119501,Sat Jul 10 10:11:59 PDT 2021,93,227,1
1625939830808,Sat Jul 10 10:57:10 PDT 2021,93,228,1
1625961552378,Sat Jul 10 16:59:12 PDT 2021,93,231,1
1625965001509,Sat Jul 10 17:56:41 PDT 2021,93,232,1
1625971796934,Sat Jul 10 19:49:56 PDT 2021,93,233,1
1625982080448,Sat Jul 10 22:41:20 PDT 2021,93,234,1
1626012024462,Sun Jul 11 07:00:24 PDT 2021,93,236,1
1626015037152,Sun Jul 11 07:50:37 PDT 2021,93,237,1
1626015672036,Sun Jul 11 08:01:12 PDT 2021,93,238,1
1626018222381,Sun Jul 11 08:43:42 PDT 2021,93,239,-1
1626027461419,Sun Jul 11 11:17:41 PDT 2021,93,240,1
1626031412242,Sun Jul 11 12:23:32 PDT 2021,93,241,1
1626033153864,Sun Jul 11 12:52:33 PDT 2021,93,243,1
1626055877718,Sun Jul 11 19:11:17 PDT 2021,93,247,1
1626063191398,Sun Jul 11 21:13:11 PDT 2021,93,248,1
1626096970074,Mon Jul 12 06:36:10 PDT 2021,93,249,1
1626097327528,Mon Jul 12 06:42:07 PDT 2021,93,250,1
1626100895404,Mon Jul 12 07:41:35 PDT 2021,93,251,1
1626160137047,Tue Jul 13 00:08:57 PDT 2021,93,255,1
1626184424780,Tue Jul 13 06:53:44 PDT 2021,93,256,1
1626198131838,Tue Jul 13 10:42:11 PDT 2021,93,257,1
1626641296367,Sun Jul 18 13:48:16 PDT 2021,93,258,1
1626211912771,Tue Jul 13 14:31:52 PDT 2021,93,259,1
1626213784692,Tue Jul 13 15:03:04 PDT 2021,93,260,1
1626215480294,Tue Jul 13 15:31:20 PDT 2021,93,261,1
1626218835819,Tue Jul 13 16:27:15 PDT 2021,93,262,1
1626220735250,Tue Jul 13 16:58:55 PDT 2021,93,263,-1
1626235217754,Tue Jul 13 21:00:17 PDT 2021,93,265,1
1626276039197,Wed Jul 14 08:20:39 PDT 2021,93,266,0
1626383280561,Thu Jul 15 14:08:00 PDT 2021,93,267,1
1626328185825,Wed Jul 14 22:49:45 PDT 2021,93,268,1
1626360787370,Thu Jul 15 07:53:07 PDT 2021,93,269,1
1626385757815,Thu Jul 15 14:49:17 PDT 2021,93,271,1
1626455346220,Fri Jul 16 10:09:06 PDT 2021,93,274,1
1626470930157,Fri Jul 16 14:28:50 PDT 2021,93,275,1
1626492538554,Fri Jul 16 20:28:58 PDT 2021,93,276,-1
1626540565900,Sat Jul 17 09:49:25 PDT 2021,93,278,1
1626540566270,Sat Jul 17 09:49:26 PDT 2021,93,279,1
1626545086154,Sat Jul 17 11:04:46 PDT 2021,93,280,1
1626552241867,Sat Jul 17 13:04:01 PDT 2021,93,281,1
1626553658206,Sat Jul 17 13:27:38 PDT 2021,93,282,1
1626568312939,Sat Jul 17 17:31:52 PDT 2021,93,284,1
1626584591870,Sat Jul 17 22:03:11 PDT 2021,93,286,1
1626712837809,Mon Jul 19 09:40:37 PDT 2021,93,288,1
1626716337947,Mon Jul 19 10:38:57 PDT 2021,93,290,1
1626720142564,Mon Jul 19 11:42:22 PDT 2021,93,291,1
1626724045518,Mon Jul 19 12:47:25 PDT 2021,93,292,1
1626737726793,Mon Jul 19 16:35:26 PDT 2021,93,294,-1
1626752168943,Mon Jul 19 20:36:08 PDT 2021,93,295,1
1626792113160,Tue Jul 20 07:41:53 PDT 2021,93,296,1
1626798454699,Tue Jul 20 09:27:34 PDT 2021,93,298,1
1626909014833,Wed Jul 21 16:10:14 PDT 2021,93,299,1
1626965234783,Thu Jul 22 07:47:14 PDT 2021,93,300,1
1627000734338,Thu Jul 22 17:38:54 PDT 2021,93,302,1
1627002465795,Thu Jul 22 18:07:45 PDT 2021,93,303,-1
1627007772470,Thu Jul 22 19:36:12 PDT 2021,93,304,1
1627008863520,Thu Jul 22 19:54:23 PDT 2021,93,305,1
1627083780944,Fri Jul 23 16:43:00 PDT 2021,93,309,1
1627085088678,Fri Jul 23 17:04:48 PDT 2021,93,310,1
1627086927047,Fri Jul 23 17:35:27 PDT 2021,93,311,1
1627087674514,Fri Jul 23 17:47:54 PDT 2021,93,312,1
1627099588298,Fri Jul 23 21:06:28 PDT 2021,93,313,1
1627100945559,Fri Jul 23 21:29:05 PDT 2021,93,314,1
1627101811824,Fri Jul 23 21:43:31 PDT 2021,93,315,1
1627162976334,Sat Jul 24 14:42:56 PDT 2021,93,317,1
1627187578646,Sat Jul 24 21:32:58 PDT 2021,93,318,1
1627191910072,Sat Jul 24 22:45:10 PDT 2021,93,319,1
1627404907145,Tue Jul 27 09:55:07 PDT 2021,93,321,1
1627407489167,Tue Jul 27 10:38:09 PDT 2021,93,322,1
1627414860877,Tue Jul 27 12:41:00 PDT 2021,93,325,1
1627698110134,Fri Jul 30 19:21:50 PDT 2021,93,326,1
1627439507940,Tue Jul 27 19:31:47 PDT 2021,93,327,1
1627451259071,Tue Jul 27 22:47:39 PDT 2021,93,328,1
1627451551547,Tue Jul 27 22:52:31 PDT 2021,93,329,1
1627501587131,Wed Jul 28 12:46:27 PDT 2021,93,332,1
1627503977572,Wed Jul 28 13:26:17 PDT 2021,93,335,1
1627504823788,Wed Jul 28 13:40:23 PDT 2021,93,337,1
1627505767791,Wed Jul 28 13:56:07 PDT 2021,93,339,1
1627506753397,Wed Jul 28 14:12:33 PDT 2021,93,341,1
1627508831731,Wed Jul 28 14:47:11 PDT 2021,93,343,1
1627508620148,Wed Jul 28 14:43:40 PDT 2021,93,344,-1
1627509287787,Wed Jul 28 14:54:47 PDT 2021,93,345,1
1627514914600,Wed Jul 28 16:28:34 PDT 2021,93,348,1
1627520219919,Wed Jul 28 17:56:59 PDT 2021,93,353,1
1627521672879,Wed Jul 28 18:21:12 PDT 2021,93,356,1
1627528993945,Wed Jul 28 20:23:13 PDT 2021,93,357,1
1627532274027,Wed Jul 28 21:17:54 PDT 2021,93,359,1
1627535704043,Wed Jul 28 22:15:04 PDT 2021,93,361,1
1627535402059,Wed Jul 28 22:10:02 PDT 2021,93,362,1
1627536429523,Wed Jul 28 22:27:09 PDT 2021,93,363,1
1627543975675,Thu Jul 29 00:32:55 PDT 2021,93,364,1
1627573238796,Thu Jul 29 08:40:38 PDT 2021,93,366,-1
1627577935967,Thu Jul 29 09:58:55 PDT 2021,93,368,1
1627582878686,Thu Jul 29 11:21:18 PDT 2021,93,369,1
1627585113708,Thu Jul 29 11:58:33 PDT 2021,93,372,1
1627586474151,Thu Jul 29 12:21:14 PDT 2021,93,373,1
1627608597930,Thu Jul 29 18:29:57 PDT 2021,93,376,1
1627611998433,Thu Jul 29 19:26:38 PDT 2021,93,377,1
1627613829797,Thu Jul 29 19:57:09 PDT 2021,93,378,1
1627655985967,Fri Jul 30 07:39:45 PDT 2021,93,380,1
1627655933517,Fri Jul 30 07:38:53 PDT 2021,93,381,1
1627663760822,Fri Jul 30 09:49:20 PDT 2021,93,382,1
1627667103515,Fri Jul 30 10:45:03 PDT 2021,93,384,1
1627675884587,Fri Jul 30 13:11:24 PDT 2021,93,386,1
1627680000909,Fri Jul 30 14:20:00 PDT 2021,93,388,1
1627681417354,Fri Jul 30 14:43:37 PDT 2021,93,389,1
1627684322608,Fri Jul 30 15:32:02 PDT 2021,93,391,1
1627684600943,Fri Jul 30 15:36:40 PDT 2021,93,392,1
1627686064579,Fri Jul 30 16:01:04 PDT 2021,93,394,1
1627690266780,Fri Jul 30 17:11:06 PDT 2021,93,395,1
1627702707457,Fri Jul 30 20:38:27 PDT 2021,93,396,0
1627752414675,Sat Jul 31 10:26:54 PDT 2021,93,397,1
1627752614513,Sat Jul 31 10:30:14 PDT 2021,93,398,1
1627757066676,Sat Jul 31 11:44:26 PDT 2021,93,399,1
1627770182270,Sat Jul 31 15:23:02 PDT 2021,93,401,1
1627771695304,Sat Jul 31 15:48:15 PDT 2021,93,402,1
1627775670274,Sat Jul 31 16:54:30 PDT 2021,93,403,-1
1627837930669,Sun Aug 01 10:12:10 PDT 2021,93,404,1
1625070633460,Wed Jun 30 09:30:33 PDT 2021,94,0,0
1625160899963,Thu Jul 01 10:34:59 PDT 2021,94,26,-1
1625055935057,Wed Jun 30 05:25:35 PDT 2021,94,28,1
1625068238370,Wed Jun 30 08:50:38 PDT 2021,94,35,-1
1625068815918,Wed Jun 30 09:00:15 PDT 2021,94,36,1
1625071606282,Wed Jun 30 09:46:46 PDT 2021,94,37,0
1625071868702,Wed Jun 30 09:51:08 PDT 2021,94,38,-1
1625082336111,Wed Jun 30 12:45:36 PDT 2021,94,40,1
1625099232752,Wed Jun 30 17:27:12 PDT 2021,94,41,-1
1625086256814,Wed Jun 30 13:50:56 PDT 2021,94,42,1
1625089685187,Wed Jun 30 14:48:05 PDT 2021,94,43,-1
1625092934797,Wed Jun 30 15:42:14 PDT 2021,94,45,-1
1625095181223,Wed Jun 30 16:19:41 PDT 2021,94,46,1
1625095150517,Wed Jun 30 16:19:10 PDT 2021,94,47,-1
1625096004701,Wed Jun 30 16:33:24 PDT 2021,94,48,-1
1625099057026,Wed Jun 30 17:24:17 PDT 2021,94,50,0
1625101319287,Wed Jun 30 18:01:59 PDT 2021,94,52,1
1625101855444,Wed Jun 30 18:10:55 PDT 2021,94,53,1
1625101748814,Wed Jun 30 18:09:08 PDT 2021,94,54,-1
1625108340846,Wed Jun 30 19:59:00 PDT 2021,94,55,-1
1625116379666,Wed Jun 30 22:12:59 PDT 2021,94,57,-1
1625117527889,Wed Jun 30 22:32:07 PDT 2021,94,58,0
1625118284736,Wed Jun 30 22:44:44 PDT 2021,94,59,0
1625150482563,Thu Jul 01 07:41:22 PDT 2021,94,61,0
1625151438947,Thu Jul 01 07:57:18 PDT 2021,94,62,-1
1625154468608,Thu Jul 01 08:47:48 PDT 2021,94,63,1
1625155939299,Thu Jul 01 09:12:19 PDT 2021,94,64,-1
1625157864148,Thu Jul 01 09:44:24 PDT 2021,94,65,1
1625410927315,Sun Jul 04 08:02:07 PDT 2021,94,66,-1
1625159549173,Thu Jul 01 10:12:29 PDT 2021,94,68,0
1625160176497,Thu Jul 01 10:22:56 PDT 2021,94,69,1
1625167839126,Thu Jul 01 12:30:39 PDT 2021,94,70,-1
1625162724025,Thu Jul 01 11:05:24 PDT 2021,94,71,-1
1625163674307,Thu Jul 01 11:21:14 PDT 2021,94,73,-1
1625166994140,Thu Jul 01 12:16:34 PDT 2021,94,74,0
1625165103922,Thu Jul 01 11:45:03 PDT 2021,94,85,-1
1625168547553,Thu Jul 01 12:42:27 PDT 2021,94,92,1
1625175443762,Thu Jul 01 14:37:23 PDT 2021,94,94,0
1625179776699,Thu Jul 01 15:49:36 PDT 2021,94,95,1
1625183216923,Thu Jul 01 16:46:56 PDT 2021,94,96,-1
1626145276104,Mon Jul 12 20:01:16 PDT 2021,94,98,0
1625191009210,Thu Jul 01 18:56:49 PDT 2021,94,100,0
1625191326548,Thu Jul 01 19:02:06 PDT 2021,94,101,-1
1625199615383,Thu Jul 01 21:20:15 PDT 2021,94,102,-1
1625238421468,Fri Jul 02 08:07:01 PDT 2021,94,103,-1
1625241974723,Fri Jul 02 09:06:14 PDT 2021,94,104,0
1625242469720,Fri Jul 02 09:14:29 PDT 2021,94,106,-1
1625246511530,Fri Jul 02 10:21:51 PDT 2021,94,107,-1
1625266931522,Fri Jul 02 16:02:11 PDT 2021,94,111,-1
1625276613255,Fri Jul 02 18:43:33 PDT 2021,94,112,-1
1625329470284,Sat Jul 03 09:24:30 PDT 2021,94,118,0
1625333820906,Sat Jul 03 10:37:00 PDT 2021,94,119,1
1625365091734,Sat Jul 03 19:18:11 PDT 2021,94,121,1
1625365652319,Sat Jul 03 19:27:32 PDT 2021,94,122,0
1625366580663,Sat Jul 03 19:43:00 PDT 2021,94,123,1
1625376190954,Sat Jul 03 22:23:10 PDT 2021,94,124,0
1625383754458,Sun Jul 04 00:29:14 PDT 2021,94,125,0
1625415022173,Sun Jul 04 09:10:22 PDT 2021,94,127,0
1625425047231,Sun Jul 04 11:57:27 PDT 2021,94,131,1
1625429064254,Sun Jul 04 13:04:24 PDT 2021,94,132,0
1625436363804,Sun Jul 04 15:06:03 PDT 2021,94,135,0
1625436875867,Sun Jul 04 15:14:35 PDT 2021,94,136,1
1625437419005,Sun Jul 04 15:23:39 PDT 2021,94,137,1
1625452412706,Sun Jul 04 19:33:32 PDT 2021,94,141,-1
1625463482712,Sun Jul 04 22:38:02 PDT 2021,94,145,0
1625496559828,Mon Jul 05 07:49:19 PDT 2021,94,147,0
1625594000785,Tue Jul 06 10:53:20 PDT 2021,94,151,1
1625602948093,Tue Jul 06 13:22:28 PDT 2021,94,152,0
1625614117475,Tue Jul 06 16:28:37 PDT 2021,94,153,-1
1625611879244,Tue Jul 06 15:51:19 PDT 2021,94,155,0
1625627776967,Tue Jul 06 20:16:16 PDT 2021,94,156,-1
1625636057482,Tue Jul 06 22:34:17 PDT 2021,94,157,-1
1625673157013,Wed Jul 07 08:52:37 PDT 2021,94,160,0
1625674926079,Wed Jul 07 09:22:06 PDT 2021,94,161,1
1625675678021,Wed Jul 07 09:34:38 PDT 2021,94,162,0
1625676789104,Wed Jul 07 09:53:09 PDT 2021,94,163,-1
1625678849696,Wed Jul 07 10:27:29 PDT 2021,94,166,0
1625694061549,Wed Jul 07 14:41:01 PDT 2021,94,173,-1
1625694392324,Wed Jul 07 14:46:32 PDT 2021,94,174,1
1625696825879,Wed Jul 07 15:27:05 PDT 2021,94,181,0
1625698892702,Wed Jul 07 16:01:32 PDT 2021,94,183,0
1625700250352,Wed Jul 07 16:24:10 PDT 2021,94,186,0
1625701237205,Wed Jul 07 16:40:37 PDT 2021,94,187,-1
1625700979291,Wed Jul 07 16:36:19 PDT 2021,94,188,1
1625703270608,Wed Jul 07 17:14:30 PDT 2021,94,189,-1
1625710376428,Wed Jul 07 19:12:56 PDT 2021,94,191,0
1625710555181,Wed Jul 07 19:15:55 PDT 2021,94,193,0
1625711004715,Wed Jul 07 19:23:24 PDT 2021,94,194,0
1625723150455,Wed Jul 07 22:45:50 PDT 2021,94,196,1
1625772988646,Thu Jul 08 12:36:28 PDT 2021,94,198,0
1625759123973,Thu Jul 08 08:45:23 PDT 2021,94,199,-1
1625763009455,Thu Jul 08 09:50:09 PDT 2021,94,201,1
1625763886400,Thu Jul 08 10:04:46 PDT 2021,94,203,-1
1625770721666,Thu Jul 08 11:58:41 PDT 2021,94,205,-1
1625770721877,Thu Jul 08 11:58:41 PDT 2021,94,205,-1
1625782482136,Thu Jul 08 15:14:42 PDT 2021,94,207,-1
1625784471772,Thu Jul 08 15:47:51 PDT 2021,94,208,-1
1625786529557,Thu Jul 08 16:22:09 PDT 2021,94,209,1
1625789891456,Thu Jul 08 17:18:11 PDT 2021,94,210,-1
1625845538546,Fri Jul 09 08:45:38 PDT 2021,94,215,1
1625852875370,Fri Jul 09 10:47:55 PDT 2021,94,216,-1
1625855892926,Fri Jul 09 11:38:12 PDT 2021,94,217,0
1625864964727,Fri Jul 09 14:09:24 PDT 2021,94,218,1
1625868581897,Fri Jul 09 15:09:41 PDT 2021,94,219,-1
1625921859812,Sat Jul 10 05:57:39 PDT 2021,94,223,0
1625922534969,Sat Jul 10 06:08:54 PDT 2021,94,224,-1
1625929866645,Sat Jul 10 08:11:06 PDT 2021,94,226,0
1625965832672,Sat Jul 10 18:10:32 PDT 2021,94,232,1
1625982650537,Sat Jul 10 22:50:50 PDT 2021,94,234,-1
1626012749850,Sun Jul 11 07:12:29 PDT 2021,94,236,1
1626015511729,Sun Jul 11 07:58:31 PDT 2021,94,237,-1
1626015762075,Sun Jul 11 08:02:42 PDT 2021,94,238,-1
1626018931179,Sun Jul 11 08:55:31 PDT 2021,94,239,-1
1626027422040,Sun Jul 11 11:17:02 PDT 2021,94,240,1
1626027422218,Sun Jul 11 11:17:02 PDT 2021,94,240,1
1626031744558,Sun Jul 11 12:29:04 PDT 2021,94,241,0
1626033901311,Sun Jul 11 13:05:01 PDT 2021,94,243,0
1626063813827,Sun Jul 11 21:23:33 PDT 2021,94,248,1
1626097466545,Mon Jul 12 06:44:26 PDT 2021,94,250,-1
1626160600686,Tue Jul 13 00:16:40 PDT 2021,94,255,0
1626185112348,Tue Jul 13 07:05:12 PDT 2021,94,256,1
1627140858903,Sat Jul 24 08:34:18 PDT 2021,94,258,1
1626214496165,Tue Jul 13 15:14:56 PDT 2021,94,260,-1
1626220644804,Tue Jul 13 16:57:24 PDT 2021,94,263,0
1626298470268,Wed Jul 14 14:34:30 PDT 2021,94,265,1
1626384307795,Thu Jul 15 14:25:07 PDT 2021,94,267,0
1626360476516,Thu Jul 15 07:47:56 PDT 2021,94,269,0
1626386380377,Thu Jul 15 14:59:40 PDT 2021,94,271,0
1626456338809,Fri Jul 16 10:25:38 PDT 2021,94,274,1
1626472113975,Fri Jul 16 14:48:33 PDT 2021,94,275,1
1626493024769,Fri Jul 16 20:37:04 PDT 2021,94,276,0
1626541430290,Sat Jul 17 10:03:50 PDT 2021,94,278,-1
1626546432213,Sat Jul 17 11:27:12 PDT 2021,94,280,0
1626552865761,Sat Jul 17 13:14:25 PDT 2021,94,281,0
1626553887567,Sat Jul 17 13:31:27 PDT 2021,94,282,0
1626568270247,Sat Jul 17 17:31:10 PDT 2021,94,284,1
1626584940316,Sat Jul 17 22:09:00 PDT 2021,94,286,-1
1626713427603,Mon Jul 19 09:50:27 PDT 2021,94,288,1
1626716458413,Mon Jul 19 10:40:58 PDT 2021,94,290,-1
1626720987742,Mon Jul 19 11:56:27 PDT 2021,94,291,0
1626724311881,Mon Jul 19 12:51:51 PDT 2021,94,292,0
1626738091410,Mon Jul 19 16:41:31 PDT 2021,94,294,1
1626752630462,Mon Jul 19 20:43:50 PDT 2021,94,295,0
1626792655949,Tue Jul 20 07:50:55 PDT 2021,94,296,-1
1626799389330,Tue Jul 20 09:43:09 PDT 2021,94,298,0
1626910370738,Wed Jul 21 16:32:50 PDT 2021,94,299,1
1626965441761,Thu Jul 22 07:50:41 PDT 2021,94,300,1
1627001540490,Thu Jul 22 17:52:20 PDT 2021,94,302,0
1627002753171,Thu Jul 22 18:12:33 PDT 2021,94,303,-1
1627009173084,Thu Jul 22 19:59:33 PDT 2021,94,305,0
1627084517661,Fri Jul 23 16:55:17 PDT 2021,94,309,-1
1627085479674,Fri Jul 23 17:11:19 PDT 2021,94,310,-1
1627087403105,Fri Jul 23 17:43:23 PDT 2021,94,311,-1
1627088585393,Fri Jul 23 18:03:05 PDT 2021,94,312,-1
1627100290986,Fri Jul 23 21:18:10 PDT 2021,94,313,-1
1627101231220,Fri Jul 23 21:33:51 PDT 2021,94,314,-1
1627101948262,Fri Jul 23 21:45:48 PDT 2021,94,315,-1
1627163485864,Sat Jul 24 14:51:25 PDT 2021,94,317,0
1627187889315,Sat Jul 24 21:38:09 PDT 2021,94,318,-1
1627192280121,Sat Jul 24 22:51:20 PDT 2021,94,319,-1
1627408092478,Tue Jul 27 10:48:12 PDT 2021,94,322,-1
1627414806488,Tue Jul 27 12:40:06 PDT 2021,94,325,-1
1627699822261,Fri Jul 30 19:50:22 PDT 2021,94,326,0
1627505319509,Wed Jul 28 13:48:39 PDT 2021,94,337,-1
1627506662855,Wed Jul 28 14:11:02 PDT 2021,94,341,-1
1627509191563,Wed Jul 28 14:53:11 PDT 2021,94,343,-1
1627515582308,Wed Jul 28 16:39:42 PDT 2021,94,348,1
1627524256809,Wed Jul 28 19:04:16 PDT 2021,94,353,-1
1627521651673,Wed Jul 28 18:20:51 PDT 2021,94,356,-1
1627530115470,Wed Jul 28 20:41:55 PDT 2021,94,357,1
1627535441573,Wed Jul 28 22:10:41 PDT 2021,94,361,0
1627573940345,Thu Jul 29 08:52:20 PDT 2021,94,366,-1
1627587284493,Thu Jul 29 12:34:44 PDT 2021,94,373,-1
1627609707269,Thu Jul 29 18:48:27 PDT 2021,94,376,1
1627655884412,Fri Jul 30 07:38:04 PDT 2021,94,380,0
1627664113531,Fri Jul 30 09:55:13 PDT 2021,94,382,-1
1627667826219,Fri Jul 30 10:57:06 PDT 2021,94,384,-1
1627676779625,Fri Jul 30 13:26:19 PDT 2021,94,386,0
1627681024768,Fri Jul 30 14:37:04 PDT 2021,94,388,0
1627683031530,Fri Jul 30 15:10:31 PDT 2021,94,389,-1
1627703875254,Fri Jul 30 20:57:55 PDT 2021,94,396,0
1627770674075,Sat Jul 31 15:31:14 PDT 2021,94,401,-1
1627772321879,Sat Jul 31 15:58:41 PDT 2021,94,402,-1
1627776821168,Sat Jul 31 17:13:41 PDT 2021,94,403,0
1627838249407,Sun Aug 01 10:17:29 PDT 2021,94,404,-1
1625070697762,Wed Jun 30 09:31:37 PDT 2021,95,0,0
1625160867203,Thu Jul 01 10:34:27 PDT 2021,95,26,1
1625058561792,Wed Jun 30 06:09:21 PDT 2021,95,30,1
1625068167271,Wed Jun 30 08:49:27 PDT 2021,95,35,-1
1625068765936,Wed Jun 30 08:59:25 PDT 2021,95,36,1
1625071474326,Wed Jun 30 09:44:34 PDT 2021,95,37,0
1625071812322,Wed Jun 30 09:50:12 PDT 2021,95,38,1
1625082231117,Wed Jun 30 12:43:51 PDT 2021,95,40,-1
1625099379243,Wed Jun 30 17:29:39 PDT 2021,95,41,1
1625086143743,Wed Jun 30 13:49:03 PDT 2021,95,42,1
1625089882391,Wed Jun 30 14:51:22 PDT 2021,95,43,1
1625092173280,Wed Jun 30 15:29:33 PDT 2021,95,44,1
1625092962167,Wed Jun 30 15:42:42 PDT 2021,95,45,1
1625095315529,Wed Jun 30 16:21:55 PDT 2021,95,46,0
1625095049309,Wed Jun 30 16:17:29 PDT 2021,95,47,0
1625095924624,Wed Jun 30 16:32:04 PDT 2021,95,48,-1
1625099407394,Wed Jun 30 17:30:07 PDT 2021,95,50,1
1625100864909,Wed Jun 30 17:54:24 PDT 2021,95,51,1
1625101227910,Wed Jun 30 18:00:27 PDT 2021,95,52,-1
1625101771521,Wed Jun 30 18:09:31 PDT 2021,95,53,1
1625101526998,Wed Jun 30 18:05:26 PDT 2021,95,54,1
1625107973074,Wed Jun 30 19:52:53 PDT 2021,95,55,-1
1625112132923,Wed Jun 30 21:02:12 PDT 2021,95,56,0
1625116009356,Wed Jun 30 22:06:49 PDT 2021,95,57,1
1625117656467,Wed Jun 30 22:34:16 PDT 2021,95,58,-1
1625117916067,Wed Jun 30 22:38:36 PDT 2021,95,59,-1
1625150149233,Thu Jul 01 07:35:49 PDT 2021,95,61,0
1625151228640,Thu Jul 01 07:53:48 PDT 2021,95,62,-1
1625153577612,Thu Jul 01 08:32:57 PDT 2021,95,63,1
1625155527197,Thu Jul 01 09:05:27 PDT 2021,95,64,1
1625158027252,Thu Jul 01 09:47:07 PDT 2021,95,65,0
1625410248291,Sun Jul 04 07:50:48 PDT 2021,95,66,0
1625159640909,Thu Jul 01 10:14:00 PDT 2021,95,68,1
1625159951592,Thu Jul 01 10:19:11 PDT 2021,95,69,-1
1625160127735,Thu Jul 01 10:22:07 PDT 2021,95,70,0
1625162008308,Thu Jul 01 10:53:28 PDT 2021,95,71,-1
1625163518507,Thu Jul 01 11:18:38 PDT 2021,95,73,-1
1625164392150,Thu Jul 01 11:33:12 PDT 2021,95,74,0
1625164099266,Thu Jul 01 11:28:19 PDT 2021,95,83,-1
1625165045113,Thu Jul 01 11:44:05 PDT 2021,95,85,-1
1625165439947,Thu Jul 01 11:50:39 PDT 2021,95,86,-1
1625168786931,Thu Jul 01 12:46:26 PDT 2021,95,92,1
1625175260243,Thu Jul 01 14:34:20 PDT 2021,95,94,-1
1625174853615,Thu Jul 01 14:27:33 PDT 2021,95,95,-1
1625183056209,Thu Jul 01 16:44:16 PDT 2021,95,96,0
1626145301210,Mon Jul 12 20:01:41 PDT 2021,95,98,-1
1625191378521,Thu Jul 01 19:02:58 PDT 2021,95,100,-1
1625191029525,Thu Jul 01 18:57:09 PDT 2021,95,101,-1
1625199888673,Thu Jul 01 21:24:48 PDT 2021,95,102,0
1625238392255,Fri Jul 02 08:06:32 PDT 2021,95,103,-1
1625241985958,Fri Jul 02 09:06:25 PDT 2021,95,104,1
1625242252775,Fri Jul 02 09:10:52 PDT 2021,95,106,-1
1625245714506,Fri Jul 02 10:08:34 PDT 2021,95,107,0
1625251780439,Fri Jul 02 11:49:40 PDT 2021,95,108,0
1625266292027,Fri Jul 02 15:51:32 PDT 2021,95,111,-1
1625274065871,Fri Jul 02 18:01:05 PDT 2021,95,112,-1
1625295522600,Fri Jul 02 23:58:42 PDT 2021,95,115,0
1625329610662,Sat Jul 03 09:26:50 PDT 2021,95,118,1
1625334038583,Sat Jul 03 10:40:38 PDT 2021,95,119,-1
1625362153596,Sat Jul 03 18:29:13 PDT 2021,95,120,0
1625364500479,Sat Jul 03 19:08:20 PDT 2021,95,121,-1
1625365584786,Sat Jul 03 19:26:24 PDT 2021,95,122,-1
1625365616799,Sat Jul 03 19:26:56 PDT 2021,95,123,-1
1625374656377,Sat Jul 03 21:57:36 PDT 2021,95,124,1
1625384650483,Sun Jul 04 00:44:10 PDT 2021,95,125,0
1625414754412,Sun Jul 04 09:05:54 PDT 2021,95,127,1
1625424844623,Sun Jul 04 11:54:04 PDT 2021,95,131,1
1625429126044,Sun Jul 04 13:05:26 PDT 2021,95,132,1
1625436073960,Sun Jul 04 15:01:13 PDT 2021,95,135,0
1625436789331,Sun Jul 04 15:13:09 PDT 2021,95,136,0
1625437166693,Sun Jul 04 15:19:26 PDT 2021,95,137,1
1625451955319,Sun Jul 04 19:25:55 PDT 2021,95,141,-1
1625462483330,Sun Jul 04 22:21:23 PDT 2021,95,145,0
1625496693462,Mon Jul 05 07:51:33 PDT 2021,95,147,1
1625593792047,Tue Jul 06 10:49:52 PDT 2021,95,151,0
1625602631486,Tue Jul 06 13:17:11 PDT 2021,95,152,0
1625613571942,Tue Jul 06 16:19:31 PDT 2021,95,153,1
1625611771142,Tue Jul 06 15:49:31 PDT 2021,95,155,1
1625627154233,Tue Jul 06 20:05:54 PDT 2021,95,156,1
1625635708745,Tue Jul 06 22:28:28 PDT 2021,95,157,-1
1625673226894,Wed Jul 07 08:53:46 PDT 2021,95,160,0
1625674625271,Wed Jul 07 09:17:05 PDT 2021,95,161,0
1625675362969,Wed Jul 07 09:29:22 PDT 2021,95,162,0
1625676428353,Wed Jul 07 09:47:08 PDT 2021,95,163,0
1625678453233,Wed Jul 07 10:20:53 PDT 2021,95,166,1
1625677760299,Wed Jul 07 10:09:20 PDT 2021,95,168,-1
1625694022233,Wed Jul 07 14:40:22 PDT 2021,95,173,0
1625693927540,Wed Jul 07 14:38:47 PDT 2021,95,174,1
1625694606699,Wed Jul 07 14:50:06 PDT 2021,95,177,0
1625696646311,Wed Jul 07 15:24:06 PDT 2021,95,181,0
1625698718958,Wed Jul 07 15:58:38 PDT 2021,95,183,0
1625699609064,Wed Jul 07 16:13:29 PDT 2021,95,184,1
1625699943814,Wed Jul 07 16:19:03 PDT 2021,95,186,-1
1625700040101,Wed Jul 07 16:20:40 PDT 2021,95,187,0
1625700824572,Wed Jul 07 16:33:44 PDT 2021,95,188,1
1625702382707,Wed Jul 07 16:59:42 PDT 2021,95,189,-1
1625710004715,Wed Jul 07 19:06:44 PDT 2021,95,193,1
1625710150321,Wed Jul 07 19:09:10 PDT 2021,95,194,1
1625723122708,Wed Jul 07 22:45:22 PDT 2021,95,196,1
1625756063358,Thu Jul 08 07:54:23 PDT 2021,95,198,0
1625759452611,Thu Jul 08 08:50:52 PDT 2021,95,199,1
1625762618260,Thu Jul 08 09:43:38 PDT 2021,95,201,-1
1625763668048,Thu Jul 08 10:01:08 PDT 2021,95,203,1
1625770545020,Thu Jul 08 11:55:45 PDT 2021,95,205,-1
1625772400040,Thu Jul 08 12:26:40 PDT 2021,95,206,1
1625782324258,Thu Jul 08 15:12:04 PDT 2021,95,207,0
1625783668616,Thu Jul 08 15:34:28 PDT 2021,95,208,1
1625786912699,Thu Jul 08 16:28:32 PDT 2021,95,209,0
1625844888192,Fri Jul 09 08:34:48 PDT 2021,95,215,-1
1625856024001,Fri Jul 09 11:40:24 PDT 2021,95,217,0
1625864974411,Fri Jul 09 14:09:34 PDT 2021,95,218,1
1625868009688,Fri Jul 09 15:00:09 PDT 2021,95,219,1
1625921798964,Sat Jul 10 05:56:38 PDT 2021,95,223,0
1625922405242,Sat Jul 10 06:06:45 PDT 2021,95,224,-1
1625926469691,Sat Jul 10 07:14:29 PDT 2021,95,225,-1
1625929543981,Sat Jul 10 08:05:43 PDT 2021,95,226,0
1625939409785,Sat Jul 10 10:50:09 PDT 2021,95,228,-1
1625964948477,Sat Jul 10 17:55:48 PDT 2021,95,232,-1
1625982464690,Sat Jul 10 22:47:44 PDT 2021,95,234,-1
1626011915902,Sun Jul 11 06:58:35 PDT 2021,95,236,-1
1626015063853,Sun Jul 11 07:51:03 PDT 2021,95,237,-1
1626015458206,Sun Jul 11 07:57:38 PDT 2021,95,238,-1
1626018472243,Sun Jul 11 08:47:52 PDT 2021,95,239,1
1626027474387,Sun Jul 11 11:17:54 PDT 2021,95,240,1
1626031764098,Sun Jul 11 12:29:24 PDT 2021,95,241,1
1626033270757,Sun Jul 11 12:54:30 PDT 2021,95,243,1
1626063824138,Sun Jul 11 21:23:44 PDT 2021,95,248,-1
1626097381554,Mon Jul 12 06:43:01 PDT 2021,95,250,1
1626100986236,Mon Jul 12 07:43:06 PDT 2021,95,251,0
1626160165321,Tue Jul 13 00:09:25 PDT 2021,95,255,-1
1626184617685,Tue Jul 13 06:56:57 PDT 2021,95,256,1
1626198020811,Tue Jul 13 10:40:20 PDT 2021,95,257,0
1626641230868,Sun Jul 18 13:47:10 PDT 2021,95,258,0
1626214328150,Tue Jul 13 15:12:08 PDT 2021,95,260,1
1627698337421,Fri Jul 30 19:25:37 PDT 2021,95,261,1
1626218985881,Tue Jul 13 16:29:45 PDT 2021,95,262,1
1626220913070,Tue Jul 13 17:01:53 PDT 2021,95,263,1
1626298189399,Wed Jul 14 14:29:49 PDT 2021,95,265,-1
1626384029263,Thu Jul 15 14:20:29 PDT 2021,95,267,1
1626386179276,Thu Jul 15 14:56:19 PDT 2021,95,271,0
1626455689552,Fri Jul 16 10:14:49 PDT 2021,95,274,-1
1626471005348,Fri Jul 16 14:30:05 PDT 2021,95,275,-1
1626492701268,Fri Jul 16 20:31:41 PDT 2021,95,276,1
1626541138243,Sat Jul 17 09:58:58 PDT 2021,95,278,1
1626540313610,Sat Jul 17 09:45:13 PDT 2021,95,279,0
1626545135938,Sat Jul 17 11:05:35 PDT 2021,95,280,1
1626552461663,Sat Jul 17 13:07:41 PDT 2021,95,281,1
1626553724645,Sat Jul 17 13:28:44 PDT 2021,95,282,1
1626568436971,Sat Jul 17 17:33:56 PDT 2021,95,284,1
1626584673709,Sat Jul 17 22:04:33 PDT 2021,95,286,1
1626713074637,Mon Jul 19 09:44:34 PDT 2021,95,288,0
1626716388342,Mon Jul 19 10:39:48 PDT 2021,95,290,1
1626719910025,Mon Jul 19 11:38:30 PDT 2021,95,291,0
1626723984776,Mon Jul 19 12:46:24 PDT 2021,95,292,-1
1626737691072,Mon Jul 19 16:34:51 PDT 2021,95,294,-1
1626752378832,Mon Jul 19 20:39:38 PDT 2021,95,295,-1
1626791631768,Tue Jul 20 07:33:51 PDT 2021,95,296,-1
1626798659788,Tue Jul 20 09:30:59 PDT 2021,95,298,-1
1626909352974,Wed Jul 21 16:15:52 PDT 2021,95,299,-1
1626910773713,Wed Jul 21 16:39:33 PDT 2021,95,300,0
1626919303561,Wed Jul 21 19:01:43 PDT 2021,95,301,-1
1627000847054,Thu Jul 22 17:40:47 PDT 2021,95,302,1
1627002388345,Thu Jul 22 18:06:28 PDT 2021,95,303,-1
1627008780508,Thu Jul 22 19:53:00 PDT 2021,95,305,1
1627084278088,Fri Jul 23 16:51:18 PDT 2021,95,309,1
1627085613100,Fri Jul 23 17:13:33 PDT 2021,95,310,1
1627086574450,Fri Jul 23 17:29:34 PDT 2021,95,311,1
1627088534443,Fri Jul 23 18:02:14 PDT 2021,95,312,1
1627099964003,Fri Jul 23 21:12:44 PDT 2021,95,313,1
1627100613473,Fri Jul 23 21:23:33 PDT 2021,95,314,1
1627101524055,Fri Jul 23 21:38:44 PDT 2021,95,315,1
1627163024712,Sat Jul 24 14:43:44 PDT 2021,95,317,1
1627187426056,Sat Jul 24 21:30:26 PDT 2021,95,318,1
1627192116120,Sat Jul 24 22:48:36 PDT 2021,95,319,0
1627407232012,Tue Jul 27 10:33:52 PDT 2021,95,322,1
1627414953187,Tue Jul 27 12:42:33 PDT 2021,95,325,1
1627426268212,Tue Jul 27 15:51:08 PDT 2021,95,326,0
1627439412346,Tue Jul 27 19:30:12 PDT 2021,95,327,-1
1627451424128,Tue Jul 27 22:50:24 PDT 2021,95,329,1
1627501591290,Wed Jul 28 12:46:31 PDT 2021,95,332,1
1627504149809,Wed Jul 28 13:29:09 PDT 2021,95,335,1
1627505221849,Wed Jul 28 13:47:01 PDT 2021,95,337,1
1627505987471,Wed Jul 28 13:59:47 PDT 2021,95,339,1
1627508837182,Wed Jul 28 14:47:17 PDT 2021,95,343,1
1627509044554,Wed Jul 28 14:50:44 PDT 2021,95,345,1
1627515309456,Wed Jul 28 16:35:09 PDT 2021,95,348,1
1627523037444,Wed Jul 28 18:43:57 PDT 2021,95,353,1
1627522076268,Wed Jul 28 18:27:56 PDT 2021,95,356,0
1627529195520,Wed Jul 28 20:26:35 PDT 2021,95,357,1
1627542818015,Thu Jul 29 00:13:38 PDT 2021,95,364,1
1627573468974,Thu Jul 29 08:44:28 PDT 2021,95,366,-1
1627578239735,Thu Jul 29 10:03:59 PDT 2021,95,368,-1
1627586695189,Thu Jul 29 12:24:55 PDT 2021,95,373,0
1627596211443,Thu Jul 29 15:03:31 PDT 2021,95,375,1
1627607189652,Thu Jul 29 18:06:29 PDT 2021,95,376,1
1627613627552,Thu Jul 29 19:53:47 PDT 2021,95,378,1
1627656254905,Fri Jul 30 07:44:14 PDT 2021,95,380,0
1627656400216,Fri Jul 30 07:46:40 PDT 2021,95,381,1
1627664110922,Fri Jul 30 09:55:10 PDT 2021,95,382,1
1627666944583,Fri Jul 30 10:42:24 PDT 2021,95,384,1
1627675930626,Fri Jul 30 13:12:10 PDT 2021,95,386,0
1627680204109,Fri Jul 30 14:23:24 PDT 2021,95,388,0
1627682089136,Fri Jul 30 14:54:49 PDT 2021,95,389,0
1627686212310,Fri Jul 30 16:03:32 PDT 2021,95,394,1
1627690308643,Fri Jul 30 17:11:48 PDT 2021,95,395,0
1627701870563,Fri Jul 30 20:24:30 PDT 2021,95,396,0
1627752657038,Sat Jul 31 10:30:57 PDT 2021,95,398,1
1627756973866,Sat Jul 31 11:42:53 PDT 2021,95,399,1
1627770198765,Sat Jul 31 15:23:18 PDT 2021,95,401,0
1627771965086,Sat Jul 31 15:52:45 PDT 2021,95,402,1
1627775608270,Sat Jul 31 16:53:28 PDT 2021,95,403,1
1627837712150,Sun Aug 01 10:08:32 PDT 2021,95,404,1
1625070688291,Wed Jun 30 09:31:28 PDT 2021,96,0,0
1625160932137,Thu Jul 01 10:35:32 PDT 2021,96,26,0
1625059134198,Wed Jun 30 06:18:54 PDT 2021,96,30,1
1625068192138,Wed Jun 30 08:49:52 PDT 2021,96,35,1
1625069012476,Wed Jun 30 09:03:32 PDT 2021,96,36,1
1625071510177,Wed Jun 30 09:45:10 PDT 2021,96,37,-1
1625071835451,Wed Jun 30 09:50:35 PDT 2021,96,38,0
1625082522602,Wed Jun 30 12:48:42 PDT 2021,96,40,0
1625099624434,Wed Jun 30 17:33:44 PDT 2021,96,41,-1
1625086647267,Wed Jun 30 13:57:27 PDT 2021,96,42,1
1625090123462,Wed Jun 30 14:55:23 PDT 2021,96,43,-1
1625093095337,Wed Jun 30 15:44:55 PDT 2021,96,45,1
1625094995618,Wed Jun 30 16:16:35 PDT 2021,96,46,1
1625095245204,Wed Jun 30 16:20:45 PDT 2021,96,47,-1
1625095932085,Wed Jun 30 16:32:12 PDT 2021,96,48,0
1625099163901,Wed Jun 30 17:26:03 PDT 2021,96,50,-1
1625102817512,Wed Jun 30 18:26:57 PDT 2021,96,52,1
1625101643467,Wed Jun 30 18:07:23 PDT 2021,96,53,1
1625101569201,Wed Jun 30 18:06:09 PDT 2021,96,54,-1
1625108311058,Wed Jun 30 19:58:31 PDT 2021,96,55,-1
1625116454005,Wed Jun 30 22:14:14 PDT 2021,96,57,-1
1625117958247,Wed Jun 30 22:39:18 PDT 2021,96,59,-1
1625120645206,Wed Jun 30 23:24:05 PDT 2021,96,60,0
1625150911509,Thu Jul 01 07:48:31 PDT 2021,96,61,-1
1625151428035,Thu Jul 01 07:57:08 PDT 2021,96,62,-1
1625154420242,Thu Jul 01 08:47:00 PDT 2021,96,63,0
1625155826142,Thu Jul 01 09:10:26 PDT 2021,96,64,0
1625158262560,Thu Jul 01 09:51:02 PDT 2021,96,65,0
1625410673747,Sun Jul 04 07:57:53 PDT 2021,96,66,0
1625159582364,Thu Jul 01 10:13:02 PDT 2021,96,68,1
1625160305890,Thu Jul 01 10:25:05 PDT 2021,96,69,1
1625160032146,Thu Jul 01 10:20:32 PDT 2021,96,70,1
1625162764347,Thu Jul 01 11:06:04 PDT 2021,96,71,1
1625163424878,Thu Jul 01 11:17:04 PDT 2021,96,73,1
1625166982237,Thu Jul 01 12:16:22 PDT 2021,96,74,0
1625165051321,Thu Jul 01 11:44:11 PDT 2021,96,85,-1
1625165655326,Thu Jul 01 11:54:15 PDT 2021,96,87,-1
1625168851834,Thu Jul 01 12:47:31 PDT 2021,96,92,-1
1625173823132,Thu Jul 01 14:10:23 PDT 2021,96,93,0
1625175227632,Thu Jul 01 14:33:47 PDT 2021,96,94,1
1625175296225,Thu Jul 01 14:34:56 PDT 2021,96,95,0
1625183188027,Thu Jul 01 16:46:28 PDT 2021,96,96,-1
1626145291873,Mon Jul 12 20:01:31 PDT 2021,96,98,1
1625191136630,Thu Jul 01 18:58:56 PDT 2021,96,100,1
1625191020760,Thu Jul 01 18:57:00 PDT 2021,96,101,-1
1625200283720,Thu Jul 01 21:31:23 PDT 2021,96,102,1
1625238435222,Fri Jul 02 08:07:15 PDT 2021,96,103,0
1625241607539,Fri Jul 02 09:00:07 PDT 2021,96,104,1
1625241897173,Fri Jul 02 09:04:57 PDT 2021,96,106,0
1625246522175,Fri Jul 02 10:22:02 PDT 2021,96,107,-1
1625266953845,Fri Jul 02 16:02:33 PDT 2021,96,111,1
1625275753257,Fri Jul 02 18:29:13 PDT 2021,96,112,1
1625329411935,Sat Jul 03 09:23:31 PDT 2021,96,118,-1
1625334270392,Sat Jul 03 10:44:30 PDT 2021,96,119,-1
1625365121693,Sat Jul 03 19:18:41 PDT 2021,96,121,1
1625365522210,Sat Jul 03 19:25:22 PDT 2021,96,122,-1
1625366444932,Sat Jul 03 19:40:44 PDT 2021,96,123,1
1625376117578,Sat Jul 03 22:21:57 PDT 2021,96,124,0
1625414550178,Sun Jul 04 09:02:30 PDT 2021,96,127,0
1625425136853,Sun Jul 04 11:58:56 PDT 2021,96,131,-1
1625429117625,Sun Jul 04 13:05:17 PDT 2021,96,132,-1
1625436118504,Sun Jul 04 15:01:58 PDT 2021,96,135,0
1625436252426,Sun Jul 04 15:04:12 PDT 2021,96,136,0
1625437288645,Sun Jul 04 15:21:28 PDT 2021,96,137,0
1625452140844,Sun Jul 04 19:29:00 PDT 2021,96,141,-1
1625463065772,Sun Jul 04 22:31:05 PDT 2021,96,145,-1
1625496226066,Mon Jul 05 07:43:46 PDT 2021,96,147,0
1625594150577,Tue Jul 06 10:55:50 PDT 2021,96,151,-1
1625602716287,Tue Jul 06 13:18:36 PDT 2021,96,152,-1
1625614070110,Tue Jul 06 16:27:50 PDT 2021,96,153,0
1625611617593,Tue Jul 06 15:46:57 PDT 2021,96,155,1
1625627755292,Tue Jul 06 20:15:55 PDT 2021,96,156,1
1625636068388,Tue Jul 06 22:34:28 PDT 2021,96,157,-1
1625673542319,Wed Jul 07 08:59:02 PDT 2021,96,160,0
1625674933503,Wed Jul 07 09:22:13 PDT 2021,96,161,1
1625675652197,Wed Jul 07 09:34:12 PDT 2021,96,162,0
1625676731532,Wed Jul 07 09:52:11 PDT 2021,96,163,0
1625678791066,Wed Jul 07 10:26:31 PDT 2021,96,166,1
1625693762869,Wed Jul 07 14:36:02 PDT 2021,96,173,-1
1625694266021,Wed Jul 07 14:44:26 PDT 2021,96,174,1
1625696567532,Wed Jul 07 15:22:47 PDT 2021,96,180,0
1625696757831,Wed Jul 07 15:25:57 PDT 2021,96,181,0
1625698881629,Wed Jul 07 16:01:21 PDT 2021,96,183,1
1625700271484,Wed Jul 07 16:24:31 PDT 2021,96,186,0
1625701246978,Wed Jul 07 16:40:46 PDT 2021,96,187,0
1625700609642,Wed Jul 07 16:30:09 PDT 2021,96,188,-1
1625703036733,Wed Jul 07 17:10:36 PDT 2021,96,189,1
1625711112152,Wed Jul 07 19:25:12 PDT 2021,96,194,1
1625723198868,Wed Jul 07 22:46:38 PDT 2021,96,196,0
1625772904138,Thu Jul 08 12:35:04 PDT 2021,96,198,0
1625759013782,Thu Jul 08 08:43:33 PDT 2021,96,199,-1
1625762953057,Thu Jul 08 09:49:13 PDT 2021,96,201,-1
1625763918073,Thu Jul 08 10:05:18 PDT 2021,96,203,0
1625770737253,Thu Jul 08 11:58:57 PDT 2021,96,205,-1
1625782518409,Thu Jul 08 15:15:18 PDT 2021,96,207,-1
1625784312388,Thu Jul 08 15:45:12 PDT 2021,96,208,-1
1625786991567,Thu Jul 08 16:29:51 PDT 2021,96,209,-1
1625845112158,Fri Jul 09 08:38:32 PDT 2021,96,215,-1
1625855219254,Fri Jul 09 11:26:59 PDT 2021,96,217,-1
1625865066977,Fri Jul 09 14:11:06 PDT 2021,96,218,-1
1625868728028,Fri Jul 09 15:12:08 PDT 2021,96,219,1
1625921900759,Sat Jul 10 05:58:20 PDT 2021,96,223,-1
1625922431855,Sat Jul 10 06:07:11 PDT 2021,96,224,0
1625929994371,Sat Jul 10 08:13:14 PDT 2021,96,226,-1
1625961795639,Sat Jul 10 17:03:15 PDT 2021,96,231,-1
1625965258021,Sat Jul 10 18:00:58 PDT 2021,96,232,0
1625982739827,Sat Jul 10 22:52:19 PDT 2021,96,234,-1
1626012809558,Sun Jul 11 07:13:29 PDT 2021,96,236,-1
1626015673178,Sun Jul 11 08:01:13 PDT 2021,96,237,1
1626015865582,Sun Jul 11 08:04:25 PDT 2021,96,238,-1
1626019016116,Sun Jul 11 08:56:56 PDT 2021,96,239,0
1626027588232,Sun Jul 11 11:19:48 PDT 2021,96,240,1
1626031995688,Sun Jul 11 12:33:15 PDT 2021,96,241,1
1626034024797,Sun Jul 11 13:07:04 PDT 2021,96,243,-1
1626063927997,Sun Jul 11 21:25:27 PDT 2021,96,248,-1
1626097815752,Mon Jul 12 06:50:15 PDT 2021,96,250,1
1626160571024,Tue Jul 13 00:16:11 PDT 2021,96,255,1
1626184802778,Tue Jul 13 07:00:02 PDT 2021,96,256,-1
1626198055750,Tue Jul 13 10:40:55 PDT 2021,96,257,0
1626214130520,Tue Jul 13 15:08:50 PDT 2021,96,260,-1
1627752282215,Sat Jul 31 10:24:42 PDT 2021,96,261,1
1626298424004,Wed Jul 14 14:33:44 PDT 2021,96,265,1
1626384409790,Thu Jul 15 14:26:49 PDT 2021,96,267,0
1626386209512,Thu Jul 15 14:56:49 PDT 2021,96,271,0
1626456281750,Fri Jul 16 10:24:41 PDT 2021,96,274,1
1626472038808,Fri Jul 16 14:47:18 PDT 2021,96,275,0
1626493068062,Fri Jul 16 20:37:48 PDT 2021,96,276,-1
1626541359929,Sat Jul 17 10:02:39 PDT 2021,96,278,1
1626545459218,Sat Jul 17 11:10:59 PDT 2021,96,280,1
1626552849663,Sat Jul 17 13:14:09 PDT 2021,96,281,-1
1626554116664,Sat Jul 17 13:35:16 PDT 2021,96,282,-1
1626571175894,Sat Jul 17 18:19:35 PDT 2021,96,284,1
1626584614120,Sat Jul 17 22:03:34 PDT 2021,96,286,-1
1626713229082,Mon Jul 19 09:47:09 PDT 2021,96,288,0
1626716533653,Mon Jul 19 10:42:13 PDT 2021,96,290,-1
1626720893432,Mon Jul 19 11:54:53 PDT 2021,96,291,0
1626738014981,Mon Jul 19 16:40:14 PDT 2021,96,294,0
1626752489110,Mon Jul 19 20:41:29 PDT 2021,96,295,-1
1626792629477,Tue Jul 20 07:50:29 PDT 2021,96,296,-1
1626799291077,Tue Jul 20 09:41:31 PDT 2021,96,298,-1
1626910362417,Wed Jul 21 16:32:42 PDT 2021,96,299,1
1626965468946,Thu Jul 22 07:51:08 PDT 2021,96,300,1
1627001635310,Thu Jul 22 17:53:55 PDT 2021,96,302,0
1627002767973,Thu Jul 22 18:12:47 PDT 2021,96,303,-1
1627009201991,Thu Jul 22 20:00:01 PDT 2021,96,305,0
1627084418941,Fri Jul 23 16:53:38 PDT 2021,96,309,1
1627085801218,Fri Jul 23 17:16:41 PDT 2021,96,310,1
1627087125523,Fri Jul 23 17:38:45 PDT 2021,96,311,1
1627088542404,Fri Jul 23 18:02:22 PDT 2021,96,312,1
1627099940883,Fri Jul 23 21:12:20 PDT 2021,96,313,1
1627101258357,Fri Jul 23 21:34:18 PDT 2021,96,314,1
1627102034578,Fri Jul 23 21:47:14 PDT 2021,96,315,1
1627163463858,Sat Jul 24 14:51:03 PDT 2021,96,317,0
1627188084545,Sat Jul 24 21:41:24 PDT 2021,96,318,0
1627191864908,Sat Jul 24 22:44:24 PDT 2021,96,319,-1
1627407556449,Tue Jul 27 10:39:16 PDT 2021,96,322,1
1627698903301,Fri Jul 30 19:35:03 PDT 2021,96,326,0
1627505365841,Wed Jul 28 13:49:25 PDT 2021,96,337,-1
1627508978675,Wed Jul 28 14:49:38 PDT 2021,96,343,1
1627515525855,Wed Jul 28 16:38:45 PDT 2021,96,348,-1
1627523396039,Wed Jul 28 18:49:56 PDT 2021,96,353,-1
1627522429733,Wed Jul 28 18:33:49 PDT 2021,96,356,-1
1627530744502,Wed Jul 28 20:52:24 PDT 2021,96,357,-1
1627544632163,Thu Jul 29 00:43:52 PDT 2021,96,364,0
1627573841728,Thu Jul 29 08:50:41 PDT 2021,96,366,1
1627579377535,Thu Jul 29 10:22:57 PDT 2021,96,368,0
1627587459618,Thu Jul 29 12:37:39 PDT 2021,96,373,0
1627608716166,Thu Jul 29 18:31:56 PDT 2021,96,376,0
1627656530038,Fri Jul 30 07:48:50 PDT 2021,96,380,-1
1627664303740,Fri Jul 30 09:58:23 PDT 2021,96,382,0
1627668065163,Fri Jul 30 11:01:05 PDT 2021,96,384,-1
1627676215773,Fri Jul 30 13:16:55 PDT 2021,96,386,-1
1627681527668,Fri Jul 30 14:45:27 PDT 2021,96,388,0
1627682710218,Fri Jul 30 15:05:10 PDT 2021,96,389,-1
1627685580719,Fri Jul 30 15:53:00 PDT 2021,96,393,-1
1627703816734,Fri Jul 30 20:56:56 PDT 2021,96,396,-1
1627770521066,Sat Jul 31 15:28:41 PDT 2021,96,401,-1
1627771913344,Sat Jul 31 15:51:53 PDT 2021,96,402,-1
1627777215309,Sat Jul 31 17:20:15 PDT 2021,96,403,-1
1627838237398,Sun Aug 01 10:17:17 PDT 2021,96,404,-1
1625070643169,Wed Jun 30 09:30:43 PDT 2021,97,0,1
1625160896389,Thu Jul 01 10:34:56 PDT 2021,97,26,1
1625059819419,Wed Jun 30 06:30:19 PDT 2021,97,30,1
1625068141617,Wed Jun 30 08:49:01 PDT 2021,97,35,1
1625068833242,Wed Jun 30 09:00:33 PDT 2021,97,36,1
1625071314189,Wed Jun 30 09:41:54 PDT 2021,97,37,0
1625071715182,Wed Jun 30 09:48:35 PDT 2021,97,38,1
1625082343761,Wed Jun 30 12:45:43 PDT 2021,97,40,1
1625099104598,Wed Jun 30 17:25:04 PDT 2021,97,41,-1
1625086036993,Wed Jun 30 13:47:16 PDT 2021,97,42,1
1625089642428,Wed Jun 30 14:47:22 PDT 2021,97,43,1
1625092920617,Wed Jun 30 15:42:00 PDT 2021,97,45,1
1625094950327,Wed Jun 30 16:15:50 PDT 2021,97,46,1
1625094979343,Wed Jun 30 16:16:19 PDT 2021,97,47,1
1625095794091,Wed Jun 30 16:29:54 PDT 2021,97,48,1
1625099001142,Wed Jun 30 17:23:21 PDT 2021,97,50,1
1625100917732,Wed Jun 30 17:55:17 PDT 2021,97,51,1
1625101059330,Wed Jun 30 17:57:39 PDT 2021,97,52,0
1625101632514,Wed Jun 30 18:07:12 PDT 2021,97,53,-1
1625101499968,Wed Jun 30 18:04:59 PDT 2021,97,54,1
1625107947317,Wed Jun 30 19:52:27 PDT 2021,97,55,1
1625112251318,Wed Jun 30 21:04:11 PDT 2021,97,56,0
1625116306174,Wed Jun 30 22:11:46 PDT 2021,97,57,1
1625117643105,Wed Jun 30 22:34:03 PDT 2021,97,58,1
1625117760415,Wed Jun 30 22:36:00 PDT 2021,97,59,-1
1625150196161,Thu Jul 01 07:36:36 PDT 2021,97,61,1
1625151084217,Thu Jul 01 07:51:24 PDT 2021,97,62,0
1625154073440,Thu Jul 01 08:41:13 PDT 2021,97,63,0
1625155832300,Thu Jul 01 09:10:32 PDT 2021,97,64,0
1625157762929,Thu Jul 01 09:42:42 PDT 2021,97,65,1
1625409919775,Sun Jul 04 07:45:19 PDT 2021,97,66,1
1625159889124,Thu Jul 01 10:18:09 PDT 2021,97,68,1
1625160234362,Thu Jul 01 10:23:54 PDT 2021,97,69,1
1625167750320,Thu Jul 01 12:29:10 PDT 2021,97,70,0
1625161494008,Thu Jul 01 10:44:54 PDT 2021,97,71,0
1625163443531,Thu Jul 01 11:17:23 PDT 2021,97,73,-1
1625164840462,Thu Jul 01 11:40:40 PDT 2021,97,74,0
1625164176533,Thu Jul 01 11:29:36 PDT 2021,97,83,-1
1625165064715,Thu Jul 01 11:44:24 PDT 2021,97,85,-1
1625168471344,Thu Jul 01 12:41:11 PDT 2021,97,92,1
1625173374661,Thu Jul 01 14:02:54 PDT 2021,97,93,1
1625174655551,Thu Jul 01 14:24:15 PDT 2021,97,94,0
1625175362059,Thu Jul 01 14:36:02 PDT 2021,97,95,1
1625182846178,Thu Jul 01 16:40:46 PDT 2021,97,96,0
1626145233941,Mon Jul 12 20:00:33 PDT 2021,97,98,-1
1625190521634,Thu Jul 01 18:48:41 PDT 2021,97,100,0
1625191295365,Thu Jul 01 19:01:35 PDT 2021,97,101,0
1625200224458,Thu Jul 01 21:30:24 PDT 2021,97,102,-1
1625238360072,Fri Jul 02 08:06:00 PDT 2021,97,103,0
1625241275984,Fri Jul 02 08:54:35 PDT 2021,97,104,1
1625241820337,Fri Jul 02 09:03:40 PDT 2021,97,105,1
1625241983779,Fri Jul 02 09:06:23 PDT 2021,97,106,0
1625245616509,Fri Jul 02 10:06:56 PDT 2021,97,107,1
1625266699471,Fri Jul 02 15:58:19 PDT 2021,97,111,1
1625274404324,Fri Jul 02 18:06:44 PDT 2021,97,112,1
1625281815171,Fri Jul 02 20:10:15 PDT 2021,97,113,0
1625329177217,Sat Jul 03 09:19:37 PDT 2021,97,118,-1
1625333896663,Sat Jul 03 10:38:16 PDT 2021,97,119,1
1625364672612,Sat Jul 03 19:11:12 PDT 2021,97,121,-1
1625365548316,Sat Jul 03 19:25:48 PDT 2021,97,122,0
1625366400288,Sat Jul 03 19:40:00 PDT 2021,97,123,1
1625375110960,Sat Jul 03 22:05:10 PDT 2021,97,124,1
1625410202595,Sun Jul 04 07:50:02 PDT 2021,97,126,1
1625413346493,Sun Jul 04 08:42:26 PDT 2021,97,127,1
1625424943283,Sun Jul 04 11:55:43 PDT 2021,97,131,1
1625429171897,Sun Jul 04 13:06:11 PDT 2021,97,132,1
1625435358068,Sun Jul 04 14:49:18 PDT 2021,97,135,1
1625436858123,Sun Jul 04 15:14:18 PDT 2021,97,136,1
1625436946390,Sun Jul 04 15:15:46 PDT 2021,97,137,0
1625451922875,Sun Jul 04 19:25:22 PDT 2021,97,141,0
1625460901355,Sun Jul 04 21:55:01 PDT 2021,97,144,0
1625463128036,Sun Jul 04 22:32:08 PDT 2021,97,145,0
1625496646419,Mon Jul 05 07:50:46 PDT 2021,97,147,1
1625593662577,Tue Jul 06 10:47:42 PDT 2021,97,151,1
1625602619731,Tue Jul 06 13:16:59 PDT 2021,97,152,0
1625597932687,Tue Jul 06 11:58:52 PDT 2021,97,153,1
1625611200631,Tue Jul 06 15:40:00 PDT 2021,97,155,1
1625626939870,Tue Jul 06 20:02:19 PDT 2021,97,156,0
1625635953190,Tue Jul 06 22:32:33 PDT 2021,97,157,1
1625673123572,Wed Jul 07 08:52:03 PDT 2021,97,160,0
1625674628433,Wed Jul 07 09:17:08 PDT 2021,97,161,1
1625674885562,Wed Jul 07 09:21:25 PDT 2021,97,162,1
1625676416792,Wed Jul 07 09:46:56 PDT 2021,97,163,1
1625677939565,Wed Jul 07 10:12:19 PDT 2021,97,166,1
1625678848901,Wed Jul 07 10:27:28 PDT 2021,97,169,1
1625694358984,Wed Jul 07 14:45:58 PDT 2021,97,173,1
1625694085083,Wed Jul 07 14:41:25 PDT 2021,97,174,1
1625696149446,Wed Jul 07 15:15:49 PDT 2021,97,180,0
1625696613649,Wed Jul 07 15:23:33 PDT 2021,97,181,1
1625698024325,Wed Jul 07 15:47:04 PDT 2021,97,183,1
1625700155125,Wed Jul 07 16:22:35 PDT 2021,97,186,0
1625700695018,Wed Jul 07 16:31:35 PDT 2021,97,187,1
1625700365023,Wed Jul 07 16:26:05 PDT 2021,97,188,1
1625703212979,Wed Jul 07 17:13:32 PDT 2021,97,189,1
1625707348553,Wed Jul 07 18:22:28 PDT 2021,97,191,0
1625710413115,Wed Jul 07 19:13:33 PDT 2021,97,193,1
1625710694225,Wed Jul 07 19:18:14 PDT 2021,97,194,-1
1625722733252,Wed Jul 07 22:38:53 PDT 2021,97,196,0
1625755925226,Thu Jul 08 07:52:05 PDT 2021,97,198,0
1625759347866,Thu Jul 08 08:49:07 PDT 2021,97,199,1
1625762695288,Thu Jul 08 09:44:55 PDT 2021,97,201,0
1625763585341,Thu Jul 08 09:59:45 PDT 2021,97,203,1
1625770645648,Thu Jul 08 11:57:25 PDT 2021,97,205,1
1625782451843,Thu Jul 08 15:14:11 PDT 2021,97,207,0
1625783695514,Thu Jul 08 15:34:55 PDT 2021,97,208,1
1625786175792,Thu Jul 08 16:16:15 PDT 2021,97,209,1
1625789528402,Thu Jul 08 17:12:08 PDT 2021,97,210,0
1625805486945,Thu Jul 08 21:38:06 PDT 2021,97,214,-1
1625845137598,Fri Jul 09 08:38:57 PDT 2021,97,215,1
1625856160857,Fri Jul 09 11:42:40 PDT 2021,97,217,1
1625863886828,Fri Jul 09 13:51:26 PDT 2021,97,218,1
1625868486982,Fri Jul 09 15:08:06 PDT 2021,97,219,1
1625921390591,Sat Jul 10 05:49:50 PDT 2021,97,223,1
1625921850224,Sat Jul 10 05:57:30 PDT 2021,97,224,-1
1625928882152,Sat Jul 10 07:54:42 PDT 2021,97,226,0
1625939824492,Sat Jul 10 10:57:04 PDT 2021,97,228,1
1625961625910,Sat Jul 10 17:00:25 PDT 2021,97,231,1
1625965260908,Sat Jul 10 18:01:00 PDT 2021,97,232,0
1625971336418,Sat Jul 10 19:42:16 PDT 2021,97,233,1
1625982295400,Sat Jul 10 22:44:55 PDT 2021,97,234,-1
1626012469165,Sun Jul 11 07:07:49 PDT 2021,97,236,1
1626015144365,Sun Jul 11 07:52:24 PDT 2021,97,237,1
1626015665955,Sun Jul 11 08:01:05 PDT 2021,97,238,1
1626017970591,Sun Jul 11 08:39:30 PDT 2021,97,239,0
1626027325722,Sun Jul 11 11:15:25 PDT 2021,97,240,1
1626031753697,Sun Jul 11 12:29:13 PDT 2021,97,241,-1
1626033948035,Sun Jul 11 13:05:48 PDT 2021,97,243,1
1626063362016,Sun Jul 11 21:16:02 PDT 2021,97,248,1
1626097157798,Mon Jul 12 06:39:17 PDT 2021,97,250,1
1626100884872,Mon Jul 12 07:41:24 PDT 2021,97,251,0
1626160180836,Tue Jul 13 00:09:40 PDT 2021,97,255,0
1626184808275,Tue Jul 13 07:00:08 PDT 2021,97,256,1
1627192499747,Sat Jul 24 22:54:59 PDT 2021,97,258,0
1626213802155,Tue Jul 13 15:03:22 PDT 2021,97,260,-1
1627697024580,Fri Jul 30 19:03:44 PDT 2021,97,261,1
1626221032962,Tue Jul 13 17:03:52 PDT 2021,97,263,1
1626235489699,Tue Jul 13 21:04:49 PDT 2021,97,265,0
1626383904609,Thu Jul 15 14:18:24 PDT 2021,97,267,0
1626385957815,Thu Jul 15 14:52:37 PDT 2021,97,271,0
1626455013667,Fri Jul 16 10:03:33 PDT 2021,97,273,-1
1626455771810,Fri Jul 16 10:16:11 PDT 2021,97,274,1
1626471079838,Fri Jul 16 14:31:19 PDT 2021,97,275,1
1626492882848,Fri Jul 16 20:34:42 PDT 2021,97,276,0
1626541320303,Sat Jul 17 10:02:00 PDT 2021,97,278,1
1626546097099,Sat Jul 17 11:21:37 PDT 2021,97,280,0
1626552583696,Sat Jul 17 13:09:43 PDT 2021,97,281,1
1626553664151,Sat Jul 17 13:27:44 PDT 2021,97,282,1
1626568411138,Sat Jul 17 17:33:31 PDT 2021,97,284,-1
1626584811428,Sat Jul 17 22:06:51 PDT 2021,97,286,1
1626712816443,Mon Jul 19 09:40:16 PDT 2021,97,288,0
1626716609751,Mon Jul 19 10:43:29 PDT 2021,97,290,1
1626720632887,Mon Jul 19 11:50:32 PDT 2021,97,291,1
1626724096977,Mon Jul 19 12:48:16 PDT 2021,97,292,0
1626737947324,Mon Jul 19 16:39:07 PDT 2021,97,294,1
1626752095030,Mon Jul 19 20:34:55 PDT 2021,97,295,1
1626791703638,Tue Jul 20 07:35:03 PDT 2021,97,296,1
1626798832795,Tue Jul 20 09:33:52 PDT 2021,97,298,1
1626910154409,Wed Jul 21 16:29:14 PDT 2021,97,299,0
1626965415718,Thu Jul 22 07:50:15 PDT 2021,97,300,0
1626919307961,Wed Jul 21 19:01:47 PDT 2021,97,301,1
1627001392112,Thu Jul 22 17:49:52 PDT 2021,97,302,1
1627002563929,Thu Jul 22 18:09:23 PDT 2021,97,303,-1
1627009068892,Thu Jul 22 19:57:48 PDT 2021,97,305,1
1627084428187,Fri Jul 23 16:53:48 PDT 2021,97,309,1
1627085543481,Fri Jul 23 17:12:23 PDT 2021,97,310,1
1627086934698,Fri Jul 23 17:35:34 PDT 2021,97,311,1
1627087753296,Fri Jul 23 17:49:13 PDT 2021,97,312,1
1627099801800,Fri Jul 23 21:10:01 PDT 2021,97,313,1
1627100934576,Fri Jul 23 21:28:54 PDT 2021,97,314,1
1627101806010,Fri Jul 23 21:43:26 PDT 2021,97,315,1
1627162762251,Sat Jul 24 14:39:22 PDT 2021,97,317,1
1627187144891,Sat Jul 24 21:25:44 PDT 2021,97,318,-1
1627192205209,Sat Jul 24 22:50:05 PDT 2021,97,319,-1
1627407369983,Tue Jul 27 10:36:09 PDT 2021,97,322,0
1627414961249,Tue Jul 27 12:42:41 PDT 2021,97,325,1
1627425803387,Tue Jul 27 15:43:23 PDT 2021,97,326,0
1627439535219,Tue Jul 27 19:32:15 PDT 2021,97,327,0
1627503208566,Wed Jul 28 13:13:28 PDT 2021,97,334,1
1627505102654,Wed Jul 28 13:45:02 PDT 2021,97,337,1
1627505908064,Wed Jul 28 13:58:28 PDT 2021,97,339,1
1627508627600,Wed Jul 28 14:43:47 PDT 2021,97,343,1
1627679554154,Fri Jul 30 14:12:34 PDT 2021,97,347,0
1627515025665,Wed Jul 28 16:30:25 PDT 2021,97,348,1
1627523416583,Wed Jul 28 18:50:16 PDT 2021,97,353,1
1627522389776,Wed Jul 28 18:33:09 PDT 2021,97,356,1
1627529942535,Wed Jul 28 20:39:02 PDT 2021,97,357,-1
1627531583639,Wed Jul 28 21:06:23 PDT 2021,97,358,-1
1627532699629,Wed Jul 28 21:24:59 PDT 2021,97,359,0
1627543673174,Thu Jul 29 00:27:53 PDT 2021,97,364,0
1627573535818,Thu Jul 29 08:45:35 PDT 2021,97,366,-1
1627577977204,Thu Jul 29 09:59:37 PDT 2021,97,368,1
1627586812004,Thu Jul 29 12:26:52 PDT 2021,97,373,1
1627609050093,Thu Jul 29 18:37:30 PDT 2021,97,376,1
1627612085267,Thu Jul 29 19:28:05 PDT 2021,97,377,1
1627656055152,Fri Jul 30 07:40:55 PDT 2021,97,380,0
1627656528541,Fri Jul 30 07:48:48 PDT 2021,97,381,1
1627664150806,Fri Jul 30 09:55:50 PDT 2021,97,382,-1
1627667684590,Fri Jul 30 10:54:44 PDT 2021,97,384,1
1627675560115,Fri Jul 30 13:06:00 PDT 2021,97,386,1
1627681252433,Fri Jul 30 14:40:52 PDT 2021,97,388,0
1627681376173,Fri Jul 30 14:42:56 PDT 2021,97,389,1
1627686194617,Fri Jul 30 16:03:14 PDT 2021,97,394,1
1627702694912,Fri Jul 30 20:38:14 PDT 2021,97,396,0
1627752536294,Sat Jul 31 10:28:56 PDT 2021,97,398,1
1627770326500,Sat Jul 31 15:25:26 PDT 2021,97,401,1
1627771732346,Sat Jul 31 15:48:52 PDT 2021,97,402,0
1627776276386,Sat Jul 31 17:04:36 PDT 2021,97,403,1
1627838166345,Sun Aug 01 10:16:06 PDT 2021,97,404,-1
1625070617672,Wed Jun 30 09:30:17 PDT 2021,98,0,1
1625160802999,Thu Jul 01 10:33:22 PDT 2021,98,26,1
1625060030827,Wed Jun 30 06:33:50 PDT 2021,98,30,1
1625068151370,Wed Jun 30 08:49:11 PDT 2021,98,35,1
1625068630743,Wed Jun 30 08:57:10 PDT 2021,98,36,1
1625071368748,Wed Jun 30 09:42:48 PDT 2021,98,37,1
1625071888539,Wed Jun 30 09:51:28 PDT 2021,98,38,1
1625082277035,Wed Jun 30 12:44:37 PDT 2021,98,40,0
1625099154072,Wed Jun 30 17:25:54 PDT 2021,98,41,-1
1625085868858,Wed Jun 30 13:44:28 PDT 2021,98,42,1
1625089704527,Wed Jun 30 14:48:24 PDT 2021,98,43,1
1625092896196,Wed Jun 30 15:41:36 PDT 2021,98,45,1
1625094889441,Wed Jun 30 16:14:49 PDT 2021,98,46,-1
1625094925453,Wed Jun 30 16:15:25 PDT 2021,98,47,1
1625095738065,Wed Jun 30 16:28:58 PDT 2021,98,48,1
1625099007915,Wed Jun 30 17:23:27 PDT 2021,98,50,1
1625100954569,Wed Jun 30 17:55:54 PDT 2021,98,51,1
1625100997871,Wed Jun 30 17:56:37 PDT 2021,98,52,1
1625101205956,Wed Jun 30 18:00:05 PDT 2021,98,53,1
1625101655413,Wed Jun 30 18:07:35 PDT 2021,98,54,1
1625108280555,Wed Jun 30 19:58:00 PDT 2021,98,55,1
1625112174808,Wed Jun 30 21:02:54 PDT 2021,98,56,1
1625116054191,Wed Jun 30 22:07:34 PDT 2021,98,57,1
1625117356275,Wed Jun 30 22:29:16 PDT 2021,98,58,1
1625118199137,Wed Jun 30 22:43:19 PDT 2021,98,59,1
1625150119590,Thu Jul 01 07:35:19 PDT 2021,98,61,1
1625151456643,Thu Jul 01 07:57:36 PDT 2021,98,62,1
1625154261104,Thu Jul 01 08:44:21 PDT 2021,98,63,1
1625155625066,Thu Jul 01 09:07:05 PDT 2021,98,64,1
1625157959692,Thu Jul 01 09:45:59 PDT 2021,98,65,1
1625410568672,Sun Jul 04 07:56:08 PDT 2021,98,66,1
1625159494359,Thu Jul 01 10:11:34 PDT 2021,98,68,1
1625160011248,Thu Jul 01 10:20:11 PDT 2021,98,69,-1
1625159963708,Thu Jul 01 10:19:23 PDT 2021,98,70,1
1625162284687,Thu Jul 01 10:58:04 PDT 2021,98,71,-1
1625163541368,Thu Jul 01 11:19:01 PDT 2021,98,73,-1
1625164852788,Thu Jul 01 11:40:52 PDT 2021,98,74,0
1625163851735,Thu Jul 01 11:24:11 PDT 2021,98,80,-1
1625163966377,Thu Jul 01 11:26:06 PDT 2021,98,82,-1
1625164110010,Thu Jul 01 11:28:30 PDT 2021,98,83,-1
1625164408763,Thu Jul 01 11:33:28 PDT 2021,98,84,-1
1625164913813,Thu Jul 01 11:41:53 PDT 2021,98,85,-1
1625165385578,Thu Jul 01 11:49:45 PDT 2021,98,86,-1
1625166006058,Thu Jul 01 12:00:06 PDT 2021,98,90,-1
1625168438682,Thu Jul 01 12:40:38 PDT 2021,98,92,0
1625173838811,Thu Jul 01 14:10:38 PDT 2021,98,93,1
1625174435405,Thu Jul 01 14:20:35 PDT 2021,98,94,1
1625175003565,Thu Jul 01 14:30:03 PDT 2021,98,95,1
1625183081123,Thu Jul 01 16:44:41 PDT 2021,98,96,0
1625185471009,Thu Jul 01 17:24:31 PDT 2021,98,97,0
1626144806913,Mon Jul 12 19:53:26 PDT 2021,98,98,-1
1625189885511,Thu Jul 01 18:38:05 PDT 2021,98,99,1
1625190316847,Thu Jul 01 18:45:16 PDT 2021,98,100,1
1625191206537,Thu Jul 01 19:00:06 PDT 2021,98,101,1
1625199848258,Thu Jul 01 21:24:08 PDT 2021,98,102,0
1625238211292,Fri Jul 02 08:03:31 PDT 2021,98,103,0
1625241828880,Fri Jul 02 09:03:48 PDT 2021,98,104,1
1625241761592,Fri Jul 02 09:02:41 PDT 2021,98,106,1
1625245703648,Fri Jul 02 10:08:23 PDT 2021,98,107,1
1625266921235,Fri Jul 02 16:02:01 PDT 2021,98,111,1
1625276035484,Fri Jul 02 18:33:55 PDT 2021,98,112,1
1625295391118,Fri Jul 02 23:56:31 PDT 2021,98,115,1
1625320373941,Sat Jul 03 06:52:53 PDT 2021,98,116,0
1625329347782,Sat Jul 03 09:22:27 PDT 2021,98,118,0
1625333887025,Sat Jul 03 10:38:07 PDT 2021,98,119,1
1625364427392,Sat Jul 03 19:07:07 PDT 2021,98,121,-1
1625365317651,Sat Jul 03 19:21:57 PDT 2021,98,122,-1
1625365937612,Sat Jul 03 19:32:17 PDT 2021,98,123,1
1625374904771,Sat Jul 03 22:01:44 PDT 2021,98,124,1
1625383993266,Sun Jul 04 00:33:13 PDT 2021,98,125,1
1625410097212,Sun Jul 04 07:48:17 PDT 2021,98,126,1
1625413607421,Sun Jul 04 08:46:47 PDT 2021,98,127,0
1625424469026,Sun Jul 04 11:47:49 PDT 2021,98,131,1
1625428837990,Sun Jul 04 13:00:37 PDT 2021,98,132,1
1625435880177,Sun Jul 04 14:58:00 PDT 2021,98,135,1
1625436402940,Sun Jul 04 15:06:42 PDT 2021,98,136,1
1625437004497,Sun Jul 04 15:16:44 PDT 2021,98,137,1
1625452206973,Sun Jul 04 19:30:06 PDT 2021,98,141,1
1625454736204,Sun Jul 04 20:12:16 PDT 2021,98,142,1
1625460932264,Sun Jul 04 21:55:32 PDT 2021,98,144,1
1625461722344,Sun Jul 04 22:08:42 PDT 2021,98,145,1
1625461722464,Sun Jul 04 22:08:42 PDT 2021,98,145,1
1625495582308,Mon Jul 05 07:33:02 PDT 2021,98,147,1
1625528769035,Mon Jul 05 16:46:09 PDT 2021,98,148,0
1625593916297,Tue Jul 06 10:51:56 PDT 2021,98,151,1
1625602511868,Tue Jul 06 13:15:11 PDT 2021,98,152,1
1625598150368,Tue Jul 06 12:02:30 PDT 2021,98,153,1
1625611182380,Tue Jul 06 15:39:42 PDT 2021,98,155,1
1625627042999,Tue Jul 06 20:04:02 PDT 2021,98,156,1
1625635649426,Tue Jul 06 22:27:29 PDT 2021,98,157,1
1625672512451,Wed Jul 07 08:41:52 PDT 2021,98,159,1
1625672936332,Wed Jul 07 08:48:56 PDT 2021,98,160,0
1625674608956,Wed Jul 07 09:16:48 PDT 2021,98,161,1
1625675064958,Wed Jul 07 09:24:24 PDT 2021,98,162,0
1625676617106,Wed Jul 07 09:50:17 PDT 2021,98,163,1
1625677419194,Wed Jul 07 10:03:39 PDT 2021,98,165,0
1625678068017,Wed Jul 07 10:14:28 PDT 2021,98,166,1
1625677695387,Wed Jul 07 10:08:15 PDT 2021,98,167,1
1625693921310,Wed Jul 07 14:38:41 PDT 2021,98,173,1
1625694045123,Wed Jul 07 14:40:45 PDT 2021,98,174,1
1625694646726,Wed Jul 07 14:50:46 PDT 2021,98,177,1
1625696299298,Wed Jul 07 15:18:19 PDT 2021,98,180,1
1625696414959,Wed Jul 07 15:20:14 PDT 2021,98,181,1
1625698488869,Wed Jul 07 15:54:48 PDT 2021,98,183,1
1625699785949,Wed Jul 07 16:16:25 PDT 2021,98,184,1
1625699719376,Wed Jul 07 16:15:19 PDT 2021,98,186,1
1625700381266,Wed Jul 07 16:26:21 PDT 2021,98,187,1
1625700410669,Wed Jul 07 16:26:50 PDT 2021,98,188,1
1625702715429,Wed Jul 07 17:05:15 PDT 2021,98,189,-1
1625707122681,Wed Jul 07 18:18:42 PDT 2021,98,191,1
1625710014072,Wed Jul 07 19:06:54 PDT 2021,98,193,1
1625710635394,Wed Jul 07 19:17:15 PDT 2021,98,194,1
1625722795001,Wed Jul 07 22:39:55 PDT 2021,98,196,0
1625752692964,Thu Jul 08 06:58:12 PDT 2021,98,197,1
1625755932898,Thu Jul 08 07:52:12 PDT 2021,98,198,1
1625758752320,Thu Jul 08 08:39:12 PDT 2021,98,199,1
1625762800892,Thu Jul 08 09:46:40 PDT 2021,98,201,-1
1625763641770,Thu Jul 08 10:00:41 PDT 2021,98,203,1
1625770536204,Thu Jul 08 11:55:36 PDT 2021,98,205,1
1625772382402,Thu Jul 08 12:26:22 PDT 2021,98,206,1
1625781878118,Thu Jul 08 15:04:38 PDT 2021,98,207,1
1625784181818,Thu Jul 08 15:43:01 PDT 2021,98,208,1
1625786169544,Thu Jul 08 16:16:09 PDT 2021,98,209,1
1625796365095,Thu Jul 08 19:06:05 PDT 2021,98,212,1
1625844521059,Fri Jul 09 08:28:41 PDT 2021,98,215,1
1625855327222,Fri Jul 09 11:28:47 PDT 2021,98,217,1
1625863932606,Fri Jul 09 13:52:12 PDT 2021,98,218,1
1625868027537,Fri Jul 09 15:00:27 PDT 2021,98,219,1
1625921461129,Sat Jul 10 05:51:01 PDT 2021,98,223,1
1625922041860,Sat Jul 10 06:00:41 PDT 2021,98,224,1
1625926488492,Sat Jul 10 07:14:48 PDT 2021,98,225,-1
1625929261665,Sat Jul 10 08:01:01 PDT 2021,98,226,1
1625939599520,Sat Jul 10 10:53:19 PDT 2021,98,228,1
1625957572254,Sat Jul 10 15:52:52 PDT 2021,98,230,1
1625961453705,Sat Jul 10 16:57:33 PDT 2021,98,231,1
1625964484212,Sat Jul 10 17:48:04 PDT 2021,98,232,1
1625971350686,Sat Jul 10 19:42:30 PDT 2021,98,233,1
1625981980713,Sat Jul 10 22:39:40 PDT 2021,98,234,-1
1626012161863,Sun Jul 11 07:02:41 PDT 2021,98,236,1
1626015303832,Sun Jul 11 07:55:03 PDT 2021,98,237,1
1626015414210,Sun Jul 11 07:56:54 PDT 2021,98,238,1
1626016288472,Sun Jul 11 08:11:28 PDT 2021,98,239,-1
1626027302995,Sun Jul 11 11:15:02 PDT 2021,98,240,1
1626031499701,Sun Jul 11 12:24:59 PDT 2021,98,241,0
1626033184537,Sun Jul 11 12:53:04 PDT 2021,98,243,1
1626055849149,Sun Jul 11 19:10:49 PDT 2021,98,247,1
1626063056549,Sun Jul 11 21:10:56 PDT 2021,98,248,1
1626097124798,Mon Jul 12 06:38:44 PDT 2021,98,249,1
1626097105355,Mon Jul 12 06:38:25 PDT 2021,98,250,1
1626101216823,Mon Jul 12 07:46:56 PDT 2021,98,251,1
1626160184298,Tue Jul 13 00:09:44 PDT 2021,98,255,0
1626184230916,Tue Jul 13 06:50:30 PDT 2021,98,256,1
1626198014860,Tue Jul 13 10:40:14 PDT 2021,98,257,0
1626641005375,Sun Jul 18 13:43:25 PDT 2021,98,258,-1
1626213706647,Tue Jul 13 15:01:46 PDT 2021,98,260,1
1626215378262,Tue Jul 13 15:29:38 PDT 2021,98,261,1
1626218780904,Tue Jul 13 16:26:20 PDT 2021,98,262,1
1626220882016,Tue Jul 13 17:01:22 PDT 2021,98,263,-1
1626235455999,Tue Jul 13 21:04:15 PDT 2021,98,265,1
1626383531739,Thu Jul 15 14:12:11 PDT 2021,98,267,1
1626328219674,Wed Jul 14 22:50:19 PDT 2021,98,268,1
1626360593840,Thu Jul 15 07:49:53 PDT 2021,98,269,1
1626385590829,Thu Jul 15 14:46:30 PDT 2021,98,271,1
1626455473627,Fri Jul 16 10:11:13 PDT 2021,98,274,1
1626471814343,Fri Jul 16 14:43:34 PDT 2021,98,275,1
1626492853718,Fri Jul 16 20:34:13 PDT 2021,98,276,0
1626540645248,Sat Jul 17 09:50:45 PDT 2021,98,278,1
1626540425511,Sat Jul 17 09:47:05 PDT 2021,98,279,1
1626545208256,Sat Jul 17 11:06:48 PDT 2021,98,280,1
1626552314097,Sat Jul 17 13:05:14 PDT 2021,98,281,1
1626553288455,Sat Jul 17 13:21:28 PDT 2021,98,282,1
1626568033583,Sat Jul 17 17:27:13 PDT 2021,98,284,-1
1626578237300,Sat Jul 17 20:17:17 PDT 2021,98,285,1
1626584560350,Sat Jul 17 22:02:40 PDT 2021,98,286,1
1626712955458,Mon Jul 19 09:42:35 PDT 2021,98,288,1
1626716280259,Mon Jul 19 10:38:00 PDT 2021,98,290,1
1626719958531,Mon Jul 19 11:39:18 PDT 2021,98,291,1
1626724147498,Mon Jul 19 12:49:07 PDT 2021,98,292,-1
1626737577515,Mon Jul 19 16:32:57 PDT 2021,98,294,1
1626737577957,Mon Jul 19 16:32:57 PDT 2021,98,294,1
1626752212061,Mon Jul 19 20:36:52 PDT 2021,98,295,1
1626792082838,Tue Jul 20 07:41:22 PDT 2021,98,296,0
1626798687716,Tue Jul 20 09:31:27 PDT 2021,98,298,1
1626909248465,Wed Jul 21 16:14:08 PDT 2021,98,299,1
1626910749616,Wed Jul 21 16:39:09 PDT 2021,98,300,0
1627000920627,Thu Jul 22 17:42:00 PDT 2021,98,302,1
1627002468870,Thu Jul 22 18:07:48 PDT 2021,98,303,-1
1627007743031,Thu Jul 22 19:35:43 PDT 2021,98,304,1
1627009048715,Thu Jul 22 19:57:28 PDT 2021,98,305,1
1627082455503,Fri Jul 23 16:20:55 PDT 2021,98,308,1
1627083974436,Fri Jul 23 16:46:14 PDT 2021,98,309,-1
1627084994586,Fri Jul 23 17:03:14 PDT 2021,98,310,1
1627086486565,Fri Jul 23 17:28:06 PDT 2021,98,311,1
1627087963733,Fri Jul 23 17:52:43 PDT 2021,98,312,1
1627099928282,Fri Jul 23 21:12:08 PDT 2021,98,313,1
1627100756716,Fri Jul 23 21:25:56 PDT 2021,98,314,-1
1627101883874,Fri Jul 23 21:44:43 PDT 2021,98,315,1
1627162361518,Sat Jul 24 14:32:41 PDT 2021,98,317,1
1627187488085,Sat Jul 24 21:31:28 PDT 2021,98,318,-1
1627191564974,Sat Jul 24 22:39:24 PDT 2021,98,319,-1
1627404952748,Tue Jul 27 09:55:52 PDT 2021,98,321,1
1627407484377,Tue Jul 27 10:38:04 PDT 2021,98,322,0
1627414677889,Tue Jul 27 12:37:57 PDT 2021,98,325,1
1627697965662,Fri Jul 30 19:19:25 PDT 2021,98,326,1
1627439416265,Tue Jul 27 19:30:16 PDT 2021,98,327,1
1627451163871,Tue Jul 27 22:46:03 PDT 2021,98,328,1
1627501579282,Wed Jul 28 12:46:19 PDT 2021,98,332,1
1627503205663,Wed Jul 28 13:13:25 PDT 2021,98,334,1
1627505090739,Wed Jul 28 13:44:50 PDT 2021,98,337,0
1627505788836,Wed Jul 28 13:56:28 PDT 2021,98,339,1
1627508494574,Wed Jul 28 14:41:34 PDT 2021,98,343,1
1627509377821,Wed Jul 28 14:56:17 PDT 2021,98,345,0
1627514973917,Wed Jul 28 16:29:33 PDT 2021,98,348,1
1627522763909,Wed Jul 28 18:39:23 PDT 2021,98,353,1
1627521903328,Wed Jul 28 18:25:03 PDT 2021,98,356,1
1627529455110,Wed Jul 28 20:30:55 PDT 2021,98,357,-1
1627532190091,Wed Jul 28 21:16:30 PDT 2021,98,358,0
1627535381711,Wed Jul 28 22:09:41 PDT 2021,98,361,1
1627543212786,Thu Jul 29 00:20:12 PDT 2021,98,364,1
1627568294520,Thu Jul 29 07:18:14 PDT 2021,98,365,1
1627573431404,Thu Jul 29 08:43:51 PDT 2021,98,366,-1
1627578364510,Thu Jul 29 10:06:04 PDT 2021,98,368,1
1627577916150,Thu Jul 29 09:58:36 PDT 2021,98,369,1
1627586575545,Thu Jul 29 12:22:55 PDT 2021,98,373,1
1627595440652,Thu Jul 29 14:50:40 PDT 2021,98,375,1
1627607941299,Thu Jul 29 18:19:01 PDT 2021,98,376,1
1627613556029,Thu Jul 29 19:52:36 PDT 2021,98,378,1
1627655317059,Fri Jul 30 07:28:37 PDT 2021,98,380,1
1627656444822,Fri Jul 30 07:47:24 PDT 2021,98,381,1
1627663880633,Fri Jul 30 09:51:20 PDT 2021,98,382,1
1627666578127,Fri Jul 30 10:36:18 PDT 2021,98,384,1
1627676139782,Fri Jul 30 13:15:39 PDT 2021,98,386,0
1627675779690,Fri Jul 30 13:09:39 PDT 2021,98,387,0
1627681439043,Fri Jul 30 14:43:59 PDT 2021,98,388,1
1627681569601,Fri Jul 30 14:46:09 PDT 2021,98,389,1
1627684012817,Fri Jul 30 15:26:52 PDT 2021,98,391,1
1627685549217,Fri Jul 30 15:52:29 PDT 2021,98,393,0
1627686192165,Fri Jul 30 16:03:12 PDT 2021,98,394,1
1627690197330,Fri Jul 30 17:09:57 PDT 2021,98,395,0
1627702286456,Fri Jul 30 20:31:26 PDT 2021,98,396,0
1627752620401,Sat Jul 31 10:30:20 PDT 2021,98,398,1
1627759834916,Sat Jul 31 12:30:34 PDT 2021,98,400,1
1627769761285,Sat Jul 31 15:16:01 PDT 2021,98,401,1
1627771709933,Sat Jul 31 15:48:29 PDT 2021,98,402,-1
1627775456593,Sat Jul 31 16:50:56 PDT 2021,98,403,1
1627837911486,Sun Aug 01 10:11:51 PDT 2021,98,404,1
1625070663684,Wed Jun 30 09:31:03 PDT 2021,99,0,1
1625160891105,Thu Jul 01 10:34:51 PDT 2021,99,26,1
1625060777771,Wed Jun 30 06:46:17 PDT 2021,99,30,1
1625068317725,Wed Jun 30 08:51:57 PDT 2021,99,35,1
1625068779027,Wed Jun 30 08:59:39 PDT 2021,99,36,1
1625071432465,Wed Jun 30 09:43:52 PDT 2021,99,37,1
1625071880199,Wed Jun 30 09:51:20 PDT 2021,99,38,1
1625082260692,Wed Jun 30 12:44:20 PDT 2021,99,40,1
1625099277482,Wed Jun 30 17:27:57 PDT 2021,99,41,-1
1625085955803,Wed Jun 30 13:45:55 PDT 2021,99,42,1
1625089545633,Wed Jun 30 14:45:45 PDT 2021,99,43,1
1625092138970,Wed Jun 30 15:28:58 PDT 2021,99,44,1
1625092774651,Wed Jun 30 15:39:34 PDT 2021,99,45,1
1625094816835,Wed Jun 30 16:13:36 PDT 2021,99,46,-1
1625094967055,Wed Jun 30 16:16:07 PDT 2021,99,47,1
1625095825439,Wed Jun 30 16:30:25 PDT 2021,99,48,1
1625098935571,Wed Jun 30 17:22:15 PDT 2021,99,50,1
1625100945441,Wed Jun 30 17:55:45 PDT 2021,99,52,1
1625101609761,Wed Jun 30 18:06:49 PDT 2021,99,53,-1
1625101306925,Wed Jun 30 18:01:46 PDT 2021,99,54,1
1625108162513,Wed Jun 30 19:56:02 PDT 2021,99,55,1
1625112151206,Wed Jun 30 21:02:31 PDT 2021,99,56,1
1625116016109,Wed Jun 30 22:06:56 PDT 2021,99,57,0
1625117413170,Wed Jun 30 22:30:13 PDT 2021,99,58,1
1625118119030,Wed Jun 30 22:41:59 PDT 2021,99,59,1
1625120657255,Wed Jun 30 23:24:17 PDT 2021,99,60,1
1625150757576,Thu Jul 01 07:45:57 PDT 2021,99,61,1
1625151134062,Thu Jul 01 07:52:14 PDT 2021,99,62,0
1625153823469,Thu Jul 01 08:37:03 PDT 2021,99,63,1
1625155380411,Thu Jul 01 09:03:00 PDT 2021,99,64,-1
1625157972291,Thu Jul 01 09:46:12 PDT 2021,99,65,1
1625410275589,Sun Jul 04 07:51:15 PDT 2021,99,66,1
1625159892291,Thu Jul 01 10:18:12 PDT 2021,99,68,1
1625160091316,Thu Jul 01 10:21:31 PDT 2021,99,69,1
1625160203690,Thu Jul 01 10:23:23 PDT 2021,99,70,1
1625162363757,Thu Jul 01 10:59:23 PDT 2021,99,71,0
1625163562808,Thu Jul 01 11:19:22 PDT 2021,99,73,-1
1625163877099,Thu Jul 01 11:24:37 PDT 2021,99,74,0
1625163889033,Thu Jul 01 11:24:49 PDT 2021,99,80,-1
1625163958891,Thu Jul 01 11:25:58 PDT 2021,99,82,-1
1625164201946,Thu Jul 01 11:30:01 PDT 2021,99,83,-1
1625164403893,Thu Jul 01 11:33:23 PDT 2021,99,84,-1
1625165004395,Thu Jul 01 11:43:24 PDT 2021,99,85,-1
1625165388139,Thu Jul 01 11:49:48 PDT 2021,99,86,-1
1625168136462,Thu Jul 01 12:35:36 PDT 2021,99,92,1
1625173472216,Thu Jul 01 14:04:32 PDT 2021,99,93,1
1625174916368,Thu Jul 01 14:28:36 PDT 2021,99,94,0
1625174939136,Thu Jul 01 14:28:59 PDT 2021,99,95,1
1625182678125,Thu Jul 01 16:37:58 PDT 2021,99,96,0
1626142554438,Mon Jul 12 19:15:54 PDT 2021,99,98,0
1625189998975,Thu Jul 01 18:39:58 PDT 2021,99,99,0
1625190683128,Thu Jul 01 18:51:23 PDT 2021,99,100,1
1625190809965,Thu Jul 01 18:53:29 PDT 2021,99,101,1
1625199693884,Thu Jul 01 21:21:33 PDT 2021,99,102,-1
1625238049226,Fri Jul 02 08:00:49 PDT 2021,99,103,-1
1625241824150,Fri Jul 02 09:03:44 PDT 2021,99,104,1
1625241782806,Fri Jul 02 09:03:02 PDT 2021,99,105,1
1625241877894,Fri Jul 02 09:04:37 PDT 2021,99,106,-1
1625245574281,Fri Jul 02 10:06:14 PDT 2021,99,107,1
1625251738075,Fri Jul 02 11:48:58 PDT 2021,99,108,1
1625266413732,Fri Jul 02 15:53:33 PDT 2021,99,111,1
1625275529370,Fri Jul 02 18:25:29 PDT 2021,99,112,1
1625281789708,Fri Jul 02 20:09:49 PDT 2021,99,113,0
1625295632441,Sat Jul 03 00:00:32 PDT 2021,99,115,1
1625320354662,Sat Jul 03 06:52:34 PDT 2021,99,116,0
1625329518468,Sat Jul 03 09:25:18 PDT 2021,99,118,-1
1625333799122,Sat Jul 03 10:36:39 PDT 2021,99,119,1
1625361863012,Sat Jul 03 18:24:23 PDT 2021,99,120,0
1625364849292,Sat Jul 03 19:14:09 PDT 2021,99,121,-1
1625365444961,Sat Jul 03 19:24:04 PDT 2021,99,122,-1
1625366334672,Sat Jul 03 19:38:54 PDT 2021,99,123,1
1625374968822,Sat Jul 03 22:02:48 PDT 2021,99,124,1
1625410296487,Sun Jul 04 07:51:36 PDT 2021,99,126,1
1625413518750,Sun Jul 04 08:45:18 PDT 2021,99,127,1
1625424209585,Sun Jul 04 11:43:29 PDT 2021,99,131,1
1625429022702,Sun Jul 04 13:03:42 PDT 2021,99,132,1
1625435131210,Sun Jul 04 14:45:31 PDT 2021,99,135,1
1625436380349,Sun Jul 04 15:06:20 PDT 2021,99,136,1
1625436793438,Sun Jul 04 15:13:13 PDT 2021,99,137,1
1625452059638,Sun Jul 04 19:27:39 PDT 2021,99,141,1
1625454524836,Sun Jul 04 20:08:44 PDT 2021,99,142,1
1625461730018,Sun Jul 04 22:08:50 PDT 2021,99,145,1
1625496349417,Mon Jul 05 07:45:49 PDT 2021,99,147,1
1625528614394,Mon Jul 05 16:43:34 PDT 2021,99,148,0
1625593716148,Tue Jul 06 10:48:36 PDT 2021,99,151,1
1625602807595,Tue Jul 06 13:20:07 PDT 2021,99,152,1
1625613425883,Tue Jul 06 16:17:05 PDT 2021,99,153,1
1625601358402,Tue Jul 06 12:55:58 PDT 2021,99,154,1
1625611265057,Tue Jul 06 15:41:05 PDT 2021,99,155,1
1625626968942,Tue Jul 06 20:02:48 PDT 2021,99,156,1
1625635693854,Tue Jul 06 22:28:13 PDT 2021,99,157,1
1625672682235,Wed Jul 07 08:44:42 PDT 2021,99,160,0
1625674738816,Wed Jul 07 09:18:58 PDT 2021,99,161,1
1625674931003,Wed Jul 07 09:22:11 PDT 2021,99,162,1
1625676482425,Wed Jul 07 09:48:02 PDT 2021,99,163,1
1625677990472,Wed Jul 07 10:13:10 PDT 2021,99,166,1
1625686264754,Wed Jul 07 12:31:04 PDT 2021,99,170,0
1625693470466,Wed Jul 07 14:31:10 PDT 2021,99,173,0
1625694032445,Wed Jul 07 14:40:32 PDT 2021,99,174,1
1625694505504,Wed Jul 07 14:48:25 PDT 2021,99,176,1
1625694492551,Wed Jul 07 14:48:12 PDT 2021,99,177,1
1625695440808,Wed Jul 07 15:04:00 PDT 2021,99,178,1
1625696546741,Wed Jul 07 15:22:26 PDT 2021,99,180,1
1625696437159,Wed Jul 07 15:20:37 PDT 2021,99,181,1
1625697176753,Wed Jul 07 15:32:56 PDT 2021,99,182,1
1625697834542,Wed Jul 07 15:43:54 PDT 2021,99,183,0
1625699648143,Wed Jul 07 16:14:08 PDT 2021,99,184,1
1625699751860,Wed Jul 07 16:15:51 PDT 2021,99,186,1
1625700564939,Wed Jul 07 16:29:24 PDT 2021,99,187,1
1625700496812,Wed Jul 07 16:28:16 PDT 2021,99,188,1
1625702620612,Wed Jul 07 17:03:40 PDT 2021,99,189,-1
1625709569716,Wed Jul 07 18:59:29 PDT 2021,99,191,1
1625709805247,Wed Jul 07 19:03:25 PDT 2021,99,193,1
1625710462297,Wed Jul 07 19:14:22 PDT 2021,99,194,1
1625714498264,Wed Jul 07 20:21:38 PDT 2021,99,195,1
1625722824401,Wed Jul 07 22:40:24 PDT 2021,99,196,1
1625752814260,Thu Jul 08 07:00:14 PDT 2021,99,197,1
1625755424092,Thu Jul 08 07:43:44 PDT 2021,99,198,1
1625759291824,Thu Jul 08 08:48:11 PDT 2021,99,199,1
1625762414152,Thu Jul 08 09:40:14 PDT 2021,99,201,-1
1625763429760,Thu Jul 08 09:57:09 PDT 2021,99,203,1
1625770261236,Thu Jul 08 11:51:01 PDT 2021,99,205,1
1625772312757,Thu Jul 08 12:25:12 PDT 2021,99,206,1
1625782014164,Thu Jul 08 15:06:54 PDT 2021,99,207,1
1625784141452,Thu Jul 08 15:42:21 PDT 2021,99,208,1
1625786421418,Thu Jul 08 16:20:21 PDT 2021,99,209,1
1625788590957,Thu Jul 08 16:56:30 PDT 2021,99,210,1
1625796329451,Thu Jul 08 19:05:29 PDT 2021,99,212,1
1625805492139,Thu Jul 08 21:38:12 PDT 2021,99,214,-1
1625844684519,Fri Jul 09 08:31:24 PDT 2021,99,215,1
1625855448742,Fri Jul 09 11:30:48 PDT 2021,99,217,1
1625863285486,Fri Jul 09 13:41:25 PDT 2021,99,218,1
1625867975211,Fri Jul 09 14:59:35 PDT 2021,99,219,1
1625921084975,Sat Jul 10 05:44:44 PDT 2021,99,223,1
1625922124790,Sat Jul 10 06:02:04 PDT 2021,99,224,1
1625926595290,Sat Jul 10 07:16:35 PDT 2021,99,225,-1
1625929415876,Sat Jul 10 08:03:35 PDT 2021,99,226,1
1625932578869,Sat Jul 10 08:56:18 PDT 2021,99,227,0
1625939730865,Sat Jul 10 10:55:30 PDT 2021,99,228,1
1625961470792,Sat Jul 10 16:57:50 PDT 2021,99,231,1
1625964561251,Sat Jul 10 17:49:21 PDT 2021,99,232,0
1625971311457,Sat Jul 10 19:41:51 PDT 2021,99,233,1
1625982064454,Sat Jul 10 22:41:04 PDT 2021,99,234,1
1626011621022,Sun Jul 11 06:53:41 PDT 2021,99,236,0
1626015296187,Sun Jul 11 07:54:56 PDT 2021,99,237,1
1626015313792,Sun Jul 11 07:55:13 PDT 2021,99,238,1
1626018448052,Sun Jul 11 08:47:28 PDT 2021,99,239,-1
1626027255997,Sun Jul 11 11:14:15 PDT 2021,99,240,1
1626029783836,Sun Jul 11 11:56:23 PDT 2021,99,241,1
1626033708848,Sun Jul 11 13:01:48 PDT 2021,99,243,1
1626055711902,Sun Jul 11 19:08:31 PDT 2021,99,247,1
1626062853818,Sun Jul 11 21:07:33 PDT 2021,99,248,1
1626097181845,Mon Jul 12 06:39:41 PDT 2021,99,249,1
1626097364838,Mon Jul 12 06:42:44 PDT 2021,99,250,1
1626100639186,Mon Jul 12 07:37:19 PDT 2021,99,251,0
1626160176298,Tue Jul 13 00:09:36 PDT 2021,99,255,1
1626184302117,Tue Jul 13 06:51:42 PDT 2021,99,256,1
1626197984602,Tue Jul 13 10:39:44 PDT 2021,99,257,0
1626641099363,Sun Jul 18 13:44:59 PDT 2021,99,258,-1
1626214041881,Tue Jul 13 15:07:21 PDT 2021,99,260,1
1626220705197,Tue Jul 13 16:58:25 PDT 2021,99,263,1
1626234594759,Tue Jul 13 20:49:54 PDT 2021,99,264,0
1626235376648,Tue Jul 13 21:02:56 PDT 2021,99,265,1
1626383345826,Thu Jul 15 14:09:05 PDT 2021,99,267,1
1626386262103,Thu Jul 15 14:57:42 PDT 2021,99,271,1
1626455312246,Fri Jul 16 10:08:32 PDT 2021,99,274,1
1626471126352,Fri Jul 16 14:32:06 PDT 2021,99,275,1
1626492832112,Fri Jul 16 20:33:52 PDT 2021,99,276,-1
1626540861398,Sat Jul 17 09:54:21 PDT 2021,99,278,1
1626540585360,Sat Jul 17 09:49:45 PDT 2021,99,279,1
1626545078536,Sat Jul 17 11:04:38 PDT 2021,99,280,-1
1626552207208,Sat Jul 17 13:03:27 PDT 2021,99,281,1
1626553512465,Sat Jul 17 13:25:12 PDT 2021,99,282,1
1626568217300,Sat Jul 17 17:30:17 PDT 2021,99,284,-1
1626578249655,Sat Jul 17 20:17:29 PDT 2021,99,285,1
1626584570253,Sat Jul 17 22:02:50 PDT 2021,99,286,1
1626712959184,Mon Jul 19 09:42:39 PDT 2021,99,288,1
1626716379257,Mon Jul 19 10:39:39 PDT 2021,99,290,1
1626719798381,Mon Jul 19 11:36:38 PDT 2021,99,291,1
1626723971530,Mon Jul 19 12:46:11 PDT 2021,99,292,0
1626737762597,Mon Jul 19 16:36:02 PDT 2021,99,294,1
1626751876370,Mon Jul 19 20:31:16 PDT 2021,99,295,1
1626791909574,Tue Jul 20 07:38:29 PDT 2021,99,296,1
1626798629532,Tue Jul 20 09:30:29 PDT 2021,99,298,1
1626908436690,Wed Jul 21 16:00:36 PDT 2021,99,299,1
1626965114750,Thu Jul 22 07:45:14 PDT 2021,99,300,1
1626919255206,Wed Jul 21 19:00:55 PDT 2021,99,301,1
1627001205836,Thu Jul 22 17:46:45 PDT 2021,99,302,1
1627002297341,Thu Jul 22 18:04:57 PDT 2021,99,303,-1
1627008708982,Thu Jul 22 19:51:48 PDT 2021,99,305,-1
1627082491318,Fri Jul 23 16:21:31 PDT 2021,99,308,1
1627084042917,Fri Jul 23 16:47:22 PDT 2021,99,309,-1
1627085053477,Fri Jul 23 17:04:13 PDT 2021,99,310,1
1627086971302,Fri Jul 23 17:36:11 PDT 2021,99,311,-1
1627088247702,Fri Jul 23 17:57:27 PDT 2021,99,312,-1
1627099979736,Fri Jul 23 21:12:59 PDT 2021,99,313,-1
1627100571642,Fri Jul 23 21:22:51 PDT 2021,99,314,-1
1627101850130,Fri Jul 23 21:44:10 PDT 2021,99,315,-1
1627131549803,Sat Jul 24 05:59:09 PDT 2021,99,316,0
1627163041751,Sat Jul 24 14:44:01 PDT 2021,99,317,1
1627187007929,Sat Jul 24 21:23:27 PDT 2021,99,318,-1
1627191689455,Sat Jul 24 22:41:29 PDT 2021,99,319,-1
1627407319795,Tue Jul 27 10:35:19 PDT 2021,99,322,-1
1627414673798,Tue Jul 27 12:37:53 PDT 2021,99,325,1
1627426222603,Tue Jul 27 15:50:22 PDT 2021,99,326,1
1627439281546,Tue Jul 27 19:28:01 PDT 2021,99,327,1
1627451142776,Tue Jul 27 22:45:42 PDT 2021,99,328,1
1627451457392,Tue Jul 27 22:50:57 PDT 2021,99,329,-1
1627502636603,Wed Jul 28 13:03:56 PDT 2021,99,332,-1
1627503191739,Wed Jul 28 13:13:11 PDT 2021,99,334,-1
1627504831123,Wed Jul 28 13:40:31 PDT 2021,99,337,-1
1627505478440,Wed Jul 28 13:51:18 PDT 2021,99,339,1
1627506090049,Wed Jul 28 14:01:30 PDT 2021,99,340,-1
1627506688863,Wed Jul 28 14:11:28 PDT 2021,99,341,1
1627508571143,Wed Jul 28 14:42:51 PDT 2021,99,343,-1
1627508885537,Wed Jul 28 14:48:05 PDT 2021,99,345,0
1627509905720,Wed Jul 28 15:05:05 PDT 2021,99,346,1
1627570927593,Thu Jul 29 08:02:07 PDT 2021,99,347,1
1627515113440,Wed Jul 28 16:31:53 PDT 2021,99,348,1
1627515371272,Wed Jul 28 16:36:11 PDT 2021,99,350,1
1627517990193,Wed Jul 28 17:19:50 PDT 2021,99,352,1
1627523636508,Wed Jul 28 18:53:56 PDT 2021,99,353,1
1627521640805,Wed Jul 28 18:20:40 PDT 2021,99,356,1
1627529390660,Wed Jul 28 20:29:50 PDT 2021,99,357,-1
1627531591533,Wed Jul 28 21:06:31 PDT 2021,99,358,-1
1627532147565,Wed Jul 28 21:15:47 PDT 2021,99,359,1
1627535092824,Wed Jul 28 22:04:52 PDT 2021,99,361,1
1627543006741,Thu Jul 29 00:16:46 PDT 2021,99,364,1
1627573623701,Thu Jul 29 08:47:03 PDT 2021,99,366,-1
1627578168618,Thu Jul 29 10:02:48 PDT 2021,99,368,1
1627583158433,Thu Jul 29 11:25:58 PDT 2021,99,369,-1
1627583744432,Thu Jul 29 11:35:44 PDT 2021,99,371,-1
1627586437866,Thu Jul 29 12:20:37 PDT 2021,99,373,1
1627607877971,Thu Jul 29 18:17:57 PDT 2021,99,376,1
1627611866484,Thu Jul 29 19:24:26 PDT 2021,99,377,1
1627613550688,Thu Jul 29 19:52:30 PDT 2021,99,378,1
1627617996039,Thu Jul 29 21:06:36 PDT 2021,99,379,1
1627655954929,Fri Jul 30 07:39:14 PDT 2021,99,380,1
1627656361118,Fri Jul 30 07:46:01 PDT 2021,99,381,1
1627663718174,Fri Jul 30 09:48:38 PDT 2021,99,382,0
1627666599667,Fri Jul 30 10:36:39 PDT 2021,99,384,1
1627675754944,Fri Jul 30 13:09:14 PDT 2021,99,386,1
1627680255294,Fri Jul 30 14:24:15 PDT 2021,99,388,1
1627681936501,Fri Jul 30 14:52:16 PDT 2021,99,389,1
1627685374683,Fri Jul 30 15:49:34 PDT 2021,99,393,-1
1627686146305,Fri Jul 30 16:02:26 PDT 2021,99,394,-1
1627689883231,Fri Jul 30 17:04:43 PDT 2021,99,395,-1
1627702296620,Fri Jul 30 20:31:36 PDT 2021,99,396,0
1627752435005,Sat Jul 31 10:27:15 PDT 2021,99,397,1
1627752577714,Sat Jul 31 10:29:37 PDT 2021,99,398,-1
1627760003912,Sat Jul 31 12:33:23 PDT 2021,99,400,1
1627769667512,Sat Jul 31 15:14:27 PDT 2021,99,401,1
1627771776910,Sat Jul 31 15:49:36 PDT 2021,99,402,-1
1627775431307,Sat Jul 31 16:50:31 PDT 2021,99,403,1
1627837689758,Sun Aug 01 10:08:09 PDT 2021,99,404,0
1625070679064,Wed Jun 30 09:31:19 PDT 2021,100,0,1
1625600434328,Tue Jul 06 12:40:34 PDT 2021,100,12,1
1625160817824,Thu Jul 01 10:33:37 PDT 2021,100,26,1
1625068554295,Wed Jun 30 08:55:54 PDT 2021,100,35,1
1625068485516,Wed Jun 30 08:54:45 PDT 2021,100,36,1
1625071488099,Wed Jun 30 09:44:48 PDT 2021,100,37,1
1625071926051,Wed Jun 30 09:52:06 PDT 2021,100,38,1
1625082199306,Wed Jun 30 12:43:19 PDT 2021,100,40,1
1625099025324,Wed Jun 30 17:23:45 PDT 2021,100,41,1
1625085965960,Wed Jun 30 13:46:05 PDT 2021,100,42,1
1625089411952,Wed Jun 30 14:43:31 PDT 2021,100,43,1
1625092194401,Wed Jun 30 15:29:54 PDT 2021,100,44,1
1625092797643,Wed Jun 30 15:39:57 PDT 2021,100,45,1
1625094828964,Wed Jun 30 16:13:48 PDT 2021,100,46,1
1625094990838,Wed Jun 30 16:16:30 PDT 2021,100,47,1
1625095880822,Wed Jun 30 16:31:20 PDT 2021,100,48,1
1625098991975,Wed Jun 30 17:23:11 PDT 2021,100,50,1
1625101009077,Wed Jun 30 17:56:49 PDT 2021,100,51,1
1625101278316,Wed Jun 30 18:01:18 PDT 2021,100,52,1
1625101561569,Wed Jun 30 18:06:01 PDT 2021,100,53,1
1625101591306,Wed Jun 30 18:06:31 PDT 2021,100,54,1
1625107911354,Wed Jun 30 19:51:51 PDT 2021,100,55,1
1625112320940,Wed Jun 30 21:05:20 PDT 2021,100,56,1
1625116410255,Wed Jun 30 22:13:30 PDT 2021,100,57,1
1625117548866,Wed Jun 30 22:32:28 PDT 2021,100,58,1
1625117896091,Wed Jun 30 22:38:16 PDT 2021,100,59,1
1625120697674,Wed Jun 30 23:24:57 PDT 2021,100,60,1
1625149996198,Thu Jul 01 07:33:16 PDT 2021,100,61,1
1625151288764,Thu Jul 01 07:54:48 PDT 2021,100,62,1
1625154076859,Thu Jul 01 08:41:16 PDT 2021,100,63,1
1625155586774,Thu Jul 01 09:06:26 PDT 2021,100,64,1
1625157837586,Thu Jul 01 09:43:57 PDT 2021,100,65,1
1625410096761,Sun Jul 04 07:48:16 PDT 2021,100,66,1
1625159427513,Thu Jul 01 10:10:27 PDT 2021,100,68,1
1625160114402,Thu Jul 01 10:21:54 PDT 2021,100,69,1
1625160133856,Thu Jul 01 10:22:13 PDT 2021,100,70,1
1625162372522,Thu Jul 01 10:59:32 PDT 2021,100,71,-1
1625163574657,Thu Jul 01 11:19:34 PDT 2021,100,73,-1
1625164441525,Thu Jul 01 11:34:01 PDT 2021,100,74,0
1625163825081,Thu Jul 01 11:23:45 PDT 2021,100,79,-1
1625164225410,Thu Jul 01 11:30:25 PDT 2021,100,83,-1
1625164973961,Thu Jul 01 11:42:53 PDT 2021,100,85,-1
1625165343278,Thu Jul 01 11:49:03 PDT 2021,100,86,-1
1625165642208,Thu Jul 01 11:54:02 PDT 2021,100,87,-1
1625168389603,Thu Jul 01 12:39:49 PDT 2021,100,92,1
1625173652403,Thu Jul 01 14:07:32 PDT 2021,100,93,1
1625174960025,Thu Jul 01 14:29:20 PDT 2021,100,94,-1
1625174968259,Thu Jul 01 14:29:28 PDT 2021,100,95,1
1625182821527,Thu Jul 01 16:40:21 PDT 2021,100,96,1
1626143235344,Mon Jul 12 19:27:15 PDT 2021,100,98,1
1625190170508,Thu Jul 01 18:42:50 PDT 2021,100,100,1
1625191005636,Thu Jul 01 18:56:45 PDT 2021,100,101,1
1625199639567,Thu Jul 01 21:20:39 PDT 2021,100,102,1
1625238194345,Fri Jul 02 08:03:14 PDT 2021,100,103,1
1625241370556,Fri Jul 02 08:56:10 PDT 2021,100,104,1
1625241807077,Fri Jul 02 09:03:27 PDT 2021,100,105,1
1625242178877,Fri Jul 02 09:09:38 PDT 2021,100,106,1
1625246294630,Fri Jul 02 10:18:14 PDT 2021,100,107,1
1625251424760,Fri Jul 02 11:43:44 PDT 2021,100,108,1
1625266174085,Fri Jul 02 15:49:34 PDT 2021,100,111,1
1625275182409,Fri Jul 02 18:19:42 PDT 2021,100,112,1
1625281770067,Fri Jul 02 20:09:30 PDT 2021,100,113,0
1625329432735,Sat Jul 03 09:23:52 PDT 2021,100,118,1
1625333685766,Sat Jul 03 10:34:45 PDT 2021,100,119,1
1625361780380,Sat Jul 03 18:23:00 PDT 2021,100,120,1
1625364706339,Sat Jul 03 19:11:46 PDT 2021,100,121,-1
1625365331570,Sat Jul 03 19:22:11 PDT 2021,100,122,1
1625365971477,Sat Jul 03 19:32:51 PDT 2021,100,123,0
1625374911280,Sat Jul 03 22:01:51 PDT 2021,100,124,1
1625410089427,Sun Jul 04 07:48:09 PDT 2021,100,126,1
1625414391895,Sun Jul 04 08:59:51 PDT 2021,100,127,1
1625424412369,Sun Jul 04 11:46:52 PDT 2021,100,131,1
1625429083468,Sun Jul 04 13:04:43 PDT 2021,100,132,1
1625435275083,Sun Jul 04 14:47:55 PDT 2021,100,135,1
1625436595125,Sun Jul 04 15:09:55 PDT 2021,100,136,1
1625436879145,Sun Jul 04 15:14:39 PDT 2021,100,137,1
1625452135539,Sun Jul 04 19:28:55 PDT 2021,100,141,1
1625461120756,Sun Jul 04 21:58:40 PDT 2021,100,144,1
1625462562391,Sun Jul 04 22:22:42 PDT 2021,100,145,1
1625496159219,Mon Jul 05 07:42:39 PDT 2021,100,147,1
1625593657826,Tue Jul 06 10:47:37 PDT 2021,100,151,1
1625602743682,Tue Jul 06 13:19:03 PDT 2021,100,152,1
1625597952868,Tue Jul 06 11:59:12 PDT 2021,100,153,1
1625611239943,Tue Jul 06 15:40:39 PDT 2021,100,155,1
1625627130310,Tue Jul 06 20:05:30 PDT 2021,100,156,1
1625635807906,Tue Jul 06 22:30:07 PDT 2021,100,157,1
1625672874944,Wed Jul 07 08:47:54 PDT 2021,100,160,1
1625674549552,Wed Jul 07 09:15:49 PDT 2021,100,161,1
1625675082835,Wed Jul 07 09:24:42 PDT 2021,100,162,1
1625676388370,Wed Jul 07 09:46:28 PDT 2021,100,163,1
1625678372216,Wed Jul 07 10:19:32 PDT 2021,100,166,1
1625677831351,Wed Jul 07 10:10:31 PDT 2021,100,168,0
1625677831456,Wed Jul 07 10:10:31 PDT 2021,100,168,0
1625693830468,Wed Jul 07 14:37:10 PDT 2021,100,173,1
1625694277905,Wed Jul 07 14:44:37 PDT 2021,100,174,1
1625694716142,Wed Jul 07 14:51:56 PDT 2021,100,176,0
1625695710268,Wed Jul 07 15:08:30 PDT 2021,100,178,1
1625696406605,Wed Jul 07 15:20:06 PDT 2021,100,180,1
1625696433978,Wed Jul 07 15:20:33 PDT 2021,100,181,1
1625698686376,Wed Jul 07 15:58:06 PDT 2021,100,183,0
1625699318722,Wed Jul 07 16:08:38 PDT 2021,100,184,1
1625700027939,Wed Jul 07 16:20:27 PDT 2021,100,186,1
1625700273503,Wed Jul 07 16:24:33 PDT 2021,100,187,1
1625700829080,Wed Jul 07 16:33:49 PDT 2021,100,188,1
1625702542469,Wed Jul 07 17:02:22 PDT 2021,100,189,-1
1625709559429,Wed Jul 07 18:59:19 PDT 2021,100,191,1
1625710117067,Wed Jul 07 19:08:37 PDT 2021,100,193,1
1625710168606,Wed Jul 07 19:09:28 PDT 2021,100,194,1
1625714373127,Wed Jul 07 20:19:33 PDT 2021,100,195,1
1625722979599,Wed Jul 07 22:42:59 PDT 2021,100,196,1
1625752591336,Thu Jul 08 06:56:31 PDT 2021,100,197,1
1625755458241,Thu Jul 08 07:44:18 PDT 2021,100,198,1
1625759436158,Thu Jul 08 08:50:36 PDT 2021,100,199,1
1625760130208,Thu Jul 08 09:02:10 PDT 2021,100,200,1
1625762349256,Thu Jul 08 09:39:09 PDT 2021,100,201,-1
1625763458373,Thu Jul 08 09:57:38 PDT 2021,100,203,1
1625770612166,Thu Jul 08 11:56:52 PDT 2021,100,205,1
1625772395762,Thu Jul 08 12:26:35 PDT 2021,100,206,1
1625782211320,Thu Jul 08 15:10:11 PDT 2021,100,207,1
1625783619227,Thu Jul 08 15:33:39 PDT 2021,100,208,1
1625786195842,Thu Jul 08 16:16:35 PDT 2021,100,209,1
1625787368289,Thu Jul 08 16:36:08 PDT 2021,100,210,1
1625805452546,Thu Jul 08 21:37:32 PDT 2021,100,214,1
1625845142727,Fri Jul 09 08:39:02 PDT 2021,100,215,1
1625855742021,Fri Jul 09 11:35:42 PDT 2021,100,217,1
1625864337316,Fri Jul 09 13:58:57 PDT 2021,100,218,1
1625868172769,Fri Jul 09 15:02:52 PDT 2021,100,219,1
1625921603630,Sat Jul 10 05:53:23 PDT 2021,100,223,1
1625922172755,Sat Jul 10 06:02:52 PDT 2021,100,224,1
1625929706539,Sat Jul 10 08:08:26 PDT 2021,100,226,1
1625937451948,Sat Jul 10 10:17:31 PDT 2021,100,227,1
1625939677314,Sat Jul 10 10:54:37 PDT 2021,100,228,1
1625957581827,Sat Jul 10 15:53:01 PDT 2021,100,230,0
1625961647707,Sat Jul 10 17:00:47 PDT 2021,100,231,1
1625964316893,Sat Jul 10 17:45:16 PDT 2021,100,232,1
1625971718964,Sat Jul 10 19:48:38 PDT 2021,100,233,1
1625982263758,Sat Jul 10 22:44:23 PDT 2021,100,234,1
1626011480659,Sun Jul 11 06:51:20 PDT 2021,100,236,1
1626014994937,Sun Jul 11 07:49:54 PDT 2021,100,237,1
1626015104327,Sun Jul 11 07:51:44 PDT 2021,100,238,1
1626018416105,Sun Jul 11 08:46:56 PDT 2021,100,239,0
1626027319460,Sun Jul 11 11:15:19 PDT 2021,100,240,1
1626029806754,Sun Jul 11 11:56:46 PDT 2021,100,241,1
1626033838304,Sun Jul 11 13:03:58 PDT 2021,100,243,1
1626055830576,Sun Jul 11 19:10:30 PDT 2021,100,247,1
1626063397920,Sun Jul 11 21:16:37 PDT 2021,100,248,1
1626097030536,Mon Jul 12 06:37:10 PDT 2021,100,249,1
1626097138745,Mon Jul 12 06:38:58 PDT 2021,100,250,1
1626101092589,Mon Jul 12 07:44:52 PDT 2021,100,251,1
1626160451545,Tue Jul 13 00:14:11 PDT 2021,100,255,-1
1626184718118,Tue Jul 13 06:58:38 PDT 2021,100,256,1
1626198085470,Tue Jul 13 10:41:25 PDT 2021,100,257,1
1626214147395,Tue Jul 13 15:09:07 PDT 2021,100,260,1
1626215337671,Tue Jul 13 15:28:57 PDT 2021,100,261,1
1626218721276,Tue Jul 13 16:25:21 PDT 2021,100,262,1
1626220906243,Tue Jul 13 17:01:46 PDT 2021,100,263,1
1626234569433,Tue Jul 13 20:49:29 PDT 2021,100,264,1
1626298164787,Wed Jul 14 14:29:24 PDT 2021,100,265,1
1626383518824,Thu Jul 15 14:11:58 PDT 2021,100,267,1
1626360830537,Thu Jul 15 07:53:50 PDT 2021,100,269,1
1626386293619,Thu Jul 15 14:58:13 PDT 2021,100,271,1
1626455317614,Fri Jul 16 10:08:37 PDT 2021,100,274,1
1626471845065,Fri Jul 16 14:44:05 PDT 2021,100,275,1
1626492653508,Fri Jul 16 20:30:53 PDT 2021,100,276,1
1626540888226,Sat Jul 17 09:54:48 PDT 2021,100,278,1
1626540446160,Sat Jul 17 09:47:26 PDT 2021,100,279,1
1626545192193,Sat Jul 17 11:06:32 PDT 2021,100,280,1
1626552307615,Sat Jul 17 13:05:07 PDT 2021,100,281,1
1626553697817,Sat Jul 17 13:28:17 PDT 2021,100,282,1
1626568293000,Sat Jul 17 17:31:33 PDT 2021,100,284,1
1626584653294,Sat Jul 17 22:04:13 PDT 2021,100,286,1
1626712914665,Mon Jul 19 09:41:54 PDT 2021,100,288,1
1626716409413,Mon Jul 19 10:40:09 PDT 2021,100,290,1
1626720532973,Mon Jul 19 11:48:52 PDT 2021,100,291,1
1626724114990,Mon Jul 19 12:48:34 PDT 2021,100,292,0
1626737524798,Mon Jul 19 16:32:04 PDT 2021,100,294,-1
1626752199113,Mon Jul 19 20:36:39 PDT 2021,100,295,0
1626791858171,Tue Jul 20 07:37:38 PDT 2021,100,296,1
1626798908933,Tue Jul 20 09:35:08 PDT 2021,100,298,1
1626909370218,Wed Jul 21 16:16:10 PDT 2021,100,299,-1
1626965259177,Thu Jul 22 07:47:39 PDT 2021,100,300,-1
1626919266773,Wed Jul 21 19:01:06 PDT 2021,100,301,1
1627001254600,Thu Jul 22 17:47:34 PDT 2021,100,302,1
1627002453842,Thu Jul 22 18:07:33 PDT 2021,100,303,-1
1627008611589,Thu Jul 22 19:50:11 PDT 2021,100,305,1
1627082500967,Fri Jul 23 16:21:40 PDT 2021,100,308,-1
1627084091965,Fri Jul 23 16:48:11 PDT 2021,100,309,1
1627085571760,Fri Jul 23 17:12:51 PDT 2021,100,310,1
1627087241944,Fri Jul 23 17:40:41 PDT 2021,100,311,1
1627087885471,Fri Jul 23 17:51:25 PDT 2021,100,312,1
1627099743591,Fri Jul 23 21:09:03 PDT 2021,100,313,1
1627101157353,Fri Jul 23 21:32:37 PDT 2021,100,314,1
1627101829312,Fri Jul 23 21:43:49 PDT 2021,100,315,1
1627163034780,Sat Jul 24 14:43:54 PDT 2021,100,317,1
1627187270734,Sat Jul 24 21:27:50 PDT 2021,100,318,1
1627191781310,Sat Jul 24 22:43:01 PDT 2021,100,319,1
1627407467200,Tue Jul 27 10:37:47 PDT 2021,100,322,1
1627415020036,Tue Jul 27 12:43:40 PDT 2021,100,325,1
1627424704627,Tue Jul 27 15:25:04 PDT 2021,100,326,1
1627439504988,Tue Jul 27 19:31:44 PDT 2021,100,327,-1
1627502514884,Wed Jul 28 13:01:54 PDT 2021,100,332,1
1627503257053,Wed Jul 28 13:14:17 PDT 2021,100,334,1
1627503998943,Wed Jul 28 13:26:38 PDT 2021,100,335,1
1627505113884,Wed Jul 28 13:45:13 PDT 2021,100,337,1
1627505842045,Wed Jul 28 13:57:22 PDT 2021,100,339,1
1627506104669,Wed Jul 28 14:01:44 PDT 2021,100,340,1
1627506676072,Wed Jul 28 14:11:16 PDT 2021,100,341,1
1627508462615,Wed Jul 28 14:41:02 PDT 2021,100,343,1
1627515105085,Wed Jul 28 16:31:45 PDT 2021,100,348,1
1627522651772,Wed Jul 28 18:37:31 PDT 2021,100,353,1
1627521658100,Wed Jul 28 18:20:58 PDT 2021,100,356,1
1627529365509,Wed Jul 28 20:29:25 PDT 2021,100,357,1
1627531557465,Wed Jul 28 21:05:57 PDT 2021,100,358,1
1627536235609,Wed Jul 28 22:23:55 PDT 2021,100,361,1
1627535681334,Wed Jul 28 22:14:41 PDT 2021,100,362,1
1627536532427,Wed Jul 28 22:28:52 PDT 2021,100,363,1
1627544992332,Thu Jul 29 00:49:52 PDT 2021,100,364,1
1627573286149,Thu Jul 29 08:41:26 PDT 2021,100,366,0
1627577147293,Thu Jul 29 09:45:47 PDT 2021,100,367,1
1627578811508,Thu Jul 29 10:13:31 PDT 2021,100,368,1
1627577890878,Thu Jul 29 09:58:10 PDT 2021,100,369,1
1627587147381,Thu Jul 29 12:32:27 PDT 2021,100,373,1
1627608283269,Thu Jul 29 18:24:43 PDT 2021,100,376,1
1627611966054,Thu Jul 29 19:26:06 PDT 2021,100,377,1
1627613899891,Thu Jul 29 19:58:19 PDT 2021,100,378,1
1627655341384,Fri Jul 30 07:29:01 PDT 2021,100,380,1
1627663845269,Fri Jul 30 09:50:45 PDT 2021,100,382,1
1627666456691,Fri Jul 30 10:34:16 PDT 2021,100,384,1
1627676346578,Fri Jul 30 13:19:06 PDT 2021,100,386,1
1627675557443,Fri Jul 30 13:05:57 PDT 2021,100,387,1
1627680847523,Fri Jul 30 14:34:07 PDT 2021,100,388,1
1627681948161,Fri Jul 30 14:52:28 PDT 2021,100,389,1
1627684633664,Fri Jul 30 15:37:13 PDT 2021,100,392,1
1627685964036,Fri Jul 30 15:59:24 PDT 2021,100,394,1
1627702578183,Fri Jul 30 20:36:18 PDT 2021,100,396,1
1627770163394,Sat Jul 31 15:22:43 PDT 2021,100,401,1
1627772140322,Sat Jul 31 15:55:40 PDT 2021,100,402,1
1627776300807,Sat Jul 31 17:05:00 PDT 2021,100,403,1
1627837679774,Sun Aug 01 10:07:59 PDT 2021,100,404,1
1625070668966,Wed Jun 30 09:31:08 PDT 2021,101,0,0
1625160807756,Thu Jul 01 10:33:27 PDT 2021,101,26,0
1625068602039,Wed Jun 30 08:56:42 PDT 2021,101,36,1
1625071502693,Wed Jun 30 09:45:02 PDT 2021,101,37,-1
1625071952959,Wed Jun 30 09:52:32 PDT 2021,101,38,-1
1625082318729,Wed Jun 30 12:45:18 PDT 2021,101,40,-1
1625099461826,Wed Jun 30 17:31:01 PDT 2021,101,41,0
1625086396260,Wed Jun 30 13:53:16 PDT 2021,101,42,-1
1625089519795,Wed Jun 30 14:45:19 PDT 2021,101,43,-1
1625093070161,Wed Jun 30 15:44:30 PDT 2021,101,45,1
1625094867416,Wed Jun 30 16:14:27 PDT 2021,101,46,-1
1625095006164,Wed Jun 30 16:16:46 PDT 2021,101,47,1
1625096050323,Wed Jun 30 16:34:10 PDT 2021,101,48,0
1625099396280,Wed Jun 30 17:29:56 PDT 2021,101,50,1
1625102898342,Wed Jun 30 18:28:18 PDT 2021,101,52,0
1625101738126,Wed Jun 30 18:08:58 PDT 2021,101,53,-1
1625101614078,Wed Jun 30 18:06:54 PDT 2021,101,54,1
1625108365376,Wed Jun 30 19:59:25 PDT 2021,101,55,0
1625115926530,Wed Jun 30 22:05:26 PDT 2021,101,57,1
1625118004566,Wed Jun 30 22:40:04 PDT 2021,101,59,1
1625150022743,Thu Jul 01 07:33:42 PDT 2021,101,61,1
1625151025530,Thu Jul 01 07:50:25 PDT 2021,101,62,0
1625154103422,Thu Jul 01 08:41:43 PDT 2021,101,63,0
1625155860118,Thu Jul 01 09:11:00 PDT 2021,101,64,-1
1625158130313,Thu Jul 01 09:48:50 PDT 2021,101,65,1
1625158822108,Thu Jul 01 10:00:22 PDT 2021,101,66,1
1625159879455,Thu Jul 01 10:17:59 PDT 2021,101,68,-1
1625160267679,Thu Jul 01 10:24:27 PDT 2021,101,69,1
1625160048404,Thu Jul 01 10:20:48 PDT 2021,101,70,1
1625161158202,Thu Jul 01 10:39:18 PDT 2021,101,71,0
1625163220728,Thu Jul 01 11:13:40 PDT 2021,101,73,1
1625166965784,Thu Jul 01 12:16:05 PDT 2021,101,74,0
1625164116427,Thu Jul 01 11:28:36 PDT 2021,101,83,-1
1625164993571,Thu Jul 01 11:43:13 PDT 2021,101,85,-1
1625168910483,Thu Jul 01 12:48:30 PDT 2021,101,92,0
1625175119733,Thu Jul 01 14:31:59 PDT 2021,101,94,0
1625179640743,Thu Jul 01 15:47:20 PDT 2021,101,95,1
1625182873205,Thu Jul 01 16:41:13 PDT 2021,101,96,0
1626144991810,Mon Jul 12 19:56:31 PDT 2021,101,98,1
1625190990325,Thu Jul 01 18:56:30 PDT 2021,101,100,-1
1625191276256,Thu Jul 01 19:01:16 PDT 2021,101,101,0
1625200271938,Thu Jul 01 21:31:11 PDT 2021,101,102,-1
1625238365701,Fri Jul 02 08:06:05 PDT 2021,101,103,0
1625241782827,Fri Jul 02 09:03:02 PDT 2021,101,104,-1
1625242413994,Fri Jul 02 09:13:33 PDT 2021,101,106,-1
1625245752605,Fri Jul 02 10:09:12 PDT 2021,101,107,-1
1625251714960,Fri Jul 02 11:48:34 PDT 2021,101,108,0
1625266936030,Fri Jul 02 16:02:16 PDT 2021,101,111,1
1625275391934,Fri Jul 02 18:23:11 PDT 2021,101,112,-1
1625329636049,Sat Jul 03 09:27:16 PDT 2021,101,118,0
1625333562814,Sat Jul 03 10:32:42 PDT 2021,101,119,-1
1625365147260,Sat Jul 03 19:19:07 PDT 2021,101,121,1
1625365749636,Sat Jul 03 19:29:09 PDT 2021,101,122,-1
1625366587648,Sat Jul 03 19:43:07 PDT 2021,101,123,1
1625376215832,Sat Jul 03 22:23:35 PDT 2021,101,124,1
1625384726189,Sun Jul 04 00:45:26 PDT 2021,101,125,1
1625414950920,Sun Jul 04 09:09:10 PDT 2021,101,127,1
1625424382503,Sun Jul 04 11:46:22 PDT 2021,101,131,1
1625429074318,Sun Jul 04 13:04:34 PDT 2021,101,132,1
1625435557469,Sun Jul 04 14:52:37 PDT 2021,101,135,0
1625436675854,Sun Jul 04 15:11:15 PDT 2021,101,136,1
1625437279452,Sun Jul 04 15:21:19 PDT 2021,101,137,1
1625452225384,Sun Jul 04 19:30:25 PDT 2021,101,141,0
1625462880028,Sun Jul 04 22:28:00 PDT 2021,101,145,1
1625496797415,Mon Jul 05 07:53:17 PDT 2021,101,147,1
1625594141813,Tue Jul 06 10:55:41 PDT 2021,101,151,0
1625602555361,Tue Jul 06 13:15:55 PDT 2021,101,152,-1
1625598206648,Tue Jul 06 12:03:26 PDT 2021,101,153,-1
1625611885858,Tue Jul 06 15:51:25 PDT 2021,101,155,0
1625627728379,Tue Jul 06 20:15:28 PDT 2021,101,156,-1
1625635974308,Tue Jul 06 22:32:54 PDT 2021,101,157,-1
1625673194462,Wed Jul 07 08:53:14 PDT 2021,101,160,0
1625674969358,Wed Jul 07 09:22:49 PDT 2021,101,161,0
1625675662172,Wed Jul 07 09:34:22 PDT 2021,101,162,-1
1625676835703,Wed Jul 07 09:53:55 PDT 2021,101,163,1
1625677927623,Wed Jul 07 10:12:07 PDT 2021,101,166,1
1625694046027,Wed Jul 07 14:40:46 PDT 2021,101,173,1
1625694129217,Wed Jul 07 14:42:09 PDT 2021,101,174,-1
1625696762480,Wed Jul 07 15:26:02 PDT 2021,101,181,1
1625698199673,Wed Jul 07 15:49:59 PDT 2021,101,183,1
1625700218241,Wed Jul 07 16:23:38 PDT 2021,101,186,-1
1625701146096,Wed Jul 07 16:39:06 PDT 2021,101,187,1
1625700805654,Wed Jul 07 16:33:25 PDT 2021,101,188,0
1625703239212,Wed Jul 07 17:13:59 PDT 2021,101,189,1
1625710582985,Wed Jul 07 19:16:22 PDT 2021,101,191,1
1625710529307,Wed Jul 07 19:15:29 PDT 2021,101,193,0
1625711243720,Wed Jul 07 19:27:23 PDT 2021,101,194,1
1625723242900,Wed Jul 07 22:47:22 PDT 2021,101,196,0
1625755506582,Thu Jul 08 07:45:06 PDT 2021,101,198,0
1625759680245,Thu Jul 08 08:54:40 PDT 2021,101,199,1
1625762464559,Thu Jul 08 09:41:04 PDT 2021,101,201,1
1625763910600,Thu Jul 08 10:05:10 PDT 2021,101,203,1
1625770291780,Thu Jul 08 11:51:31 PDT 2021,101,205,-1
1625781539408,Thu Jul 08 14:58:59 PDT 2021,101,207,1
1625784439494,Thu Jul 08 15:47:19 PDT 2021,101,208,1
1625787036515,Thu Jul 08 16:30:36 PDT 2021,101,209,-1
1625787962565,Thu Jul 08 16:46:02 PDT 2021,101,210,0
1625842428765,Fri Jul 09 07:53:48 PDT 2021,101,214,1
1625845196464,Fri Jul 09 08:39:56 PDT 2021,101,215,1
1625856119527,Fri Jul 09 11:41:59 PDT 2021,101,217,0
1625865041223,Fri Jul 09 14:10:41 PDT 2021,101,218,1
1625868742486,Fri Jul 09 15:12:22 PDT 2021,101,219,0
1625921788915,Sat Jul 10 05:56:28 PDT 2021,101,223,1
1625922585736,Sat Jul 10 06:09:45 PDT 2021,101,224,1
1625929817717,Sat Jul 10 08:10:17 PDT 2021,101,226,1
1625965573588,Sat Jul 10 18:06:13 PDT 2021,101,232,1
1625982564292,Sat Jul 10 22:49:24 PDT 2021,101,234,1
1626012775773,Sun Jul 11 07:12:55 PDT 2021,101,236,1
1626015578601,Sun Jul 11 07:59:38 PDT 2021,101,237,1
1626015158519,Sun Jul 11 07:52:38 PDT 2021,101,238,1
1626018909499,Sun Jul 11 08:55:09 PDT 2021,101,239,0
1626027515868,Sun Jul 11 11:18:35 PDT 2021,101,240,1
1626032033410,Sun Jul 11 12:33:53 PDT 2021,101,241,1
1626033967116,Sun Jul 11 13:06:07 PDT 2021,101,243,1
1626063410932,Sun Jul 11 21:16:50 PDT 2021,101,248,1
1626097136177,Mon Jul 12 06:38:56 PDT 2021,101,249,0
1626097704058,Mon Jul 12 06:48:24 PDT 2021,101,250,1
1626160531651,Tue Jul 13 00:15:31 PDT 2021,101,255,1
1626184285244,Tue Jul 13 06:51:25 PDT 2021,101,256,0
1626211927562,Tue Jul 13 14:32:07 PDT 2021,101,259,0
1626214224245,Tue Jul 13 15:10:24 PDT 2021,101,260,1
1626235229881,Tue Jul 13 21:00:29 PDT 2021,101,265,-1
1626383963875,Thu Jul 15 14:19:23 PDT 2021,101,267,1
1626386160153,Thu Jul 15 14:56:00 PDT 2021,101,271,0
1626455763579,Fri Jul 16 10:16:03 PDT 2021,101,274,-1
1626472054652,Fri Jul 16 14:47:34 PDT 2021,101,275,-1
1626493101030,Fri Jul 16 20:38:21 PDT 2021,101,276,0
1626541332541,Sat Jul 17 10:02:12 PDT 2021,101,278,-1
1626540652061,Sat Jul 17 09:50:52 PDT 2021,101,279,1
1626546315814,Sat Jul 17 11:25:15 PDT 2021,101,280,1
1626552836359,Sat Jul 17 13:13:56 PDT 2021,101,281,0
1626553489796,Sat Jul 17 13:24:49 PDT 2021,101,282,1
1626568445461,Sat Jul 17 17:34:05 PDT 2021,101,284,0
1626584770725,Sat Jul 17 22:06:10 PDT 2021,101,286,-1
1626713291183,Mon Jul 19 09:48:11 PDT 2021,101,288,1
1626720014803,Mon Jul 19 11:40:14 PDT 2021,101,291,1
1626738028791,Mon Jul 19 16:40:28 PDT 2021,101,294,0
1626752274490,Mon Jul 19 20:37:54 PDT 2021,101,295,1
1626792428631,Tue Jul 20 07:47:08 PDT 2021,101,296,1
1626799016112,Tue Jul 20 09:36:56 PDT 2021,101,298,0
1626908345231,Wed Jul 21 15:59:05 PDT 2021,101,299,0
1626965367775,Thu Jul 22 07:49:27 PDT 2021,101,300,0
1627001415943,Thu Jul 22 17:50:15 PDT 2021,101,302,1
1627002742601,Thu Jul 22 18:12:22 PDT 2021,101,303,-1
1627009161145,Thu Jul 22 19:59:21 PDT 2021,101,305,1
1627084398787,Fri Jul 23 16:53:18 PDT 2021,101,309,1
1627084973370,Fri Jul 23 17:02:53 PDT 2021,101,310,1
1627087384750,Fri Jul 23 17:43:04 PDT 2021,101,311,1
1627088545811,Fri Jul 23 18:02:25 PDT 2021,101,312,1
1627100286460,Fri Jul 23 21:18:06 PDT 2021,101,313,1
1627101169049,Fri Jul 23 21:32:49 PDT 2021,101,314,1
1627101353260,Fri Jul 23 21:35:53 PDT 2021,101,315,1
1627162378371,Sat Jul 24 14:32:58 PDT 2021,101,317,0
1627187990106,Sat Jul 24 21:39:50 PDT 2021,101,318,-1
1627191869855,Sat Jul 24 22:44:29 PDT 2021,101,319,-1
1627408039355,Tue Jul 27 10:47:19 PDT 2021,101,322,-1
1627414899788,Tue Jul 27 12:41:39 PDT 2021,101,325,1
1627425496038,Tue Jul 27 15:38:16 PDT 2021,101,326,1
1627439492195,Tue Jul 27 19:31:32 PDT 2021,101,327,0
1627505236319,Wed Jul 28 13:47:16 PDT 2021,101,337,-1
1627506018803,Wed Jul 28 14:00:18 PDT 2021,101,339,-1
1627508717659,Wed Jul 28 14:45:17 PDT 2021,101,343,1
1627515235710,Wed Jul 28 16:33:55 PDT 2021,101,348,1
1627524279153,Wed Jul 28 19:04:39 PDT 2021,101,353,0
1627521978529,Wed Jul 28 18:26:18 PDT 2021,101,356,-1
1627530525005,Wed Jul 28 20:48:45 PDT 2021,101,357,1
1627532424447,Wed Jul 28 21:20:24 PDT 2021,101,360,-1
1627544976757,Thu Jul 29 00:49:36 PDT 2021,101,364,1
1627574073897,Thu Jul 29 08:54:33 PDT 2021,101,366,1
1627582885926,Thu Jul 29 11:21:25 PDT 2021,101,369,-1
1627587406724,Thu Jul 29 12:36:46 PDT 2021,101,373,-1
1627607571301,Thu Jul 29 18:12:51 PDT 2021,101,376,0
1627613859088,Thu Jul 29 19:57:39 PDT 2021,101,378,1
1627656537342,Fri Jul 30 07:48:57 PDT 2021,101,380,1
1627656203045,Fri Jul 30 07:43:23 PDT 2021,101,381,1
1627664315622,Fri Jul 30 09:58:35 PDT 2021,101,382,-1
1627667831693,Fri Jul 30 10:57:11 PDT 2021,101,384,1
1627676278412,Fri Jul 30 13:17:58 PDT 2021,101,386,1
1627681574168,Fri Jul 30 14:46:14 PDT 2021,101,388,1
1627682867733,Fri Jul 30 15:07:47 PDT 2021,101,389,1
1627686344020,Fri Jul 30 16:05:44 PDT 2021,101,394,-1
1627703027219,Fri Jul 30 20:43:47 PDT 2021,101,396,1
1627752459640,Sat Jul 31 10:27:39 PDT 2021,101,397,1
1627770418016,Sat Jul 31 15:26:58 PDT 2021,101,401,-1
1627771893142,Sat Jul 31 15:51:33 PDT 2021,101,402,-1
1627777345866,Sat Jul 31 17:22:25 PDT 2021,101,403,0
1627837729411,Sun Aug 01 10:08:49 PDT 2021,101,404,-1
1625070623936,Wed Jun 30 09:30:23 PDT 2021,102,0,1
1625160961608,Thu Jul 01 10:36:01 PDT 2021,102,26,1
1625068721004,Wed Jun 30 08:58:41 PDT 2021,102,36,1
1625071358168,Wed Jun 30 09:42:38 PDT 2021,102,37,0
1625071907501,Wed Jun 30 09:51:47 PDT 2021,102,38,0
1625082397639,Wed Jun 30 12:46:37 PDT 2021,102,40,1
1625099299069,Wed Jun 30 17:28:19 PDT 2021,102,41,0
1625086177696,Wed Jun 30 13:49:37 PDT 2021,102,42,1
1625089601824,Wed Jun 30 14:46:41 PDT 2021,102,43,1
1625092849760,Wed Jun 30 15:40:49 PDT 2021,102,45,1
1625095087952,Wed Jun 30 16:18:07 PDT 2021,102,46,0
1625095001422,Wed Jun 30 16:16:41 PDT 2021,102,47,0
1625096136054,Wed Jun 30 16:35:36 PDT 2021,102,48,0
1625099280283,Wed Jun 30 17:28:00 PDT 2021,102,50,0
1625102774647,Wed Jun 30 18:26:14 PDT 2021,102,52,-1
1625101795510,Wed Jun 30 18:09:55 PDT 2021,102,53,-1
1625101599368,Wed Jun 30 18:06:39 PDT 2021,102,54,1
1625108296814,Wed Jun 30 19:58:16 PDT 2021,102,55,1
1625116270099,Wed Jun 30 22:11:10 PDT 2021,102,57,1
1625117766526,Wed Jun 30 22:36:06 PDT 2021,102,59,1
1625150520587,Thu Jul 01 07:42:00 PDT 2021,102,61,1
1625151509658,Thu Jul 01 07:58:29 PDT 2021,102,62,-1
1625153986637,Thu Jul 01 08:39:46 PDT 2021,102,63,1
1625155772375,Thu Jul 01 09:09:32 PDT 2021,102,64,1
1625158021643,Thu Jul 01 09:47:01 PDT 2021,102,65,1
1625410823685,Sun Jul 04 08:00:23 PDT 2021,102,66,0
1625159836367,Thu Jul 01 10:17:16 PDT 2021,102,68,-1
1625160327132,Thu Jul 01 10:25:27 PDT 2021,102,69,0
1625167809475,Thu Jul 01 12:30:09 PDT 2021,102,70,-1
1625162322409,Thu Jul 01 10:58:42 PDT 2021,102,71,-1
1625163488362,Thu Jul 01 11:18:08 PDT 2021,102,73,-1
1625164836112,Thu Jul 01 11:40:36 PDT 2021,102,74,0
1625163901755,Thu Jul 01 11:25:01 PDT 2021,102,80,-1
1625164970750,Thu Jul 01 11:42:50 PDT 2021,102,85,-1
1625168180871,Thu Jul 01 12:36:20 PDT 2021,102,92,1
1625173757634,Thu Jul 01 14:09:17 PDT 2021,102,93,-1
1625175193214,Thu Jul 01 14:33:13 PDT 2021,102,94,1
1625174818212,Thu Jul 01 14:26:58 PDT 2021,102,95,-1
1625182998868,Thu Jul 01 16:43:18 PDT 2021,102,96,0
1626144901223,Mon Jul 12 19:55:01 PDT 2021,102,98,1
1625191322264,Thu Jul 01 19:02:02 PDT 2021,102,100,-1
1625191116239,Thu Jul 01 18:58:36 PDT 2021,102,101,1
1625200181364,Thu Jul 01 21:29:41 PDT 2021,102,102,1
1625238066005,Fri Jul 02 08:01:06 PDT 2021,102,103,-1
1625241872904,Fri Jul 02 09:04:32 PDT 2021,102,104,0
1625242369977,Fri Jul 02 09:12:49 PDT 2021,102,106,0
1625246465919,Fri Jul 02 10:21:05 PDT 2021,102,107,1
1625251614635,Fri Jul 02 11:46:54 PDT 2021,102,108,0
1625265275192,Fri Jul 02 15:34:35 PDT 2021,102,110,0
1625266742489,Fri Jul 02 15:59:02 PDT 2021,102,111,-1
1625274775125,Fri Jul 02 18:12:55 PDT 2021,102,112,-1
1625295421087,Fri Jul 02 23:57:01 PDT 2021,102,115,-1
1625329502163,Sat Jul 03 09:25:02 PDT 2021,102,118,0
1625333396120,Sat Jul 03 10:29:56 PDT 2021,102,119,-1
1625365002153,Sat Jul 03 19:16:42 PDT 2021,102,121,1
1625365174498,Sat Jul 03 19:19:34 PDT 2021,102,122,-1
1625366252284,Sat Jul 03 19:37:32 PDT 2021,102,123,1
1625374750444,Sat Jul 03 21:59:10 PDT 2021,102,124,1
1625384404311,Sun Jul 04 00:40:04 PDT 2021,102,125,0
1625413309350,Sun Jul 04 08:41:49 PDT 2021,102,127,0
1625415912967,Sun Jul 04 09:25:12 PDT 2021,102,128,1
1625424652575,Sun Jul 04 11:50:52 PDT 2021,102,131,-1
1625429138229,Sun Jul 04 13:05:38 PDT 2021,102,132,1
1625428818874,Sun Jul 04 13:00:18 PDT 2021,102,133,-1
1625435890392,Sun Jul 04 14:58:10 PDT 2021,102,135,0
1625436236933,Sun Jul 04 15:03:56 PDT 2021,102,136,0
1625437283176,Sun Jul 04 15:21:23 PDT 2021,102,137,1
1625452188842,Sun Jul 04 19:29:48 PDT 2021,102,141,-1
1625461313211,Sun Jul 04 22:01:53 PDT 2021,102,144,1
1625462359366,Sun Jul 04 22:19:19 PDT 2021,102,145,1
1625495773292,Mon Jul 05 07:36:13 PDT 2021,102,147,-1
1625528764856,Mon Jul 05 16:46:04 PDT 2021,102,148,1
1625593867864,Tue Jul 06 10:51:07 PDT 2021,102,151,-1
1625602664445,Tue Jul 06 13:17:44 PDT 2021,102,152,1
1625613987701,Tue Jul 06 16:26:27 PDT 2021,102,153,-1
1625611786389,Tue Jul 06 15:49:46 PDT 2021,102,155,-1
1625627538598,Tue Jul 06 20:12:18 PDT 2021,102,156,1
1625635828779,Tue Jul 06 22:30:28 PDT 2021,102,157,1
1625672834122,Wed Jul 07 08:47:14 PDT 2021,102,160,1
1625674797088,Wed Jul 07 09:19:57 PDT 2021,102,161,1
1625674955933,Wed Jul 07 09:22:35 PDT 2021,102,162,0
1625676759127,Wed Jul 07 09:52:39 PDT 2021,102,163,0
1625677392370,Wed Jul 07 10:03:12 PDT 2021,102,165,1
1625677890578,Wed Jul 07 10:11:30 PDT 2021,102,166,-1
1625686310038,Wed Jul 07 12:31:50 PDT 2021,102,170,-1
1625689326050,Wed Jul 07 13:22:06 PDT 2021,102,171,0
1625693158462,Wed Jul 07 14:25:58 PDT 2021,102,173,0
1625694149053,Wed Jul 07 14:42:29 PDT 2021,102,174,1
1625694652879,Wed Jul 07 14:50:52 PDT 2021,102,176,0
1625694676873,Wed Jul 07 14:51:16 PDT 2021,102,177,1
1625696138362,Wed Jul 07 15:15:38 PDT 2021,102,180,-1
1625696392931,Wed Jul 07 15:19:52 PDT 2021,102,181,-1
1625698660763,Wed Jul 07 15:57:40 PDT 2021,102,183,1
1625700138819,Wed Jul 07 16:22:18 PDT 2021,102,186,1
1625700682981,Wed Jul 07 16:31:22 PDT 2021,102,187,-1
1625700391443,Wed Jul 07 16:26:31 PDT 2021,102,188,1
1625702410505,Wed Jul 07 17:00:10 PDT 2021,102,189,-1
1625710360280,Wed Jul 07 19:12:40 PDT 2021,102,191,1
1625710418354,Wed Jul 07 19:13:38 PDT 2021,102,193,1
1625711188748,Wed Jul 07 19:26:28 PDT 2021,102,194,1
1625722673039,Wed Jul 07 22:37:53 PDT 2021,102,196,1
1625752733036,Thu Jul 08 06:58:53 PDT 2021,102,197,0
1625755644447,Thu Jul 08 07:47:24 PDT 2021,102,198,-1
1625758958177,Thu Jul 08 08:42:38 PDT 2021,102,199,-1
1625762866786,Thu Jul 08 09:47:46 PDT 2021,102,201,1
1625763412238,Thu Jul 08 09:56:52 PDT 2021,102,203,1
1625770327649,Thu Jul 08 11:52:07 PDT 2021,102,205,1
1625781893780,Thu Jul 08 15:04:53 PDT 2021,102,207,0
1625784012047,Thu Jul 08 15:40:12 PDT 2021,102,208,-1
1625786304933,Thu Jul 08 16:18:24 PDT 2021,102,209,-1
1625788708449,Thu Jul 08 16:58:28 PDT 2021,102,210,1
1625801523389,Thu Jul 08 20:32:03 PDT 2021,102,213,0
1625805515052,Thu Jul 08 21:38:35 PDT 2021,102,214,-1
1625845222691,Fri Jul 09 08:40:22 PDT 2021,102,215,-1
1625852965770,Fri Jul 09 10:49:25 PDT 2021,102,216,-1
1625856112023,Fri Jul 09 11:41:52 PDT 2021,102,217,0
1625863351688,Fri Jul 09 13:42:31 PDT 2021,102,218,0
1625868549052,Fri Jul 09 15:09:09 PDT 2021,102,219,0
1625921472377,Sat Jul 10 05:51:12 PDT 2021,102,223,0
1625922166409,Sat Jul 10 06:02:46 PDT 2021,102,224,1
1625929855399,Sat Jul 10 08:10:55 PDT 2021,102,226,-1
1625932956947,Sat Jul 10 09:02:36 PDT 2021,102,227,0
1625961589323,Sat Jul 10 16:59:49 PDT 2021,102,231,-1
1625964430186,Sat Jul 10 17:47:10 PDT 2021,102,232,0
1625971816016,Sat Jul 10 19:50:16 PDT 2021,102,233,0
1625982483313,Sat Jul 10 22:48:03 PDT 2021,102,234,-1
1626011563219,Sun Jul 11 06:52:43 PDT 2021,102,236,-1
1626015049174,Sun Jul 11 07:50:49 PDT 2021,102,237,0
1626015176285,Sun Jul 11 07:52:56 PDT 2021,102,238,-1
1626016632776,Sun Jul 11 08:17:12 PDT 2021,102,239,0
1626027631996,Sun Jul 11 11:20:31 PDT 2021,102,240,1
1626031906736,Sun Jul 11 12:31:46 PDT 2021,102,241,1
1626033174912,Sun Jul 11 12:52:54 PDT 2021,102,243,1
1626050943800,Sun Jul 11 17:49:03 PDT 2021,102,246,1
1626055681762,Sun Jul 11 19:08:01 PDT 2021,102,247,1
1626063326467,Sun Jul 11 21:15:26 PDT 2021,102,248,1
1626097070470,Mon Jul 12 06:37:50 PDT 2021,102,249,0
1626097543770,Mon Jul 12 06:45:43 PDT 2021,102,250,1
1626101193332,Mon Jul 12 07:46:33 PDT 2021,102,251,1
1626160396409,Tue Jul 13 00:13:16 PDT 2021,102,255,0
1626184436288,Tue Jul 13 06:53:56 PDT 2021,102,256,1
1626198072371,Tue Jul 13 10:41:12 PDT 2021,102,257,0
1626213766307,Tue Jul 13 15:02:46 PDT 2021,102,260,1
1626215424664,Tue Jul 13 15:30:24 PDT 2021,102,261,1
1626220661636,Tue Jul 13 16:57:41 PDT 2021,102,263,-1
1626235353164,Tue Jul 13 21:02:33 PDT 2021,102,265,-1
1626276055362,Wed Jul 14 08:20:55 PDT 2021,102,266,0
1626383336822,Thu Jul 15 14:08:56 PDT 2021,102,267,0
1626386110994,Thu Jul 15 14:55:10 PDT 2021,102,271,0
1626455357738,Fri Jul 16 10:09:17 PDT 2021,102,274,-1
1626470941385,Fri Jul 16 14:29:01 PDT 2021,102,275,-1
1626492707997,Fri Jul 16 20:31:47 PDT 2021,102,276,0
1626540525107,Sat Jul 17 09:48:45 PDT 2021,102,278,1
1626540287252,Sat Jul 17 09:44:47 PDT 2021,102,279,0
1626545559901,Sat Jul 17 11:12:39 PDT 2021,102,280,1
1626552450769,Sat Jul 17 13:07:30 PDT 2021,102,281,0
1626553502647,Sat Jul 17 13:25:02 PDT 2021,102,282,1
1626568055791,Sat Jul 17 17:27:35 PDT 2021,102,284,1
1626578255010,Sat Jul 17 20:17:35 PDT 2021,102,285,0
1626584656122,Sat Jul 17 22:04:16 PDT 2021,102,286,1
1626713102985,Mon Jul 19 09:45:02 PDT 2021,102,288,1
1626716224917,Mon Jul 19 10:37:04 PDT 2021,102,290,1
1626719935521,Mon Jul 19 11:38:55 PDT 2021,102,291,0
1626724191228,Mon Jul 19 12:49:51 PDT 2021,102,292,0
1626737530867,Mon Jul 19 16:32:10 PDT 2021,102,294,0
1626751884846,Mon Jul 19 20:31:24 PDT 2021,102,295,0
1626792236076,Tue Jul 20 07:43:56 PDT 2021,102,296,-1
1626798936988,Tue Jul 20 09:35:36 PDT 2021,102,298,0
1626907986177,Wed Jul 21 15:53:06 PDT 2021,102,299,0
1626965097710,Thu Jul 22 07:44:57 PDT 2021,102,300,1
1626919290839,Wed Jul 21 19:01:30 PDT 2021,102,301,1
1627001442728,Thu Jul 22 17:50:42 PDT 2021,102,302,0
1627002568768,Thu Jul 22 18:09:28 PDT 2021,102,303,-1
1627008536272,Thu Jul 22 19:48:56 PDT 2021,102,305,-1
1627084209260,Fri Jul 23 16:50:09 PDT 2021,102,309,1
1627085564462,Fri Jul 23 17:12:44 PDT 2021,102,310,1
1627086773795,Fri Jul 23 17:32:53 PDT 2021,102,311,1
1627087724782,Fri Jul 23 17:48:44 PDT 2021,102,312,1
1627099986112,Fri Jul 23 21:13:06 PDT 2021,102,313,1
1627100528880,Fri Jul 23 21:22:08 PDT 2021,102,314,1
1627101660315,Fri Jul 23 21:41:00 PDT 2021,102,315,1
1627162816679,Sat Jul 24 14:40:16 PDT 2021,102,317,0
1627187856868,Sat Jul 24 21:37:36 PDT 2021,102,318,1
1627192016244,Sat Jul 24 22:46:56 PDT 2021,102,319,1
1627407263079,Tue Jul 27 10:34:23 PDT 2021,102,322,1
1627414795583,Tue Jul 27 12:39:55 PDT 2021,102,325,1
1627425573791,Tue Jul 27 15:39:33 PDT 2021,102,326,0
1627439329722,Tue Jul 27 19:28:49 PDT 2021,102,327,0
1627451056160,Tue Jul 27 22:44:16 PDT 2021,102,328,1
1627501598844,Wed Jul 28 12:46:38 PDT 2021,102,332,1
1627503254294,Wed Jul 28 13:14:14 PDT 2021,102,334,1
1627505200109,Wed Jul 28 13:46:40 PDT 2021,102,337,1
1627505489531,Wed Jul 28 13:51:29 PDT 2021,102,339,1
1627506791599,Wed Jul 28 14:13:11 PDT 2021,102,341,1
1627506933969,Wed Jul 28 14:15:33 PDT 2021,102,342,0
1627508969648,Wed Jul 28 14:49:29 PDT 2021,102,343,1
1627508966746,Wed Jul 28 14:49:26 PDT 2021,102,345,0
1627509835965,Wed Jul 28 15:03:55 PDT 2021,102,346,1
1627515443515,Wed Jul 28 16:37:23 PDT 2021,102,348,1
1627515435956,Wed Jul 28 16:37:15 PDT 2021,102,350,1
1627523135717,Wed Jul 28 18:45:35 PDT 2021,102,353,1
1627522115041,Wed Jul 28 18:28:35 PDT 2021,102,356,1
1627529792802,Wed Jul 28 20:36:32 PDT 2021,102,357,1
1627532199865,Wed Jul 28 21:16:39 PDT 2021,102,358,1
1627532603778,Wed Jul 28 21:23:23 PDT 2021,102,359,0
1627544548606,Thu Jul 29 00:42:28 PDT 2021,102,364,0
1627568108074,Thu Jul 29 07:15:08 PDT 2021,102,365,0
1627573907456,Thu Jul 29 08:51:47 PDT 2021,102,366,1
1627577952477,Thu Jul 29 09:59:12 PDT 2021,102,368,1
1627586638818,Thu Jul 29 12:23:58 PDT 2021,102,373,0
1627596231972,Thu Jul 29 15:03:51 PDT 2021,102,375,1
1627608385944,Thu Jul 29 18:26:25 PDT 2021,102,376,0
1627612009722,Thu Jul 29 19:26:49 PDT 2021,102,377,1
1627614220012,Thu Jul 29 20:03:40 PDT 2021,102,378,1
1627656486247,Fri Jul 30 07:48:06 PDT 2021,102,380,0
1627664067545,Fri Jul 30 09:54:27 PDT 2021,102,382,1
1627666535864,Fri Jul 30 10:35:35 PDT 2021,102,384,0
1627675772329,Fri Jul 30 13:09:32 PDT 2021,102,386,-1
1627681167303,Fri Jul 30 14:39:27 PDT 2021,102,388,0
1627681635811,Fri Jul 30 14:47:15 PDT 2021,102,389,1
1627702907486,Fri Jul 30 20:41:47 PDT 2021,102,396,0
1627769663831,Sat Jul 31 15:14:23 PDT 2021,102,401,-1
1627772131064,Sat Jul 31 15:55:31 PDT 2021,102,402,1
1627777042985,Sat Jul 31 17:17:22 PDT 2021,102,403,0
1627837662653,Sun Aug 01 10:07:42 PDT 2021,102,404,1
1625070637620,Wed Jun 30 09:30:37 PDT 2021,103,0,1
1625160981845,Thu Jul 01 10:36:21 PDT 2021,103,26,0
1625069013972,Wed Jun 30 09:03:33 PDT 2021,103,36,1
1625071549519,Wed Jun 30 09:45:49 PDT 2021,103,37,1
1625071757198,Wed Jun 30 09:49:17 PDT 2021,103,38,0
1625082418861,Wed Jun 30 12:46:58 PDT 2021,103,40,0
1625099046685,Wed Jun 30 17:24:06 PDT 2021,103,41,1
1625085891270,Wed Jun 30 13:44:51 PDT 2021,103,42,-1
1625089386342,Wed Jun 30 14:43:06 PDT 2021,103,43,0
1625092855848,Wed Jun 30 15:40:55 PDT 2021,103,45,1
1625095002495,Wed Jun 30 16:16:42 PDT 2021,103,46,-1
1625095014810,Wed Jun 30 16:16:54 PDT 2021,103,47,1
1625096142694,Wed Jun 30 16:35:42 PDT 2021,103,48,0
1625099135259,Wed Jun 30 17:25:35 PDT 2021,103,50,0
1625101161768,Wed Jun 30 17:59:21 PDT 2021,103,52,1
1625101597169,Wed Jun 30 18:06:37 PDT 2021,103,53,-1
1625101681046,Wed Jun 30 18:08:01 PDT 2021,103,54,0
1625107890855,Wed Jun 30 19:51:30 PDT 2021,103,55,0
1625116515812,Wed Jun 30 22:15:15 PDT 2021,103,57,1
1625118066544,Wed Jun 30 22:41:06 PDT 2021,103,59,1
1625150888788,Thu Jul 01 07:48:08 PDT 2021,103,61,0
1625151488416,Thu Jul 01 07:58:08 PDT 2021,103,62,1
1625154456703,Thu Jul 01 08:47:36 PDT 2021,103,63,1
1625155804153,Thu Jul 01 09:10:04 PDT 2021,103,64,0
1625158098388,Thu Jul 01 09:48:18 PDT 2021,103,65,0
1625410958222,Sun Jul 04 08:02:38 PDT 2021,103,66,1
1625159957137,Thu Jul 01 10:19:17 PDT 2021,103,68,-1
1625160343669,Thu Jul 01 10:25:43 PDT 2021,103,69,1
1625168003770,Thu Jul 01 12:33:23 PDT 2021,103,70,0
1625161451294,Thu Jul 01 10:44:11 PDT 2021,103,71,1
1625163671919,Thu Jul 01 11:21:11 PDT 2021,103,73,-1
1625167008654,Thu Jul 01 12:16:48 PDT 2021,103,74,0
1625165113399,Thu Jul 01 11:45:13 PDT 2021,103,85,-1
1625168862651,Thu Jul 01 12:47:42 PDT 2021,103,92,1
1625175393014,Thu Jul 01 14:36:33 PDT 2021,103,94,0
1625179792905,Thu Jul 01 15:49:52 PDT 2021,103,95,1
1625183270090,Thu Jul 01 16:47:50 PDT 2021,103,96,1
1626145087562,Mon Jul 12 19:58:07 PDT 2021,103,98,-1
1625191593189,Thu Jul 01 19:06:33 PDT 2021,103,100,0
1625191252806,Thu Jul 01 19:00:52 PDT 2021,103,101,1
1625199557550,Thu Jul 01 21:19:17 PDT 2021,103,102,0
1625238428097,Fri Jul 02 08:07:08 PDT 2021,103,103,0
1625241479166,Fri Jul 02 08:57:59 PDT 2021,103,104,1
1625242442185,Fri Jul 02 09:14:02 PDT 2021,103,106,0
1625246227209,Fri Jul 02 10:17:07 PDT 2021,103,107,0
1625266811196,Fri Jul 02 16:00:11 PDT 2021,103,111,1
1625276452373,Fri Jul 02 18:40:52 PDT 2021,103,112,1
1625329532483,Sat Jul 03 09:25:32 PDT 2021,103,118,1
1625334185115,Sat Jul 03 10:43:05 PDT 2021,103,119,0
1625365166048,Sat Jul 03 19:19:26 PDT 2021,103,121,-1
1625365305744,Sat Jul 03 19:21:45 PDT 2021,103,122,1
1625366374133,Sat Jul 03 19:39:34 PDT 2021,103,123,1
1625376064792,Sat Jul 03 22:21:04 PDT 2021,103,124,0
1625414218857,Sun Jul 04 08:56:58 PDT 2021,103,127,0
1625425063333,Sun Jul 04 11:57:43 PDT 2021,103,131,1
1625429234948,Sun Jul 04 13:07:14 PDT 2021,103,132,0
1625436216479,Sun Jul 04 15:03:36 PDT 2021,103,135,1
1625436184739,Sun Jul 04 15:03:04 PDT 2021,103,136,0
1625436892822,Sun Jul 04 15:14:52 PDT 2021,103,137,0
1625451870821,Sun Jul 04 19:24:30 PDT 2021,103,141,1
1625454812719,Sun Jul 04 20:13:32 PDT 2021,103,142,0
1625463415777,Sun Jul 04 22:36:55 PDT 2021,103,145,1
1625496962289,Mon Jul 05 07:56:02 PDT 2021,103,147,0
1625594133729,Tue Jul 06 10:55:33 PDT 2021,103,151,0
1625603017528,Tue Jul 06 13:23:37 PDT 2021,103,152,0
1625614207732,Tue Jul 06 16:30:07 PDT 2021,103,153,1
1625611566041,Tue Jul 06 15:46:06 PDT 2021,103,155,-1
1625627664331,Tue Jul 06 20:14:24 PDT 2021,103,156,0
1625635854824,Tue Jul 06 22:30:54 PDT 2021,103,157,1
1625673176131,Wed Jul 07 08:52:56 PDT 2021,103,160,0
1625674465228,Wed Jul 07 09:14:25 PDT 2021,103,161,0
1625675580414,Wed Jul 07 09:33:00 PDT 2021,103,162,0
1625676942955,Wed Jul 07 09:55:42 PDT 2021,103,163,0
1625678686017,Wed Jul 07 10:24:46 PDT 2021,103,166,-1
1625694429429,Wed Jul 07 14:47:09 PDT 2021,103,173,1
1625694407173,Wed Jul 07 14:46:47 PDT 2021,103,174,0
1625696892970,Wed Jul 07 15:28:12 PDT 2021,103,181,0
1625698929216,Wed Jul 07 16:02:09 PDT 2021,103,183,0
1625699656436,Wed Jul 07 16:14:16 PDT 2021,103,186,1
1625701289287,Wed Jul 07 16:41:29 PDT 2021,103,187,0
1625700948552,Wed Jul 07 16:35:48 PDT 2021,103,188,1
1625703220571,Wed Jul 07 17:13:40 PDT 2021,103,189,-1
1625710572640,Wed Jul 07 19:16:12 PDT 2021,103,193,1
1625711261096,Wed Jul 07 19:27:41 PDT 2021,103,194,1
1625723146799,Wed Jul 07 22:45:46 PDT 2021,103,196,1
1625755794920,Thu Jul 08 07:49:54 PDT 2021,103,198,0
1625759614528,Thu Jul 08 08:53:34 PDT 2021,103,199,1
1625762839324,Thu Jul 08 09:47:19 PDT 2021,103,201,-1
1625763757673,Thu Jul 08 10:02:37 PDT 2021,103,203,0
1625770332519,Thu Jul 08 11:52:12 PDT 2021,103,205,1
1625782196150,Thu Jul 08 15:09:56 PDT 2021,103,207,0
1625784375973,Thu Jul 08 15:46:15 PDT 2021,103,208,0
1625787070903,Thu Jul 08 16:31:10 PDT 2021,103,209,1
1625788373234,Thu Jul 08 16:52:53 PDT 2021,103,210,1
1625845306415,Fri Jul 09 08:41:46 PDT 2021,103,215,1
1625852990934,Fri Jul 09 10:49:50 PDT 2021,103,216,1
1625856185865,Fri Jul 09 11:43:05 PDT 2021,103,217,0
1625864316948,Fri Jul 09 13:58:36 PDT 2021,103,218,1
1625868242389,Fri Jul 09 15:04:02 PDT 2021,103,219,1
1625921729346,Sat Jul 10 05:55:29 PDT 2021,103,223,0
1625922644007,Sat Jul 10 06:10:44 PDT 2021,103,224,1
1625929779844,Sat Jul 10 08:09:39 PDT 2021,103,226,1
1625939894487,Sat Jul 10 10:58:14 PDT 2021,103,228,1
1625965928868,Sat Jul 10 18:12:08 PDT 2021,103,232,0
1625982570906,Sat Jul 10 22:49:30 PDT 2021,103,234,1
1626012786782,Sun Jul 11 07:13:06 PDT 2021,103,236,1
1626015639542,Sun Jul 11 08:00:39 PDT 2021,103,237,1
1626015939178,Sun Jul 11 08:05:39 PDT 2021,103,238,1
1626018298992,Sun Jul 11 08:44:58 PDT 2021,103,239,1
1626027535966,Sun Jul 11 11:18:55 PDT 2021,103,240,1
1626031878302,Sun Jul 11 12:31:18 PDT 2021,103,241,-1
1626033909766,Sun Jul 11 13:05:09 PDT 2021,103,243,0
1626063653439,Sun Jul 11 21:20:53 PDT 2021,103,248,1
1626097928320,Mon Jul 12 06:52:08 PDT 2021,103,250,1
1626160554664,Tue Jul 13 00:15:54 PDT 2021,103,255,0
1626185065812,Tue Jul 13 07:04:25 PDT 2021,103,256,1
1626214316882,Tue Jul 13 15:11:56 PDT 2021,103,260,0
1626274941945,Wed Jul 14 08:02:21 PDT 2021,103,265,1
1626276049149,Wed Jul 14 08:20:49 PDT 2021,103,266,0
1626384247086,Thu Jul 15 14:24:07 PDT 2021,103,267,1
1626386256773,Thu Jul 15 14:57:36 PDT 2021,103,271,0
1626456223075,Fri Jul 16 10:23:43 PDT 2021,103,274,-1
1626471907635,Fri Jul 16 14:45:07 PDT 2021,103,275,0
1626493143064,Fri Jul 16 20:39:03 PDT 2021,103,276,0
1626541263849,Sat Jul 17 10:01:03 PDT 2021,103,278,1
1626546347737,Sat Jul 17 11:25:47 PDT 2021,103,280,0
1626552721719,Sat Jul 17 13:12:01 PDT 2021,103,281,0
1626554111866,Sat Jul 17 13:35:11 PDT 2021,103,282,0
1626571089704,Sat Jul 17 18:18:09 PDT 2021,103,284,-1
1626584662406,Sat Jul 17 22:04:22 PDT 2021,103,286,1
1626713405369,Mon Jul 19 09:50:05 PDT 2021,103,288,0
1626720760914,Mon Jul 19 11:52:40 PDT 2021,103,291,1
1626738058132,Mon Jul 19 16:40:58 PDT 2021,103,294,0
1626752410771,Mon Jul 19 20:40:10 PDT 2021,103,295,0
1626792576797,Tue Jul 20 07:49:36 PDT 2021,103,296,1
1626799316771,Tue Jul 20 09:41:56 PDT 2021,103,298,1
1626909252940,Wed Jul 21 16:14:12 PDT 2021,103,299,1
1626965427487,Thu Jul 22 07:50:27 PDT 2021,103,300,0
1627001405061,Thu Jul 22 17:50:05 PDT 2021,103,302,-1
1627002664006,Thu Jul 22 18:11:04 PDT 2021,103,303,1
1627009186624,Thu Jul 22 19:59:46 PDT 2021,103,305,0
1627084491520,Fri Jul 23 16:54:51 PDT 2021,103,309,1
1627085882101,Fri Jul 23 17:18:02 PDT 2021,103,310,-1
1627087319315,Fri Jul 23 17:41:59 PDT 2021,103,311,-1
1627087730809,Fri Jul 23 17:48:50 PDT 2021,103,312,-1
1627100349942,Fri Jul 23 21:19:09 PDT 2021,103,313,1
1627101047763,Fri Jul 23 21:30:47 PDT 2021,103,314,1
1627101854432,Fri Jul 23 21:44:14 PDT 2021,103,315,1
1627163454396,Sat Jul 24 14:50:54 PDT 2021,103,317,0
1627188036619,Sat Jul 24 21:40:36 PDT 2021,103,318,0
1627191797865,Sat Jul 24 22:43:17 PDT 2021,103,319,1
1627408060686,Tue Jul 27 10:47:40 PDT 2021,103,322,1
1627414963758,Tue Jul 27 12:42:43 PDT 2021,103,325,1
1627699703027,Fri Jul 30 19:48:23 PDT 2021,103,326,1
1627505250855,Wed Jul 28 13:47:30 PDT 2021,103,337,1
1627506022408,Wed Jul 28 14:00:22 PDT 2021,103,339,1
1627506755585,Wed Jul 28 14:12:35 PDT 2021,103,341,1
1627509051189,Wed Jul 28 14:50:51 PDT 2021,103,343,1
1627515676444,Wed Jul 28 16:41:16 PDT 2021,103,348,-1
1627524321941,Wed Jul 28 19:05:21 PDT 2021,103,353,0
1627522068234,Wed Jul 28 18:27:48 PDT 2021,103,356,1
1627529992176,Wed Jul 28 20:39:52 PDT 2021,103,357,1
1627543050333,Thu Jul 29 00:17:30 PDT 2021,103,364,1
1627574006429,Thu Jul 29 08:53:26 PDT 2021,103,366,-1
1627587399265,Thu Jul 29 12:36:39 PDT 2021,103,373,0
1627609909082,Thu Jul 29 18:51:49 PDT 2021,103,376,0
1627656498379,Fri Jul 30 07:48:18 PDT 2021,103,380,0
1627664336264,Fri Jul 30 09:58:56 PDT 2021,103,382,1
1627667819249,Fri Jul 30 10:56:59 PDT 2021,103,384,1
1627676761679,Fri Jul 30 13:26:01 PDT 2021,103,386,0
1627681710286,Fri Jul 30 14:48:30 PDT 2021,103,388,0
1627682953803,Fri Jul 30 15:09:13 PDT 2021,103,389,1
1627703645988,Fri Jul 30 20:54:05 PDT 2021,103,396,1
1627769902261,Sat Jul 31 15:18:22 PDT 2021,103,401,1
1627771928038,Sat Jul 31 15:52:08 PDT 2021,103,402,1
1627776932582,Sat Jul 31 17:15:32 PDT 2021,103,403,1
1627838217968,Sun Aug 01 10:16:57 PDT 2021,103,404,1
1625080665929,Wed Jun 30 12:17:45 PDT 2021,104,39,1
1625102431120,Wed Jun 30 18:20:31 PDT 2021,105,0,1
1625160922692,Thu Jul 01 10:35:22 PDT 2021,105,26,-1
1625099059786,Wed Jun 30 17:24:19 PDT 2021,105,41,1
1625093250257,Wed Jun 30 15:47:30 PDT 2021,105,45,1
1625094844715,Wed Jun 30 16:14:04 PDT 2021,105,46,1
1625094909386,Wed Jun 30 16:15:09 PDT 2021,105,47,1
1625095773311,Wed Jun 30 16:29:33 PDT 2021,105,48,1
1625099092359,Wed Jun 30 17:24:52 PDT 2021,105,50,1
1625100897978,Wed Jun 30 17:54:57 PDT 2021,105,51,-1
1625100885449,Wed Jun 30 17:54:45 PDT 2021,105,52,1
1625101195181,Wed Jun 30 17:59:55 PDT 2021,105,53,1
1625101409385,Wed Jun 30 18:03:29 PDT 2021,105,54,0
1625108043616,Wed Jun 30 19:54:03 PDT 2021,105,55,1
1625112179740,Wed Jun 30 21:02:59 PDT 2021,105,56,1
1625115963328,Wed Jun 30 22:06:03 PDT 2021,105,57,1
1625117418114,Wed Jun 30 22:30:18 PDT 2021,105,58,1
1625117716452,Wed Jun 30 22:35:16 PDT 2021,105,59,0
1625120771879,Wed Jun 30 23:26:11 PDT 2021,105,60,1
1625150361992,Thu Jul 01 07:39:21 PDT 2021,105,61,1
1625150900043,Thu Jul 01 07:48:20 PDT 2021,105,62,1
1625152973571,Thu Jul 01 08:22:53 PDT 2021,105,63,1
1625155607879,Thu Jul 01 09:06:47 PDT 2021,105,64,1
1625158057377,Thu Jul 01 09:47:37 PDT 2021,105,65,0
1625410291190,Sun Jul 04 07:51:31 PDT 2021,105,66,1
1625159503911,Thu Jul 01 10:11:43 PDT 2021,105,68,1
1625160215662,Thu Jul 01 10:23:35 PDT 2021,105,69,1
1625160084321,Thu Jul 01 10:21:24 PDT 2021,105,70,1
1625162686691,Thu Jul 01 11:04:46 PDT 2021,105,71,1
1625163473428,Thu Jul 01 11:17:53 PDT 2021,105,73,1
1625163869742,Thu Jul 01 11:24:29 PDT 2021,105,74,0
1625164999210,Thu Jul 01 11:43:19 PDT 2021,105,85,1
1625168638003,Thu Jul 01 12:43:58 PDT 2021,105,92,1
1625173708622,Thu Jul 01 14:08:28 PDT 2021,105,93,0
1625175198798,Thu Jul 01 14:33:18 PDT 2021,105,94,1
1625179559687,Thu Jul 01 15:45:59 PDT 2021,105,95,1
1625182956091,Thu Jul 01 16:42:36 PDT 2021,105,96,0
1626145255905,Mon Jul 12 20:00:55 PDT 2021,105,98,0
1625191048419,Thu Jul 01 18:57:28 PDT 2021,105,100,1
1625190775050,Thu Jul 01 18:52:55 PDT 2021,105,101,0
1625199752941,Thu Jul 01 21:22:32 PDT 2021,105,102,1
1625238374932,Fri Jul 02 08:06:14 PDT 2021,105,103,1
1625241136621,Fri Jul 02 08:52:16 PDT 2021,105,104,1
1625242232748,Fri Jul 02 09:10:32 PDT 2021,105,106,1
1625246112198,Fri Jul 02 10:15:12 PDT 2021,105,107,1
1625266850218,Fri Jul 02 16:00:50 PDT 2021,105,111,1
1625275475526,Fri Jul 02 18:24:35 PDT 2021,105,112,1
1625329460020,Sat Jul 03 09:24:20 PDT 2021,105,118,0
1625333196478,Sat Jul 03 10:26:36 PDT 2021,105,119,1
1625362323128,Sat Jul 03 18:32:03 PDT 2021,105,120,-1
1625364418384,Sat Jul 03 19:06:58 PDT 2021,105,121,-1
1625365462239,Sat Jul 03 19:24:22 PDT 2021,105,122,1
1625366269175,Sat Jul 03 19:37:49 PDT 2021,105,123,1
1625376009950,Sat Jul 03 22:20:09 PDT 2021,105,124,0
1625384137140,Sun Jul 04 00:35:37 PDT 2021,105,125,1
1625414929205,Sun Jul 04 09:08:49 PDT 2021,105,127,1
1625424608898,Sun Jul 04 11:50:08 PDT 2021,105,131,1
1625428968982,Sun Jul 04 13:02:48 PDT 2021,105,132,-1
1625435777981,Sun Jul 04 14:56:17 PDT 2021,105,135,0
1625436408552,Sun Jul 04 15:06:48 PDT 2021,105,136,1
1625436981272,Sun Jul 04 15:16:21 PDT 2021,105,137,1
1625451946820,Sun Jul 04 19:25:46 PDT 2021,105,141,0
1625454672695,Sun Jul 04 20:11:12 PDT 2021,105,142,1
1625461394640,Sun Jul 04 22:03:14 PDT 2021,105,144,1
1625462504904,Sun Jul 04 22:21:44 PDT 2021,105,145,1
1625495881884,Mon Jul 05 07:38:01 PDT 2021,105,147,1
1625528703766,Mon Jul 05 16:45:03 PDT 2021,105,148,0
1625593614908,Tue Jul 06 10:46:54 PDT 2021,105,151,1
1625602860532,Tue Jul 06 13:21:00 PDT 2021,105,152,0
1625613834518,Tue Jul 06 16:23:54 PDT 2021,105,153,1
1625601334666,Tue Jul 06 12:55:34 PDT 2021,105,154,1
1625611353593,Tue Jul 06 15:42:33 PDT 2021,105,155,0
1625626982661,Tue Jul 06 20:03:02 PDT 2021,105,156,-1
1625635937351,Tue Jul 06 22:32:17 PDT 2021,105,157,1
1625672922390,Wed Jul 07 08:48:42 PDT 2021,105,160,1
1625674682548,Wed Jul 07 09:18:02 PDT 2021,105,161,0
1625674879597,Wed Jul 07 09:21:19 PDT 2021,105,162,1
1625676500392,Wed Jul 07 09:48:20 PDT 2021,105,163,1
1625678528618,Wed Jul 07 10:22:08 PDT 2021,105,166,1
1625686250762,Wed Jul 07 12:30:50 PDT 2021,105,170,1
1625693878542,Wed Jul 07 14:37:58 PDT 2021,105,173,1
1625694158240,Wed Jul 07 14:42:38 PDT 2021,105,174,1
1625696620317,Wed Jul 07 15:23:40 PDT 2021,105,181,0
1625697282715,Wed Jul 07 15:34:42 PDT 2021,105,182,0
1625697976833,Wed Jul 07 15:46:16 PDT 2021,105,183,0
1625699603585,Wed Jul 07 16:13:23 PDT 2021,105,184,1
1625699787061,Wed Jul 07 16:16:27 PDT 2021,105,186,1
1625700859084,Wed Jul 07 16:34:19 PDT 2021,105,187,0
1625700657718,Wed Jul 07 16:30:57 PDT 2021,105,188,1
1625702931918,Wed Jul 07 17:08:51 PDT 2021,105,189,1
1625709555970,Wed Jul 07 18:59:15 PDT 2021,105,191,1
1625710387866,Wed Jul 07 19:13:07 PDT 2021,105,193,-1
1625710539882,Wed Jul 07 19:15:39 PDT 2021,105,194,1
1625722898891,Wed Jul 07 22:41:38 PDT 2021,105,196,1
1625752941746,Thu Jul 08 07:02:21 PDT 2021,105,197,1
1625772600575,Thu Jul 08 12:30:00 PDT 2021,105,198,1
1625759405184,Thu Jul 08 08:50:05 PDT 2021,105,199,1
1625760055989,Thu Jul 08 09:00:55 PDT 2021,105,200,-1
1625762929419,Thu Jul 08 09:48:49 PDT 2021,105,201,1
1625763608463,Thu Jul 08 10:00:08 PDT 2021,105,203,1
1625770560291,Thu Jul 08 11:56:00 PDT 2021,105,205,1
1625782223692,Thu Jul 08 15:10:23 PDT 2021,105,207,1
1625784388197,Thu Jul 08 15:46:28 PDT 2021,105,208,1
1625786674375,Thu Jul 08 16:24:34 PDT 2021,105,209,1
1625788228744,Thu Jul 08 16:50:28 PDT 2021,105,210,-1
1625844525797,Fri Jul 09 08:28:45 PDT 2021,105,215,1
1625855911973,Fri Jul 09 11:38:31 PDT 2021,105,217,1
1625864494601,Fri Jul 09 14:01:34 PDT 2021,105,218,1
1625868354668,Fri Jul 09 15:05:54 PDT 2021,105,219,0
1625921058907,Sat Jul 10 05:44:18 PDT 2021,105,223,1
1625922119331,Sat Jul 10 06:01:59 PDT 2021,105,224,1
1625929612392,Sat Jul 10 08:06:52 PDT 2021,105,226,1
1625932849555,Sat Jul 10 09:00:49 PDT 2021,105,227,1
1625939686156,Sat Jul 10 10:54:46 PDT 2021,105,228,1
1625961564975,Sat Jul 10 16:59:24 PDT 2021,105,231,1
1625965417148,Sat Jul 10 18:03:37 PDT 2021,105,232,-1
1625971658737,Sat Jul 10 19:47:38 PDT 2021,105,233,1
1625982252809,Sat Jul 10 22:44:12 PDT 2021,105,234,1
1626011647725,Sun Jul 11 06:54:07 PDT 2021,105,236,-1
1626015247298,Sun Jul 11 07:54:07 PDT 2021,105,237,0
1626015131540,Sun Jul 11 07:52:11 PDT 2021,105,238,1
1626018258358,Sun Jul 11 08:44:18 PDT 2021,105,239,1
1626027347092,Sun Jul 11 11:15:47 PDT 2021,105,240,1
1626031467375,Sun Jul 11 12:24:27 PDT 2021,105,241,1
1626033832026,Sun Jul 11 13:03:52 PDT 2021,105,243,1
1626055736920,Sun Jul 11 19:08:56 PDT 2021,105,247,-1
1626063616243,Sun Jul 11 21:20:16 PDT 2021,105,248,1
1626097207433,Mon Jul 12 06:40:07 PDT 2021,105,249,1
1626097354804,Mon Jul 12 06:42:34 PDT 2021,105,250,1
1626160373564,Tue Jul 13 00:12:53 PDT 2021,105,255,1
1626184769519,Tue Jul 13 06:59:29 PDT 2021,105,256,0
1626641187627,Sun Jul 18 13:46:27 PDT 2021,105,258,0
1626214278056,Tue Jul 13 15:11:18 PDT 2021,105,260,1
1626220857565,Tue Jul 13 17:00:57 PDT 2021,105,263,1
1626235294293,Tue Jul 13 21:01:34 PDT 2021,105,265,1
1626383709430,Thu Jul 15 14:15:09 PDT 2021,105,267,1
1626360399043,Thu Jul 15 07:46:39 PDT 2021,105,269,1
1626386366066,Thu Jul 15 14:59:26 PDT 2021,105,271,1
1626455512286,Fri Jul 16 10:11:52 PDT 2021,105,274,1
1626471071787,Fri Jul 16 14:31:11 PDT 2021,105,275,1
1626492949588,Fri Jul 16 20:35:49 PDT 2021,105,276,0
1626540856124,Sat Jul 17 09:54:16 PDT 2021,105,278,1
1626545424083,Sat Jul 17 11:10:24 PDT 2021,105,280,1
1626552537703,Sat Jul 17 13:08:57 PDT 2021,105,281,1
1626554016411,Sat Jul 17 13:33:36 PDT 2021,105,282,-1
1626567986956,Sat Jul 17 17:26:26 PDT 2021,105,284,1
1626584778732,Sat Jul 17 22:06:18 PDT 2021,105,286,1
1626712900340,Mon Jul 19 09:41:40 PDT 2021,105,288,0
1626716260441,Mon Jul 19 10:37:40 PDT 2021,105,290,1
1626720237650,Mon Jul 19 11:43:57 PDT 2021,105,291,1
1626723933956,Mon Jul 19 12:45:33 PDT 2021,105,292,1
1626737350393,Mon Jul 19 16:29:10 PDT 2021,105,294,1
1626752254126,Mon Jul 19 20:37:34 PDT 2021,105,295,1
1626791915650,Tue Jul 20 07:38:35 PDT 2021,105,296,1
1626798494559,Tue Jul 20 09:28:14 PDT 2021,105,298,1
1626908333552,Wed Jul 21 15:58:53 PDT 2021,105,299,0
1626965391377,Thu Jul 22 07:49:51 PDT 2021,105,300,0
1627001434435,Thu Jul 22 17:50:34 PDT 2021,105,302,1
1627002525860,Thu Jul 22 18:08:45 PDT 2021,105,303,-1
1627008470802,Thu Jul 22 19:47:50 PDT 2021,105,305,1
1627084163135,Fri Jul 23 16:49:23 PDT 2021,105,309,-1
1627085590138,Fri Jul 23 17:13:10 PDT 2021,105,310,-1
1627086877481,Fri Jul 23 17:34:37 PDT 2021,105,311,-1
1627087815094,Fri Jul 23 17:50:15 PDT 2021,105,312,-1
1627100163432,Fri Jul 23 21:16:03 PDT 2021,105,313,-1
1627100576448,Fri Jul 23 21:22:56 PDT 2021,105,314,-1
1627101629952,Fri Jul 23 21:40:29 PDT 2021,105,315,-1
1627162304069,Sat Jul 24 14:31:44 PDT 2021,105,317,0
1627187039126,Sat Jul 24 21:23:59 PDT 2021,105,318,1
1627192223446,Sat Jul 24 22:50:23 PDT 2021,105,319,1
1627404823280,Tue Jul 27 09:53:43 PDT 2021,105,321,1
1627407599755,Tue Jul 27 10:39:59 PDT 2021,105,322,1
1627410944616,Tue Jul 27 11:35:44 PDT 2021,105,323,1
1627414841958,Tue Jul 27 12:40:41 PDT 2021,105,325,1
1627424602515,Tue Jul 27 15:23:22 PDT 2021,105,326,1
1627439547540,Tue Jul 27 19:32:27 PDT 2021,105,327,0
1627451467096,Tue Jul 27 22:51:07 PDT 2021,105,329,1
1627502816371,Wed Jul 28 13:06:56 PDT 2021,105,332,1
1627503156824,Wed Jul 28 13:12:36 PDT 2021,105,334,1
1627504992390,Wed Jul 28 13:43:12 PDT 2021,105,337,1
1627505727014,Wed Jul 28 13:55:27 PDT 2021,105,339,1
1627506803968,Wed Jul 28 14:13:23 PDT 2021,105,341,1
1627506867917,Wed Jul 28 14:14:27 PDT 2021,105,342,0
1627509180425,Wed Jul 28 14:53:00 PDT 2021,105,343,-1
1627509334646,Wed Jul 28 14:55:34 PDT 2021,105,345,1
1627515041658,Wed Jul 28 16:30:41 PDT 2021,105,348,1
1627515183220,Wed Jul 28 16:33:03 PDT 2021,105,349,1
1627515303570,Wed Jul 28 16:35:03 PDT 2021,105,350,1
1627522543605,Wed Jul 28 18:35:43 PDT 2021,105,353,-1
1627521840668,Wed Jul 28 18:24:00 PDT 2021,105,356,-1
1627529417390,Wed Jul 28 20:30:17 PDT 2021,105,357,1
1627532094954,Wed Jul 28 21:14:54 PDT 2021,105,358,-1
1627532729889,Wed Jul 28 21:25:29 PDT 2021,105,359,1
1627536167457,Wed Jul 28 22:22:47 PDT 2021,105,361,1
1627536575508,Wed Jul 28 22:29:35 PDT 2021,105,363,1
1627544698020,Thu Jul 29 00:44:58 PDT 2021,105,364,1
1627573493216,Thu Jul 29 08:44:53 PDT 2021,105,366,-1
1627578016630,Thu Jul 29 10:00:16 PDT 2021,105,368,1
1627583765346,Thu Jul 29 11:36:05 PDT 2021,105,371,1
1627586531213,Thu Jul 29 12:22:11 PDT 2021,105,373,1
1627608089882,Thu Jul 29 18:21:29 PDT 2021,105,376,1
1627611799352,Thu Jul 29 19:23:19 PDT 2021,105,377,1
1627613618342,Thu Jul 29 19:53:38 PDT 2021,105,378,1
1627618000734,Thu Jul 29 21:06:40 PDT 2021,105,379,1
1627656472964,Fri Jul 30 07:47:52 PDT 2021,105,380,0
1627656306043,Fri Jul 30 07:45:06 PDT 2021,105,381,1
1627663698734,Fri Jul 30 09:48:18 PDT 2021,105,382,1
1627666739060,Fri Jul 30 10:38:59 PDT 2021,105,384,-1
1627675621739,Fri Jul 30 13:07:01 PDT 2021,105,386,1
1627680756345,Fri Jul 30 14:32:36 PDT 2021,105,388,1
1627681930432,Fri Jul 30 14:52:10 PDT 2021,105,389,1
1627684573782,Fri Jul 30 15:36:13 PDT 2021,105,392,1
1627686331344,Fri Jul 30 16:05:31 PDT 2021,105,394,1
1627702559365,Fri Jul 30 20:35:59 PDT 2021,105,396,0
1627752499047,Sat Jul 31 10:28:19 PDT 2021,105,398,1
1627759919247,Sat Jul 31 12:31:59 PDT 2021,105,400,1
1627770380251,Sat Jul 31 15:26:20 PDT 2021,105,401,1
1627771939600,Sat Jul 31 15:52:19 PDT 2021,105,402,1
1627776687881,Sat Jul 31 17:11:27 PDT 2021,105,403,0
1627838108286,Sun Aug 01 10:15:08 PDT 2021,105,404,1
1625095427102,Wed Jun 30 16:23:47 PDT 2021,106,47,1
1625102437200,Wed Jun 30 18:20:37 PDT 2021,107,0,1
1625600462592,Tue Jul 06 12:41:02 PDT 2021,107,12,-1
1625160955587,Thu Jul 01 10:35:55 PDT 2021,107,26,-1
1625099121301,Wed Jun 30 17:25:21 PDT 2021,107,41,1
1625096179829,Wed Jun 30 16:36:19 PDT 2021,107,46,1
1625096380696,Wed Jun 30 16:39:40 PDT 2021,107,48,-1
1625098974408,Wed Jun 30 17:22:54 PDT 2021,107,50,0
1625100978373,Wed Jun 30 17:56:18 PDT 2021,107,52,0
1625101627147,Wed Jun 30 18:07:07 PDT 2021,107,53,1
1625101427549,Wed Jun 30 18:03:47 PDT 2021,107,54,-1
1625107920815,Wed Jun 30 19:52:00 PDT 2021,107,55,-1
1625112201480,Wed Jun 30 21:03:21 PDT 2021,107,56,-1
1625116069930,Wed Jun 30 22:07:49 PDT 2021,107,57,-1
1625117189217,Wed Jun 30 22:26:29 PDT 2021,107,58,0
1625117935464,Wed Jun 30 22:38:55 PDT 2021,107,59,-1
1625150307864,Thu Jul 01 07:38:27 PDT 2021,107,61,-1
1625151328053,Thu Jul 01 07:55:28 PDT 2021,107,62,-1
1625153303313,Thu Jul 01 08:28:23 PDT 2021,107,63,0
1625155366542,Thu Jul 01 09:02:46 PDT 2021,107,64,0
1625158144336,Thu Jul 01 09:49:04 PDT 2021,107,65,-1
1625410778143,Sun Jul 04 07:59:38 PDT 2021,107,66,-1
1625159850760,Thu Jul 01 10:17:30 PDT 2021,107,68,-1
1625159794479,Thu Jul 01 10:16:34 PDT 2021,107,69,-1
1625160195751,Thu Jul 01 10:23:15 PDT 2021,107,70,-1
1625161299897,Thu Jul 01 10:41:39 PDT 2021,107,71,1
1625163302359,Thu Jul 01 11:15:02 PDT 2021,107,73,1
1625163891712,Thu Jul 01 11:24:51 PDT 2021,107,74,0
1625165030803,Thu Jul 01 11:43:50 PDT 2021,107,85,-1
1625165413970,Thu Jul 01 11:50:13 PDT 2021,107,86,-1
1625168680779,Thu Jul 01 12:44:40 PDT 2021,107,92,-1
1625175306599,Thu Jul 01 14:35:06 PDT 2021,107,94,0
1625179696950,Thu Jul 01 15:48:16 PDT 2021,107,95,-1
1625182695735,Thu Jul 01 16:38:15 PDT 2021,107,96,-1
1626144851148,Mon Jul 12 19:54:11 PDT 2021,107,98,0
1625190918376,Thu Jul 01 18:55:18 PDT 2021,107,100,-1
1625191270612,Thu Jul 01 19:01:10 PDT 2021,107,101,-1
1625200217273,Thu Jul 01 21:30:17 PDT 2021,107,102,0
1625238310273,Fri Jul 02 08:05:10 PDT 2021,107,103,1
1625241902306,Fri Jul 02 09:05:02 PDT 2021,107,104,0
1625242322587,Fri Jul 02 09:12:02 PDT 2021,107,106,0
1625246445880,Fri Jul 02 10:20:45 PDT 2021,107,107,-1
1625266944630,Fri Jul 02 16:02:24 PDT 2021,107,111,-1
1625276023715,Fri Jul 02 18:33:43 PDT 2021,107,112,-1
1625329648522,Sat Jul 03 09:27:28 PDT 2021,107,118,1
1625334253756,Sat Jul 03 10:44:13 PDT 2021,107,119,-1
1625364904600,Sat Jul 03 19:15:04 PDT 2021,107,121,1
1625365635986,Sat Jul 03 19:27:15 PDT 2021,107,122,1
1625365714963,Sat Jul 03 19:28:34 PDT 2021,107,123,-1
1625375297297,Sat Jul 03 22:08:17 PDT 2021,107,124,-1
1625410372956,Sun Jul 04 07:52:52 PDT 2021,107,126,0
1625414650188,Sun Jul 04 09:04:10 PDT 2021,107,127,0
1625424506122,Sun Jul 04 11:48:26 PDT 2021,107,131,0
1625428935933,Sun Jul 04 13:02:15 PDT 2021,107,132,-1
1625435571882,Sun Jul 04 14:52:51 PDT 2021,107,135,-1
1625436204852,Sun Jul 04 15:03:24 PDT 2021,107,136,-1
1625436933805,Sun Jul 04 15:15:33 PDT 2021,107,137,0
1625452374242,Sun Jul 04 19:32:54 PDT 2021,107,141,-1
1625462615064,Sun Jul 04 22:23:35 PDT 2021,107,145,-1
1625496670276,Mon Jul 05 07:51:10 PDT 2021,107,147,0
1625593654088,Tue Jul 06 10:47:34 PDT 2021,107,151,-1
1625602997883,Tue Jul 06 13:23:17 PDT 2021,107,152,-1
1625613489667,Tue Jul 06 16:18:09 PDT 2021,107,153,-1
1625611942136,Tue Jul 06 15:52:22 PDT 2021,107,155,-1
1625627013587,Tue Jul 06 20:03:33 PDT 2021,107,156,-1
1625636112635,Tue Jul 06 22:35:12 PDT 2021,107,157,1
1625672909593,Wed Jul 07 08:48:29 PDT 2021,107,160,0
1625674669119,Wed Jul 07 09:17:49 PDT 2021,107,161,-1
1625675553663,Wed Jul 07 09:32:33 PDT 2021,107,162,0
1625676893966,Wed Jul 07 09:54:53 PDT 2021,107,163,-1
1625678784083,Wed Jul 07 10:26:24 PDT 2021,107,166,-1
1625694225732,Wed Jul 07 14:43:45 PDT 2021,107,173,-1
1625694251726,Wed Jul 07 14:44:11 PDT 2021,107,174,-1
1625694668026,Wed Jul 07 14:51:08 PDT 2021,107,177,0
1625696588539,Wed Jul 07 15:23:08 PDT 2021,107,181,-1
1625698505406,Wed Jul 07 15:55:05 PDT 2021,107,183,0
1625700246401,Wed Jul 07 16:24:06 PDT 2021,107,186,0
1625701255644,Wed Jul 07 16:40:55 PDT 2021,107,187,-1
1625700452216,Wed Jul 07 16:27:32 PDT 2021,107,188,-1
1625703135991,Wed Jul 07 17:12:15 PDT 2021,107,189,1
1625707402134,Wed Jul 07 18:23:22 PDT 2021,107,191,-1
1625709971544,Wed Jul 07 19:06:11 PDT 2021,107,193,-1
1625711029810,Wed Jul 07 19:23:49 PDT 2021,107,194,-1
1625722690236,Wed Jul 07 22:38:10 PDT 2021,107,196,1
1625752853387,Thu Jul 08 07:00:53 PDT 2021,107,197,-1
1625772660480,Thu Jul 08 12:31:00 PDT 2021,107,198,-1
1625759665399,Thu Jul 08 08:54:25 PDT 2021,107,199,-1
1625762748223,Thu Jul 08 09:45:48 PDT 2021,107,201,1
1625763752875,Thu Jul 08 10:02:32 PDT 2021,107,203,0
1625770265003,Thu Jul 08 11:51:05 PDT 2021,107,205,1
1625782356438,Thu Jul 08 15:12:36 PDT 2021,107,207,-1
1625784036389,Thu Jul 08 15:40:36 PDT 2021,107,208,0
1625786709125,Thu Jul 08 16:25:09 PDT 2021,107,209,-1
1625845483889,Fri Jul 09 08:44:43 PDT 2021,107,215,-1
1625855633432,Fri Jul 09 11:33:53 PDT 2021,107,217,-1
1625863532164,Fri Jul 09 13:45:32 PDT 2021,107,218,-1
1625868371003,Fri Jul 09 15:06:11 PDT 2021,107,219,-1
1625921741470,Sat Jul 10 05:55:41 PDT 2021,107,223,-1
1625922521027,Sat Jul 10 06:08:41 PDT 2021,107,224,-1
1625929067520,Sat Jul 10 07:57:47 PDT 2021,107,226,0
1625961754022,Sat Jul 10 17:02:34 PDT 2021,107,231,-1
1625964692102,Sat Jul 10 17:51:32 PDT 2021,107,232,-1
1625971824606,Sat Jul 10 19:50:24 PDT 2021,107,233,0
1625982538662,Sat Jul 10 22:48:58 PDT 2021,107,234,1
1626012218572,Sun Jul 11 07:03:38 PDT 2021,107,236,0
1626015593572,Sun Jul 11 07:59:53 PDT 2021,107,237,-1
1626015772241,Sun Jul 11 08:02:52 PDT 2021,107,238,-1
1626018853156,Sun Jul 11 08:54:13 PDT 2021,107,239,1
1626027392571,Sun Jul 11 11:16:32 PDT 2021,107,240,-1
1626031836087,Sun Jul 11 12:30:36 PDT 2021,107,241,0
1626033858421,Sun Jul 11 13:04:18 PDT 2021,107,243,0
1626063273616,Sun Jul 11 21:14:33 PDT 2021,107,248,-1
1626097726525,Mon Jul 12 06:48:46 PDT 2021,107,250,0
1626160402371,Tue Jul 13 00:13:22 PDT 2021,107,255,0
1626185050759,Tue Jul 13 07:04:10 PDT 2021,107,256,-1
1626198183034,Tue Jul 13 10:43:03 PDT 2021,107,257,0
1626641129805,Sun Jul 18 13:45:29 PDT 2021,107,258,0
1626227984760,Tue Jul 13 18:59:44 PDT 2021,107,259,-1
1626214432215,Tue Jul 13 15:13:52 PDT 2021,107,260,-1
1626234533018,Tue Jul 13 20:48:53 PDT 2021,107,264,0
1626274930514,Wed Jul 14 08:02:10 PDT 2021,107,265,-1
1626383552606,Thu Jul 15 14:12:32 PDT 2021,107,267,0
1626386349741,Thu Jul 15 14:59:09 PDT 2021,107,271,-1
1626456294772,Fri Jul 16 10:24:54 PDT 2021,107,274,-1
1626472102226,Fri Jul 16 14:48:22 PDT 2021,107,275,-1
1626492999770,Fri Jul 16 20:36:39 PDT 2021,107,276,1
1626541350716,Sat Jul 17 10:02:30 PDT 2021,107,278,-1
1626545443240,Sat Jul 17 11:10:43 PDT 2021,107,280,1
1626552798626,Sat Jul 17 13:13:18 PDT 2021,107,281,-1
1626553774117,Sat Jul 17 13:29:34 PDT 2021,107,282,-1
1626571002395,Sat Jul 17 18:16:42 PDT 2021,107,284,-1
1626584848709,Sat Jul 17 22:07:28 PDT 2021,107,286,1
1626713110859,Mon Jul 19 09:45:10 PDT 2021,107,288,-1
1626716622404,Mon Jul 19 10:43:42 PDT 2021,107,290,1
1626719867219,Mon Jul 19 11:37:47 PDT 2021,107,291,-1
1626737631511,Mon Jul 19 16:33:51 PDT 2021,107,294,-1
1626752472404,Mon Jul 19 20:41:12 PDT 2021,107,295,-1
1626792423229,Tue Jul 20 07:47:03 PDT 2021,107,296,0
1626799267470,Tue Jul 20 09:41:07 PDT 2021,107,298,-1
1626909759904,Wed Jul 21 16:22:39 PDT 2021,107,299,-1
1626965351157,Thu Jul 22 07:49:11 PDT 2021,107,300,0
1627000984452,Thu Jul 22 17:43:04 PDT 2021,107,302,-1
1627002651342,Thu Jul 22 18:10:51 PDT 2021,107,303,1
1627008881273,Thu Jul 22 19:54:41 PDT 2021,107,305,-1
1627082567264,Fri Jul 23 16:22:47 PDT 2021,107,308,1
1627084343352,Fri Jul 23 16:52:23 PDT 2021,107,309,-1
1627085127808,Fri Jul 23 17:05:27 PDT 2021,107,310,-1
1627087053727,Fri Jul 23 17:37:33 PDT 2021,107,311,1
1627088166715,Fri Jul 23 17:56:06 PDT 2021,107,312,1
1627100282170,Fri Jul 23 21:18:02 PDT 2021,107,313,1
1627101064798,Fri Jul 23 21:31:04 PDT 2021,107,314,-1
1627102045944,Fri Jul 23 21:47:25 PDT 2021,107,315,1
1627162999416,Sat Jul 24 14:43:19 PDT 2021,107,317,-1
1627187947016,Sat Jul 24 21:39:07 PDT 2021,107,318,0
1627192175647,Sat Jul 24 22:49:35 PDT 2021,107,319,-1
1627407797093,Tue Jul 27 10:43:17 PDT 2021,107,322,1
1627415042395,Tue Jul 27 12:44:02 PDT 2021,107,325,1
1627425611815,Tue Jul 27 15:40:11 PDT 2021,107,326,0
1627505146988,Wed Jul 28 13:45:46 PDT 2021,107,337,1
1627506005848,Wed Jul 28 14:00:05 PDT 2021,107,339,1
1627506814864,Wed Jul 28 14:13:34 PDT 2021,107,341,1
1627509008749,Wed Jul 28 14:50:08 PDT 2021,107,343,-1
1627515261110,Wed Jul 28 16:34:21 PDT 2021,107,348,-1
1627524100277,Wed Jul 28 19:01:40 PDT 2021,107,353,-1
1627522346018,Wed Jul 28 18:32:26 PDT 2021,107,356,-1
1627529756428,Wed Jul 28 20:35:56 PDT 2021,107,357,1
1627543962774,Thu Jul 29 00:32:42 PDT 2021,107,364,-1
1627573924345,Thu Jul 29 08:52:04 PDT 2021,107,366,1
1627578428019,Thu Jul 29 10:07:08 PDT 2021,107,368,-1
1627587322126,Thu Jul 29 12:35:22 PDT 2021,107,373,-1
1627609421601,Thu Jul 29 18:43:41 PDT 2021,107,376,-1
1627656299860,Fri Jul 30 07:44:59 PDT 2021,107,380,-1
1627656537527,Fri Jul 30 07:48:57 PDT 2021,107,381,0
1627664348903,Fri Jul 30 09:59:08 PDT 2021,107,382,1
1627667501122,Fri Jul 30 10:51:41 PDT 2021,107,384,1
1627676165816,Fri Jul 30 13:16:05 PDT 2021,107,386,-1
1627680910131,Fri Jul 30 14:35:10 PDT 2021,107,388,0
1627682933035,Fri Jul 30 15:08:53 PDT 2021,107,389,-1
1627686198499,Fri Jul 30 16:03:18 PDT 2021,107,394,1
1627690338906,Fri Jul 30 17:12:18 PDT 2021,107,395,0
1627703715751,Fri Jul 30 20:55:15 PDT 2021,107,396,0
1627770547291,Sat Jul 31 15:29:07 PDT 2021,107,401,0
1627772306940,Sat Jul 31 15:58:26 PDT 2021,107,402,1
1627776675905,Sat Jul 31 17:11:15 PDT 2021,107,403,-1
1627837867812,Sun Aug 01 10:11:07 PDT 2021,107,404,1
1625102393848,Wed Jun 30 18:19:53 PDT 2021,108,0,1
1625160972524,Thu Jul 01 10:36:12 PDT 2021,108,26,0
1625099063478,Wed Jun 30 17:24:23 PDT 2021,108,41,0
1625097171619,Wed Jun 30 16:52:51 PDT 2021,108,48,1
1625098982688,Wed Jun 30 17:23:02 PDT 2021,108,50,0
1625100986715,Wed Jun 30 17:56:26 PDT 2021,108,51,-1
1625101328123,Wed Jun 30 18:02:08 PDT 2021,108,52,1
1625101612572,Wed Jun 30 18:06:52 PDT 2021,108,53,1
1625101481227,Wed Jun 30 18:04:41 PDT 2021,108,54,-1
1625107949487,Wed Jun 30 19:52:29 PDT 2021,108,55,1
1625112167313,Wed Jun 30 21:02:47 PDT 2021,108,56,0
1625115844514,Wed Jun 30 22:04:04 PDT 2021,108,57,1
1625117575499,Wed Jun 30 22:32:55 PDT 2021,108,58,1
1625117994274,Wed Jun 30 22:39:54 PDT 2021,108,59,0
1625120685502,Wed Jun 30 23:24:45 PDT 2021,108,60,0
1625150275545,Thu Jul 01 07:37:55 PDT 2021,108,61,1
1625151245738,Thu Jul 01 07:54:05 PDT 2021,108,62,0
1625154204603,Thu Jul 01 08:43:24 PDT 2021,108,63,1
1625155563330,Thu Jul 01 09:06:03 PDT 2021,108,64,1
1625157828617,Thu Jul 01 09:43:48 PDT 2021,108,65,0
1625410500932,Sun Jul 04 07:55:00 PDT 2021,108,66,-1
1625159586745,Thu Jul 01 10:13:06 PDT 2021,108,68,-1
1625160118405,Thu Jul 01 10:21:58 PDT 2021,108,69,1
1625167908326,Thu Jul 01 12:31:48 PDT 2021,108,70,1
1625161548486,Thu Jul 01 10:45:48 PDT 2021,108,71,1
1625163466378,Thu Jul 01 11:17:46 PDT 2021,108,73,1
1625166985941,Thu Jul 01 12:16:25 PDT 2021,108,74,0
1625164101371,Thu Jul 01 11:28:21 PDT 2021,108,83,1
1625164930823,Thu Jul 01 11:42:10 PDT 2021,108,85,1
1625165393347,Thu Jul 01 11:49:53 PDT 2021,108,86,1
1625168869167,Thu Jul 01 12:47:49 PDT 2021,108,92,0
1625175275591,Thu Jul 01 14:34:35 PDT 2021,108,94,1
1625179751829,Thu Jul 01 15:49:11 PDT 2021,108,95,1
1625183083397,Thu Jul 01 16:44:43 PDT 2021,108,96,0
1626145314243,Mon Jul 12 20:01:54 PDT 2021,108,98,1
1625189851806,Thu Jul 01 18:37:31 PDT 2021,108,99,1
1625190345841,Thu Jul 01 18:45:45 PDT 2021,108,100,1
1625191051708,Thu Jul 01 18:57:31 PDT 2021,108,101,0
1625199679058,Thu Jul 01 21:21:19 PDT 2021,108,102,1
1625238368113,Fri Jul 02 08:06:08 PDT 2021,108,103,1
1625241663709,Fri Jul 02 09:01:03 PDT 2021,108,104,1
1625242051686,Fri Jul 02 09:07:31 PDT 2021,108,106,0
1625246531581,Fri Jul 02 10:22:11 PDT 2021,108,107,0
1625266521190,Fri Jul 02 15:55:21 PDT 2021,108,111,1
1625274913906,Fri Jul 02 18:15:13 PDT 2021,108,112,1
1625329044244,Sat Jul 03 09:17:24 PDT 2021,108,118,-1
1625333606036,Sat Jul 03 10:33:26 PDT 2021,108,119,1
1625364951366,Sat Jul 03 19:15:51 PDT 2021,108,121,1
1625365225849,Sat Jul 03 19:20:25 PDT 2021,108,122,1
1625366306102,Sat Jul 03 19:38:26 PDT 2021,108,123,0
1625374579800,Sat Jul 03 21:56:19 PDT 2021,108,124,-1
1625384748609,Sun Jul 04 00:45:48 PDT 2021,108,125,0
1625410508142,Sun Jul 04 07:55:08 PDT 2021,108,126,0
1625413582189,Sun Jul 04 08:46:22 PDT 2021,108,127,0
1625425053018,Sun Jul 04 11:57:33 PDT 2021,108,131,1
1625429128827,Sun Jul 04 13:05:28 PDT 2021,108,132,-1
1625436225091,Sun Jul 04 15:03:45 PDT 2021,108,135,0
1625436919331,Sun Jul 04 15:15:19 PDT 2021,108,136,0
1625436948583,Sun Jul 04 15:15:48 PDT 2021,108,137,1
1625452321648,Sun Jul 04 19:32:01 PDT 2021,108,141,0
1625454608729,Sun Jul 04 20:10:08 PDT 2021,108,142,0
1625461266781,Sun Jul 04 22:01:06 PDT 2021,108,144,0
1625462751191,Sun Jul 04 22:25:51 PDT 2021,108,145,0
1625496900297,Mon Jul 05 07:55:00 PDT 2021,108,147,0
1625528756633,Mon Jul 05 16:45:56 PDT 2021,108,148,0
1625594136588,Tue Jul 06 10:55:36 PDT 2021,108,151,-1
1625603009623,Tue Jul 06 13:23:29 PDT 2021,108,152,0
1625614131217,Tue Jul 06 16:28:51 PDT 2021,108,153,-1
1625611789744,Tue Jul 06 15:49:49 PDT 2021,108,155,1
1625627611656,Tue Jul 06 20:13:31 PDT 2021,108,156,1
1625636059867,Tue Jul 06 22:34:19 PDT 2021,108,157,1
1625673023846,Wed Jul 07 08:50:23 PDT 2021,108,160,-1
1625674703077,Wed Jul 07 09:18:23 PDT 2021,108,161,1
1625675421546,Wed Jul 07 09:30:21 PDT 2021,108,162,1
1625676900958,Wed Jul 07 09:55:00 PDT 2021,108,163,1
1625677404974,Wed Jul 07 10:03:24 PDT 2021,108,165,1
1625678702127,Wed Jul 07 10:25:02 PDT 2021,108,166,0
1625693199171,Wed Jul 07 14:26:39 PDT 2021,108,173,0
1625694371104,Wed Jul 07 14:46:11 PDT 2021,108,174,0
1625696747878,Wed Jul 07 15:25:47 PDT 2021,108,181,0
1625698360957,Wed Jul 07 15:52:40 PDT 2021,108,183,0
1625699977003,Wed Jul 07 16:19:37 PDT 2021,108,186,0
1625701226069,Wed Jul 07 16:40:26 PDT 2021,108,187,1
1625700917533,Wed Jul 07 16:35:17 PDT 2021,108,188,1
1625703027633,Wed Jul 07 17:10:27 PDT 2021,108,189,-1
1625706883203,Wed Jul 07 18:14:43 PDT 2021,108,191,1
1625710252927,Wed Jul 07 19:10:52 PDT 2021,108,193,0
1625711020054,Wed Jul 07 19:23:40 PDT 2021,108,194,1
1625723218006,Wed Jul 07 22:46:58 PDT 2021,108,196,1
1625755751982,Thu Jul 08 07:49:11 PDT 2021,108,198,1
1625759473517,Thu Jul 08 08:51:13 PDT 2021,108,199,1
1625762859015,Thu Jul 08 09:47:39 PDT 2021,108,201,-1
1625763573141,Thu Jul 08 09:59:33 PDT 2021,108,203,1
1625770355065,Thu Jul 08 11:52:35 PDT 2021,108,205,1
1625782041657,Thu Jul 08 15:07:21 PDT 2021,108,207,0
1625784444529,Thu Jul 08 15:47:24 PDT 2021,108,208,1
1625786918753,Thu Jul 08 16:28:38 PDT 2021,108,209,-1
1625845344441,Fri Jul 09 08:42:24 PDT 2021,108,215,-1
1625855945437,Fri Jul 09 11:39:05 PDT 2021,108,217,1
1625865002120,Fri Jul 09 14:10:02 PDT 2021,108,218,0
1625868626548,Fri Jul 09 15:10:26 PDT 2021,108,219,1
1625921851308,Sat Jul 10 05:57:31 PDT 2021,108,223,-1
1625922469765,Sat Jul 10 06:07:49 PDT 2021,108,224,0
1625929886413,Sat Jul 10 08:11:26 PDT 2021,108,226,0
1625965601343,Sat Jul 10 18:06:41 PDT 2021,108,232,-1
1625982508653,Sat Jul 10 22:48:28 PDT 2021,108,234,-1
1626012659551,Sun Jul 11 07:10:59 PDT 2021,108,236,0
1626015677038,Sun Jul 11 08:01:17 PDT 2021,108,237,1
1626015801660,Sun Jul 11 08:03:21 PDT 2021,108,238,-1
1626018830761,Sun Jul 11 08:53:50 PDT 2021,108,239,0
1626027743306,Sun Jul 11 11:22:23 PDT 2021,108,240,1
1626032001066,Sun Jul 11 12:33:21 PDT 2021,108,241,1
1626032992548,Sun Jul 11 12:49:52 PDT 2021,108,243,1
1626063685464,Sun Jul 11 21:21:25 PDT 2021,108,248,-1
1626097600409,Mon Jul 12 06:46:40 PDT 2021,108,250,0
1626160072777,Tue Jul 13 00:07:52 PDT 2021,108,255,0
1626185083925,Tue Jul 13 07:04:43 PDT 2021,108,256,-1
1626214413126,Tue Jul 13 15:13:33 PDT 2021,108,260,1
1626218844760,Tue Jul 13 16:27:24 PDT 2021,108,262,0
1626220725309,Tue Jul 13 16:58:45 PDT 2021,108,263,1
1626298283158,Wed Jul 14 14:31:23 PDT 2021,108,265,1
1626383315437,Thu Jul 15 14:08:35 PDT 2021,108,267,1
1626360710878,Thu Jul 15 07:51:50 PDT 2021,108,269,0
1626386388752,Thu Jul 15 14:59:48 PDT 2021,108,271,0
1626456215484,Fri Jul 16 10:23:35 PDT 2021,108,274,1
1626472108549,Fri Jul 16 14:48:28 PDT 2021,108,275,0
1626493045985,Fri Jul 16 20:37:25 PDT 2021,108,276,0
1626541380783,Sat Jul 17 10:03:00 PDT 2021,108,278,0
1626540616931,Sat Jul 17 09:50:16 PDT 2021,108,279,1
1626546405844,Sat Jul 17 11:26:45 PDT 2021,108,280,1
1626552789427,Sat Jul 17 13:13:09 PDT 2021,108,281,-1
1626554089562,Sat Jul 17 13:34:49 PDT 2021,108,282,-1
1626568459165,Sat Jul 17 17:34:19 PDT 2021,108,284,1
1626584856356,Sat Jul 17 22:07:36 PDT 2021,108,286,1
1626713293930,Mon Jul 19 09:48:13 PDT 2021,108,288,0
1626720051644,Mon Jul 19 11:40:51 PDT 2021,108,291,0
1626733991684,Mon Jul 19 15:33:11 PDT 2021,108,292,1
1626737316243,Mon Jul 19 16:28:36 PDT 2021,108,294,0
1626751905630,Mon Jul 19 20:31:45 PDT 2021,108,295,0
1626792533308,Tue Jul 20 07:48:53 PDT 2021,108,296,1
1626798681344,Tue Jul 20 09:31:21 PDT 2021,108,298,1
1626909522494,Wed Jul 21 16:18:42 PDT 2021,108,299,1
1626965286599,Thu Jul 22 07:48:06 PDT 2021,108,300,1
1627000898185,Thu Jul 22 17:41:38 PDT 2021,108,302,1
1627002586374,Thu Jul 22 18:09:46 PDT 2021,108,303,-1
1627008965033,Thu Jul 22 19:56:05 PDT 2021,108,305,1
1627084431422,Fri Jul 23 16:53:51 PDT 2021,108,309,-1
1627085778259,Fri Jul 23 17:16:18 PDT 2021,108,310,-1
1627087345127,Fri Jul 23 17:42:25 PDT 2021,108,311,-1
1627087898755,Fri Jul 23 17:51:38 PDT 2021,108,312,-1
1627100216892,Fri Jul 23 21:16:56 PDT 2021,108,313,-1
1627101186971,Fri Jul 23 21:33:06 PDT 2021,108,314,-1
1627102002225,Fri Jul 23 21:46:42 PDT 2021,108,315,-1
1627163394673,Sat Jul 24 14:49:54 PDT 2021,108,317,0
1627188028464,Sat Jul 24 21:40:28 PDT 2021,108,318,1
1627191943975,Sat Jul 24 22:45:43 PDT 2021,108,319,1
1627408019881,Tue Jul 27 10:46:59 PDT 2021,108,322,1
1627414768477,Tue Jul 27 12:39:28 PDT 2021,108,325,1
1627698829785,Fri Jul 30 19:33:49 PDT 2021,108,326,0
1627451256400,Tue Jul 27 22:47:36 PDT 2021,108,328,1
1627502911429,Wed Jul 28 13:08:31 PDT 2021,108,332,1
1627504248618,Wed Jul 28 13:30:48 PDT 2021,108,334,1
1627505326393,Wed Jul 28 13:48:46 PDT 2021,108,337,1
1627505965206,Wed Jul 28 13:59:25 PDT 2021,108,339,1
1627506673890,Wed Jul 28 14:11:13 PDT 2021,108,341,1
1627508751529,Wed Jul 28 14:45:51 PDT 2021,108,343,-1
1627515290871,Wed Jul 28 16:34:50 PDT 2021,108,348,1
1627522533770,Wed Jul 28 18:35:33 PDT 2021,108,353,-1
1627522140529,Wed Jul 28 18:29:00 PDT 2021,108,356,0
1627529696859,Wed Jul 28 20:34:56 PDT 2021,108,357,1
1627536162465,Wed Jul 28 22:22:42 PDT 2021,108,361,1
1627543995296,Thu Jul 29 00:33:15 PDT 2021,108,364,1
1627574077698,Thu Jul 29 08:54:37 PDT 2021,108,366,1
1627578832340,Thu Jul 29 10:13:52 PDT 2021,108,368,0
1627586826323,Thu Jul 29 12:27:06 PDT 2021,108,373,1
1627595419548,Thu Jul 29 14:50:19 PDT 2021,108,375,0
1627609432824,Thu Jul 29 18:43:52 PDT 2021,108,376,1
1627655328438,Fri Jul 30 07:28:48 PDT 2021,108,380,0
1627664352028,Fri Jul 30 09:59:12 PDT 2021,108,382,1
1627667673648,Fri Jul 30 10:54:33 PDT 2021,108,384,0
1627675493289,Fri Jul 30 13:04:53 PDT 2021,108,386,1
1627681223142,Fri Jul 30 14:40:23 PDT 2021,108,388,0
1627681850297,Fri Jul 30 14:50:50 PDT 2021,108,389,-1
1627684668834,Fri Jul 30 15:37:48 PDT 2021,108,392,1
1627686228986,Fri Jul 30 16:03:48 PDT 2021,108,394,1
1627703761183,Fri Jul 30 20:56:01 PDT 2021,108,396,0
1627752396318,Sat Jul 31 10:26:36 PDT 2021,108,397,1
1627756985094,Sat Jul 31 11:43:05 PDT 2021,108,399,0
1627759676124,Sat Jul 31 12:27:56 PDT 2021,108,400,0
1627770262523,Sat Jul 31 15:24:22 PDT 2021,108,401,1
1627771692332,Sat Jul 31 15:48:12 PDT 2021,108,402,1
1627776008521,Sat Jul 31 17:00:08 PDT 2021,108,403,1
1627838073988,Sun Aug 01 10:14:33 PDT 2021,108,404,1
1625097383589,Wed Jun 30 16:56:23 PDT 2021,109,48,1
1625102413776,Wed Jun 30 18:20:13 PDT 2021,110,0,1
1625160880896,Thu Jul 01 10:34:40 PDT 2021,110,26,0
1625098980173,Wed Jun 30 17:23:00 PDT 2021,110,41,0
1625097430212,Wed Jun 30 16:57:10 PDT 2021,110,48,1
1625099083178,Wed Jun 30 17:24:43 PDT 2021,110,50,0
1625101033827,Wed Jun 30 17:57:13 PDT 2021,110,52,1
1625101600567,Wed Jun 30 18:06:40 PDT 2021,110,53,1
1625101226173,Wed Jun 30 18:00:26 PDT 2021,110,54,1
1625108138940,Wed Jun 30 19:55:38 PDT 2021,110,55,-1
1625112303905,Wed Jun 30 21:05:03 PDT 2021,110,56,1
1625115887352,Wed Jun 30 22:04:47 PDT 2021,110,57,1
1625117388780,Wed Jun 30 22:29:48 PDT 2021,110,58,1
1625117949754,Wed Jun 30 22:39:09 PDT 2021,110,59,-1
1625120578802,Wed Jun 30 23:22:58 PDT 2021,110,60,0
1625150292748,Thu Jul 01 07:38:12 PDT 2021,110,61,1
1625151176223,Thu Jul 01 07:52:56 PDT 2021,110,62,1
1625153116084,Thu Jul 01 08:25:16 PDT 2021,110,63,1
1625155720424,Thu Jul 01 09:08:40 PDT 2021,110,64,1
1625158079818,Thu Jul 01 09:47:59 PDT 2021,110,65,1
1625410581866,Sun Jul 04 07:56:21 PDT 2021,110,66,0
1625159768473,Thu Jul 01 10:16:08 PDT 2021,110,68,0
1625160019940,Thu Jul 01 10:20:19 PDT 2021,110,69,1
1625159987680,Thu Jul 01 10:19:47 PDT 2021,110,70,1
1625160851558,Thu Jul 01 10:34:11 PDT 2021,110,71,1
1625163618460,Thu Jul 01 11:20:18 PDT 2021,110,73,1
1625163884641,Thu Jul 01 11:24:44 PDT 2021,110,74,0
1625164128379,Thu Jul 01 11:28:48 PDT 2021,110,83,1
1625165107820,Thu Jul 01 11:45:07 PDT 2021,110,85,1
1625165345643,Thu Jul 01 11:49:05 PDT 2021,110,86,1
1625168497107,Thu Jul 01 12:41:37 PDT 2021,110,92,1
1625173957943,Thu Jul 01 14:12:37 PDT 2021,110,93,0
1625175417412,Thu Jul 01 14:36:57 PDT 2021,110,94,0
1625179714291,Thu Jul 01 15:48:34 PDT 2021,110,95,-1
1625183243121,Thu Jul 01 16:47:23 PDT 2021,110,96,1
1626145075627,Mon Jul 12 19:57:55 PDT 2021,110,98,1
1625191348335,Thu Jul 01 19:02:28 PDT 2021,110,100,1
1625191217932,Thu Jul 01 19:00:17 PDT 2021,110,101,1
1625199684591,Thu Jul 01 21:21:24 PDT 2021,110,102,1
1625238254503,Fri Jul 02 08:04:14 PDT 2021,110,103,1
1625241880391,Fri Jul 02 09:04:40 PDT 2021,110,104,1
1625241954065,Fri Jul 02 09:05:54 PDT 2021,110,106,0
1625246477089,Fri Jul 02 10:21:17 PDT 2021,110,107,1
1625252386195,Fri Jul 02 11:59:46 PDT 2021,110,109,-1
1625266993127,Fri Jul 02 16:03:13 PDT 2021,110,111,1
1625274708981,Fri Jul 02 18:11:48 PDT 2021,110,112,1
1625329290038,Sat Jul 03 09:21:30 PDT 2021,110,118,0
1625334225818,Sat Jul 03 10:43:45 PDT 2021,110,119,1
1625364958626,Sat Jul 03 19:15:58 PDT 2021,110,121,-1
1625365666867,Sat Jul 03 19:27:46 PDT 2021,110,122,-1
1625366052125,Sat Jul 03 19:34:12 PDT 2021,110,123,1
1625375216522,Sat Jul 03 22:06:56 PDT 2021,110,124,-1
1625384254176,Sun Jul 04 00:37:34 PDT 2021,110,125,1
1625410405142,Sun Jul 04 07:53:25 PDT 2021,110,126,0
1625413619408,Sun Jul 04 08:46:59 PDT 2021,110,127,1
1625425015003,Sun Jul 04 11:56:55 PDT 2021,110,131,0
1625428922992,Sun Jul 04 13:02:02 PDT 2021,110,132,-1
1625435241561,Sun Jul 04 14:47:21 PDT 2021,110,135,1
1625436649916,Sun Jul 04 15:10:49 PDT 2021,110,136,0
1625437127171,Sun Jul 04 15:18:47 PDT 2021,110,137,1
1625452048599,Sun Jul 04 19:27:28 PDT 2021,110,141,1
1625454603757,Sun Jul 04 20:10:03 PDT 2021,110,142,-1
1625462265879,Sun Jul 04 22:17:45 PDT 2021,110,145,0
1625495825761,Mon Jul 05 07:37:05 PDT 2021,110,147,1
1625593849477,Tue Jul 06 10:50:49 PDT 2021,110,151,-1
1625602849073,Tue Jul 06 13:20:49 PDT 2021,110,152,-1
1625613702819,Tue Jul 06 16:21:42 PDT 2021,110,153,1
1625611847695,Tue Jul 06 15:50:47 PDT 2021,110,155,1
1625627250544,Tue Jul 06 20:07:30 PDT 2021,110,156,-1
1625635960075,Tue Jul 06 22:32:40 PDT 2021,110,157,1
1625673138661,Wed Jul 07 08:52:18 PDT 2021,110,160,0
1625674409714,Wed Jul 07 09:13:29 PDT 2021,110,161,1
1625674912662,Wed Jul 07 09:21:52 PDT 2021,110,162,0
1625676649055,Wed Jul 07 09:50:49 PDT 2021,110,163,1
1625677982819,Wed Jul 07 10:13:02 PDT 2021,110,166,0
1625690010430,Wed Jul 07 13:33:30 PDT 2021,110,172,1
1625693454720,Wed Jul 07 14:30:54 PDT 2021,110,173,0
1625694198557,Wed Jul 07 14:43:18 PDT 2021,110,174,0
1625694432411,Wed Jul 07 14:47:12 PDT 2021,110,176,1
1625694442845,Wed Jul 07 14:47:22 PDT 2021,110,177,-1
1625695815073,Wed Jul 07 15:10:15 PDT 2021,110,178,1
1625696469118,Wed Jul 07 15:21:09 PDT 2021,110,180,1
1625696543229,Wed Jul 07 15:22:23 PDT 2021,110,181,0
1625697184866,Wed Jul 07 15:33:04 PDT 2021,110,182,0
1625698775367,Wed Jul 07 15:59:35 PDT 2021,110,183,0
1625699370244,Wed Jul 07 16:09:30 PDT 2021,110,184,1
1625699931320,Wed Jul 07 16:18:51 PDT 2021,110,186,0
1625700827050,Wed Jul 07 16:33:47 PDT 2021,110,187,1
1625700634257,Wed Jul 07 16:30:34 PDT 2021,110,188,1
1625702628797,Wed Jul 07 17:03:48 PDT 2021,110,189,1
1625710498555,Wed Jul 07 19:14:58 PDT 2021,110,191,1
1625710242467,Wed Jul 07 19:10:42 PDT 2021,110,193,0
1625711155150,Wed Jul 07 19:25:55 PDT 2021,110,194,1
1625723054180,Wed Jul 07 22:44:14 PDT 2021,110,196,1
1625755871316,Thu Jul 08 07:51:11 PDT 2021,110,198,1
1625759552459,Thu Jul 08 08:52:32 PDT 2021,110,199,1
1625762880158,Thu Jul 08 09:48:00 PDT 2021,110,201,0
1625763672308,Thu Jul 08 10:01:12 PDT 2021,110,203,1
1625768606462,Thu Jul 08 11:23:26 PDT 2021,110,204,-1
1625770573462,Thu Jul 08 11:56:13 PDT 2021,110,205,1
1625782287269,Thu Jul 08 15:11:27 PDT 2021,110,207,0
1625784449213,Thu Jul 08 15:47:29 PDT 2021,110,208,1
1625786934076,Thu Jul 08 16:28:54 PDT 2021,110,209,-1
1625787519447,Thu Jul 08 16:38:39 PDT 2021,110,210,1
1625796421224,Thu Jul 08 19:07:01 PDT 2021,110,212,0
1625844727131,Fri Jul 09 08:32:07 PDT 2021,110,215,0
1625856133044,Fri Jul 09 11:42:13 PDT 2021,110,217,1
1625864944773,Fri Jul 09 14:09:04 PDT 2021,110,218,1
1625867924051,Fri Jul 09 14:58:44 PDT 2021,110,219,-1
1625921425126,Sat Jul 10 05:50:25 PDT 2021,110,223,-1
1625922193787,Sat Jul 10 06:03:13 PDT 2021,110,224,0
1625926503733,Sat Jul 10 07:15:03 PDT 2021,110,225,-1
1625929303489,Sat Jul 10 08:01:43 PDT 2021,110,226,1
1625937561304,Sat Jul 10 10:19:21 PDT 2021,110,227,1
1625961706456,Sat Jul 10 17:01:46 PDT 2021,110,231,-1
1625965438097,Sat Jul 10 18:03:58 PDT 2021,110,232,-1
1625982663627,Sat Jul 10 22:51:03 PDT 2021,110,234,1
1626012655148,Sun Jul 11 07:10:55 PDT 2021,110,236,1
1626015521866,Sun Jul 11 07:58:41 PDT 2021,110,237,1
1626015350552,Sun Jul 11 07:55:50 PDT 2021,110,238,-1
1626018231565,Sun Jul 11 08:43:51 PDT 2021,110,239,-1
1626027661989,Sun Jul 11 11:21:01 PDT 2021,110,240,1
1626031618223,Sun Jul 11 12:26:58 PDT 2021,110,241,0
1626034065860,Sun Jul 11 13:07:45 PDT 2021,110,243,1
1626063519301,Sun Jul 11 21:18:39 PDT 2021,110,248,1
1626097177183,Mon Jul 12 06:39:37 PDT 2021,110,249,1
1626097274110,Mon Jul 12 06:41:14 PDT 2021,110,250,1
1626160443341,Tue Jul 13 00:14:03 PDT 2021,110,255,0
1626184565841,Tue Jul 13 06:56:05 PDT 2021,110,256,1
1626214296588,Tue Jul 13 15:11:36 PDT 2021,110,260,1
1626220988399,Tue Jul 13 17:03:08 PDT 2021,110,263,1
1626298310475,Wed Jul 14 14:31:50 PDT 2021,110,265,1
1626383161838,Thu Jul 15 14:06:01 PDT 2021,110,267,1
1626386007558,Thu Jul 15 14:53:27 PDT 2021,110,271,0
1626456273452,Fri Jul 16 10:24:33 PDT 2021,110,274,0
1626471912248,Fri Jul 16 14:45:12 PDT 2021,110,275,-1
1626492914672,Fri Jul 16 20:35:14 PDT 2021,110,276,0
1626540799085,Sat Jul 17 09:53:19 PDT 2021,110,278,0
1626545185113,Sat Jul 17 11:06:25 PDT 2021,110,280,1
1626552766100,Sat Jul 17 13:12:46 PDT 2021,110,281,-1
1626553961982,Sat Jul 17 13:32:41 PDT 2021,110,282,-1
1626568430324,Sat Jul 17 17:33:50 PDT 2021,110,284,1
1626584642923,Sat Jul 17 22:04:02 PDT 2021,110,286,1
1626712949855,Mon Jul 19 09:42:29 PDT 2021,110,288,1
1626720785599,Mon Jul 19 11:53:05 PDT 2021,110,291,1
1626733947212,Mon Jul 19 15:32:27 PDT 2021,110,292,0
1626737769888,Mon Jul 19 16:36:09 PDT 2021,110,294,1
1626752387696,Mon Jul 19 20:39:47 PDT 2021,110,295,1
1626792445242,Tue Jul 20 07:47:25 PDT 2021,110,296,0
1626798842625,Tue Jul 20 09:34:02 PDT 2021,110,298,1
1626910325439,Wed Jul 21 16:32:05 PDT 2021,110,299,-1
1626965299220,Thu Jul 22 07:48:19 PDT 2021,110,300,-1
1627001515102,Thu Jul 22 17:51:55 PDT 2021,110,302,0
1627002734636,Thu Jul 22 18:12:14 PDT 2021,110,303,-1
1627008961892,Thu Jul 22 19:56:01 PDT 2021,110,305,1
1627084047004,Fri Jul 23 16:47:27 PDT 2021,110,309,-1
1627085547136,Fri Jul 23 17:12:27 PDT 2021,110,310,-1
1627086634061,Fri Jul 23 17:30:34 PDT 2021,110,311,-1
1627088020404,Fri Jul 23 17:53:40 PDT 2021,110,312,-1
1627099820240,Fri Jul 23 21:10:20 PDT 2021,110,313,-1
1627101094255,Fri Jul 23 21:31:34 PDT 2021,110,314,-1
1627101437828,Fri Jul 23 21:37:17 PDT 2021,110,315,-1
1627162771632,Sat Jul 24 14:39:31 PDT 2021,110,317,0
1627188073385,Sat Jul 24 21:41:13 PDT 2021,110,318,1
1627191775177,Sat Jul 24 22:42:55 PDT 2021,110,319,1
1627407258581,Tue Jul 27 10:34:18 PDT 2021,110,322,1
1627414702315,Tue Jul 27 12:38:22 PDT 2021,110,325,1
1627426200441,Tue Jul 27 15:50:00 PDT 2021,110,326,1
1627439325521,Tue Jul 27 19:28:45 PDT 2021,110,327,-1
1627451178476,Tue Jul 27 22:46:18 PDT 2021,110,328,1
1627505204254,Wed Jul 28 13:46:44 PDT 2021,110,337,1
1627505491597,Wed Jul 28 13:51:31 PDT 2021,110,339,1
1627506725188,Wed Jul 28 14:12:05 PDT 2021,110,341,1
1627509131770,Wed Jul 28 14:52:11 PDT 2021,110,343,-1
1627515432626,Wed Jul 28 16:37:12 PDT 2021,110,348,-1
1627523318740,Wed Jul 28 18:48:38 PDT 2021,110,353,-1
1627521921554,Wed Jul 28 18:25:21 PDT 2021,110,356,0
1627529647848,Wed Jul 28 20:34:07 PDT 2021,110,357,1
1627531895235,Wed Jul 28 21:11:35 PDT 2021,110,358,-1
1627532474230,Wed Jul 28 21:21:14 PDT 2021,110,359,1
1627535851508,Wed Jul 28 22:17:31 PDT 2021,110,361,1
1627543709951,Thu Jul 29 00:28:29 PDT 2021,110,364,1
1627573619585,Thu Jul 29 08:46:59 PDT 2021,110,366,-1
1627579276936,Thu Jul 29 10:21:16 PDT 2021,110,368,0
1627587116430,Thu Jul 29 12:31:56 PDT 2021,110,373,0
1627608791252,Thu Jul 29 18:33:11 PDT 2021,110,376,0
1627656305861,Fri Jul 30 07:45:05 PDT 2021,110,380,0
1627655994905,Fri Jul 30 07:39:54 PDT 2021,110,381,0
1627664220790,Fri Jul 30 09:57:00 PDT 2021,110,382,1
1627667692855,Fri Jul 30 10:54:52 PDT 2021,110,384,1
1627675180149,Fri Jul 30 12:59:40 PDT 2021,110,386,1
1627681445707,Fri Jul 30 14:44:05 PDT 2021,110,388,1
1627681333842,Fri Jul 30 14:42:13 PDT 2021,110,389,-1
1627683977469,Fri Jul 30 15:26:17 PDT 2021,110,391,1
1627686247478,Fri Jul 30 16:04:07 PDT 2021,110,394,1
1627702254316,Fri Jul 30 20:30:54 PDT 2021,110,396,1
1627759976560,Sat Jul 31 12:32:56 PDT 2021,110,400,0
1627770608403,Sat Jul 31 15:30:08 PDT 2021,110,401,1
1627772086560,Sat Jul 31 15:54:46 PDT 2021,110,402,1
1627776342243,Sat Jul 31 17:05:42 PDT 2021,110,403,1
1627837651058,Sun Aug 01 10:07:31 PDT 2021,110,404,1
1625102364341,Wed Jun 30 18:19:24 PDT 2021,111,0,0
1625160983481,Thu Jul 01 10:36:23 PDT 2021,111,26,0
1625098974072,Wed Jun 30 17:22:54 PDT 2021,111,41,0
1625097596999,Wed Jun 30 16:59:56 PDT 2021,111,48,1
1625099018717,Wed Jun 30 17:23:38 PDT 2021,111,50,0
1625100975543,Wed Jun 30 17:56:15 PDT 2021,111,51,0
1625102943676,Wed Jun 30 18:29:03 PDT 2021,111,52,1
1625101861527,Wed Jun 30 18:11:01 PDT 2021,111,53,1
1625101607115,Wed Jun 30 18:06:47 PDT 2021,111,54,0
1625108301688,Wed Jun 30 19:58:21 PDT 2021,111,55,1
1625116200076,Wed Jun 30 22:10:00 PDT 2021,111,57,1
1625117845092,Wed Jun 30 22:37:25 PDT 2021,111,59,0
1625120705190,Wed Jun 30 23:25:05 PDT 2021,111,60,0
1625150707138,Thu Jul 01 07:45:07 PDT 2021,111,61,-1
1625152205596,Thu Jul 01 08:10:05 PDT 2021,111,62,1
1625154364338,Thu Jul 01 08:46:04 PDT 2021,111,63,1
1625155874517,Thu Jul 01 09:11:14 PDT 2021,111,64,1
1625158108879,Thu Jul 01 09:48:28 PDT 2021,111,65,-1
1625410749032,Sun Jul 04 07:59:09 PDT 2021,111,66,1
1625159590377,Thu Jul 01 10:13:10 PDT 2021,111,68,1
1625159901102,Thu Jul 01 10:18:21 PDT 2021,111,69,1
1625159955030,Thu Jul 01 10:19:15 PDT 2021,111,70,1
1625161309858,Thu Jul 01 10:41:49 PDT 2021,111,71,1
1625163553313,Thu Jul 01 11:19:13 PDT 2021,111,73,1
1625166973649,Thu Jul 01 12:16:13 PDT 2021,111,74,0
1625165039688,Thu Jul 01 11:43:59 PDT 2021,111,85,1
1625165436088,Thu Jul 01 11:50:36 PDT 2021,111,86,1
1625166000623,Thu Jul 01 12:00:00 PDT 2021,111,90,1
1625168874944,Thu Jul 01 12:47:54 PDT 2021,111,92,1
1625173690921,Thu Jul 01 14:08:10 PDT 2021,111,93,0
1625174750059,Thu Jul 01 14:25:50 PDT 2021,111,94,1
1625179686488,Thu Jul 01 15:48:06 PDT 2021,111,95,-1
1625183239284,Thu Jul 01 16:47:19 PDT 2021,111,96,1
1626144884169,Mon Jul 12 19:54:44 PDT 2021,111,98,1
1625190341362,Thu Jul 01 18:45:41 PDT 2021,111,100,0
1625191046104,Thu Jul 01 18:57:26 PDT 2021,111,101,1
1625199946366,Thu Jul 01 21:25:46 PDT 2021,111,102,1
1625237963208,Fri Jul 02 07:59:23 PDT 2021,111,103,1
1625241993319,Fri Jul 02 09:06:33 PDT 2021,111,104,1
1625242386351,Fri Jul 02 09:13:06 PDT 2021,111,106,0
1625245583298,Fri Jul 02 10:06:23 PDT 2021,111,107,0
1625267019682,Fri Jul 02 16:03:39 PDT 2021,111,111,1
1625275241448,Fri Jul 02 18:20:41 PDT 2021,111,112,1
1625329622058,Sat Jul 03 09:27:02 PDT 2021,111,118,0
1625333959370,Sat Jul 03 10:39:19 PDT 2021,111,119,1
1625362141726,Sat Jul 03 18:29:01 PDT 2021,111,120,0
1625364835400,Sat Jul 03 19:13:55 PDT 2021,111,121,-1
1625365625988,Sat Jul 03 19:27:05 PDT 2021,111,122,-1
1625366295896,Sat Jul 03 19:38:15 PDT 2021,111,123,0
1625375944074,Sat Jul 03 22:19:04 PDT 2021,111,124,0
1625384039092,Sun Jul 04 00:33:59 PDT 2021,111,125,1
1625414673559,Sun Jul 04 09:04:33 PDT 2021,111,127,1
1625424591515,Sun Jul 04 11:49:51 PDT 2021,111,131,-1
1625429185178,Sun Jul 04 13:06:25 PDT 2021,111,132,-1
1625435714071,Sun Jul 04 14:55:14 PDT 2021,111,135,1
1625436090118,Sun Jul 04 15:01:30 PDT 2021,111,136,1
1625437357925,Sun Jul 04 15:22:37 PDT 2021,111,137,1
1625452051126,Sun Jul 04 19:27:31 PDT 2021,111,141,1
1625454750917,Sun Jul 04 20:12:30 PDT 2021,111,142,-1
1625462590874,Sun Jul 04 22:23:10 PDT 2021,111,145,0
1625496812189,Mon Jul 05 07:53:32 PDT 2021,111,147,-1
1625594038108,Tue Jul 06 10:53:58 PDT 2021,111,151,-1
1625602841705,Tue Jul 06 13:20:41 PDT 2021,111,152,1
1625614193235,Tue Jul 06 16:29:53 PDT 2021,111,153,-1
1625611963387,Tue Jul 06 15:52:43 PDT 2021,111,155,1
1625627529039,Tue Jul 06 20:12:09 PDT 2021,111,156,0
1625635696638,Tue Jul 06 22:28:16 PDT 2021,111,157,1
1625672780063,Wed Jul 07 08:46:20 PDT 2021,111,160,0
1625674964287,Wed Jul 07 09:22:44 PDT 2021,111,161,1
1625675201912,Wed Jul 07 09:26:41 PDT 2021,111,162,0
1625676622255,Wed Jul 07 09:50:22 PDT 2021,111,163,1
1625678763756,Wed Jul 07 10:26:03 PDT 2021,111,166,0
1625686296863,Wed Jul 07 12:31:36 PDT 2021,111,170,0
1625693908253,Wed Jul 07 14:38:28 PDT 2021,111,173,-1
1625693849116,Wed Jul 07 14:37:29 PDT 2021,111,174,1
1625694517368,Wed Jul 07 14:48:37 PDT 2021,111,177,1
1625695731040,Wed Jul 07 15:08:51 PDT 2021,111,178,1
1625696730734,Wed Jul 07 15:25:30 PDT 2021,111,181,0
1625697908475,Wed Jul 07 15:45:08 PDT 2021,111,183,0
1625699290995,Wed Jul 07 16:08:10 PDT 2021,111,184,1
1625700121258,Wed Jul 07 16:22:01 PDT 2021,111,186,0
1625700280446,Wed Jul 07 16:24:40 PDT 2021,111,187,1
1625700424590,Wed Jul 07 16:27:04 PDT 2021,111,188,1
1625702696309,Wed Jul 07 17:04:56 PDT 2021,111,189,-1
1625710465480,Wed Jul 07 19:14:25 PDT 2021,111,193,1
1625710931056,Wed Jul 07 19:22:11 PDT 2021,111,194,1
1625714491108,Wed Jul 07 20:21:31 PDT 2021,111,195,1
1625723224421,Wed Jul 07 22:47:04 PDT 2021,111,196,1
1625755557337,Thu Jul 08 07:45:57 PDT 2021,111,198,1
1625759555654,Thu Jul 08 08:52:35 PDT 2021,111,199,1
1625763013271,Thu Jul 08 09:50:13 PDT 2021,111,201,-1
1625763335186,Thu Jul 08 09:55:35 PDT 2021,111,203,0
1625770212167,Thu Jul 08 11:50:12 PDT 2021,111,205,1
1625781625781,Thu Jul 08 15:00:25 PDT 2021,111,207,1
1625783791670,Thu Jul 08 15:36:31 PDT 2021,111,208,0
1625786480003,Thu Jul 08 16:21:20 PDT 2021,111,209,0
1625788901094,Thu Jul 08 17:01:41 PDT 2021,111,210,1
1625845021774,Fri Jul 09 08:37:01 PDT 2021,111,215,-1
1625855473749,Fri Jul 09 11:31:13 PDT 2021,111,217,1
1625863910167,Fri Jul 09 13:51:50 PDT 2021,111,218,1
1625868532220,Fri Jul 09 15:08:52 PDT 2021,111,219,0
1625921194367,Sat Jul 10 05:46:34 PDT 2021,111,223,-1
1625921914229,Sat Jul 10 05:58:34 PDT 2021,111,224,0
1625929376904,Sat Jul 10 08:02:56 PDT 2021,111,226,1
1625932413443,Sat Jul 10 08:53:33 PDT 2021,111,227,0
1625965485362,Sat Jul 10 18:04:45 PDT 2021,111,232,1
1625971759179,Sat Jul 10 19:49:19 PDT 2021,111,233,1
1625982516762,Sat Jul 10 22:48:36 PDT 2021,111,234,1
1626012066695,Sun Jul 11 07:01:06 PDT 2021,111,236,-1
1626015405366,Sun Jul 11 07:56:45 PDT 2021,111,237,1
1626015271690,Sun Jul 11 07:54:31 PDT 2021,111,238,1
1626018632885,Sun Jul 11 08:50:32 PDT 2021,111,239,0
1626027386943,Sun Jul 11 11:16:26 PDT 2021,111,240,1
1626031604842,Sun Jul 11 12:26:44 PDT 2021,111,241,1
1626034061045,Sun Jul 11 13:07:41 PDT 2021,111,243,1
1626055625672,Sun Jul 11 19:07:05 PDT 2021,111,247,1
1626063345811,Sun Jul 11 21:15:45 PDT 2021,111,248,1
1626097773305,Mon Jul 12 06:49:33 PDT 2021,111,250,-1
1626100852812,Mon Jul 12 07:40:52 PDT 2021,111,251,1
1626160480342,Tue Jul 13 00:14:40 PDT 2021,111,255,-1
1626184823112,Tue Jul 13 07:00:23 PDT 2021,111,256,1
1626640992619,Sun Jul 18 13:43:12 PDT 2021,111,258,1
1626214209676,Tue Jul 13 15:10:09 PDT 2021,111,260,1
1626274778215,Wed Jul 14 07:59:38 PDT 2021,111,265,1
1626383348403,Thu Jul 15 14:09:08 PDT 2021,111,267,1
1626386361915,Thu Jul 15 14:59:21 PDT 2021,111,271,1
1626455224067,Fri Jul 16 10:07:04 PDT 2021,111,274,0
1626471887396,Fri Jul 16 14:44:47 PDT 2021,111,275,0
1626493086410,Fri Jul 16 20:38:06 PDT 2021,111,276,0
1626541455406,Sat Jul 17 10:04:15 PDT 2021,111,278,1
1626545916647,Sat Jul 17 11:18:36 PDT 2021,111,280,1
1626552419143,Sat Jul 17 13:06:59 PDT 2021,111,281,-1
1626553882623,Sat Jul 17 13:31:22 PDT 2021,111,282,-1
1626571009581,Sat Jul 17 18:16:49 PDT 2021,111,284,1
1626584687941,Sat Jul 17 22:04:47 PDT 2021,111,286,1
1626713278083,Mon Jul 19 09:47:58 PDT 2021,111,288,0
1626720927156,Mon Jul 19 11:55:27 PDT 2021,111,291,1
1626724054640,Mon Jul 19 12:47:34 PDT 2021,111,292,-1
1626737880411,Mon Jul 19 16:38:00 PDT 2021,111,294,0
1626752545255,Mon Jul 19 20:42:25 PDT 2021,111,295,1
1626792128748,Tue Jul 20 07:42:08 PDT 2021,111,296,-1
1626798610912,Tue Jul 20 09:30:10 PDT 2021,111,298,1
1626910322197,Wed Jul 21 16:32:02 PDT 2021,111,299,-1
1626965374777,Thu Jul 22 07:49:34 PDT 2021,111,300,0
1627001335386,Thu Jul 22 17:48:55 PDT 2021,111,302,1
1627002698934,Thu Jul 22 18:11:38 PDT 2021,111,303,-1
1627008307229,Thu Jul 22 19:45:07 PDT 2021,111,305,1
1627084382220,Fri Jul 23 16:53:02 PDT 2021,111,309,-1
1627085269673,Fri Jul 23 17:07:49 PDT 2021,111,310,-1
1627086824304,Fri Jul 23 17:33:44 PDT 2021,111,311,-1
1627087746054,Fri Jul 23 17:49:06 PDT 2021,111,312,-1
1627100178190,Fri Jul 23 21:16:18 PDT 2021,111,313,-1
1627101151897,Fri Jul 23 21:32:31 PDT 2021,111,314,-1
1627101971005,Fri Jul 23 21:46:11 PDT 2021,111,315,-1
1627162846305,Sat Jul 24 14:40:46 PDT 2021,111,317,0
1627187727928,Sat Jul 24 21:35:27 PDT 2021,111,318,1
1627192179851,Sat Jul 24 22:49:39 PDT 2021,111,319,1
1627407305963,Tue Jul 27 10:35:05 PDT 2021,111,322,1
1627415013574,Tue Jul 27 12:43:33 PDT 2021,111,325,1
1627699462094,Fri Jul 30 19:44:22 PDT 2021,111,326,1
1627439531279,Tue Jul 27 19:32:11 PDT 2021,111,327,-1
1627451283660,Tue Jul 27 22:48:03 PDT 2021,111,328,1
1627451641066,Tue Jul 27 22:54:01 PDT 2021,111,330,1
1627505069778,Wed Jul 28 13:44:29 PDT 2021,111,337,1
1627505994741,Wed Jul 28 13:59:54 PDT 2021,111,339,1
1627506769541,Wed Jul 28 14:12:49 PDT 2021,111,341,1
1627508981725,Wed Jul 28 14:49:41 PDT 2021,111,343,-1
1627515248690,Wed Jul 28 16:34:08 PDT 2021,111,348,-1
1627522681932,Wed Jul 28 18:38:01 PDT 2021,111,353,-1
1627522307274,Wed Jul 28 18:31:47 PDT 2021,111,356,1
1627529693002,Wed Jul 28 20:34:53 PDT 2021,111,357,1
1627544569891,Thu Jul 29 00:42:49 PDT 2021,111,364,1
1627573787282,Thu Jul 29 08:49:47 PDT 2021,111,366,-1
1627577756412,Thu Jul 29 09:55:56 PDT 2021,111,368,-1
1627587301000,Thu Jul 29 12:35:01 PDT 2021,111,373,1
1627609987905,Thu Jul 29 18:53:07 PDT 2021,111,376,1
1627656200700,Fri Jul 30 07:43:20 PDT 2021,111,380,0
1627664176892,Fri Jul 30 09:56:16 PDT 2021,111,382,1
1627667170977,Fri Jul 30 10:46:10 PDT 2021,111,384,1
1627675250383,Fri Jul 30 13:00:50 PDT 2021,111,386,0
1627680566645,Fri Jul 30 14:29:26 PDT 2021,111,388,1
1627681421849,Fri Jul 30 14:43:41 PDT 2021,111,389,-1
1627684463820,Fri Jul 30 15:34:23 PDT 2021,111,392,1
1627702271824,Fri Jul 30 20:31:11 PDT 2021,111,396,0
1627770360656,Sat Jul 31 15:26:00 PDT 2021,111,401,1
1627771849544,Sat Jul 31 15:50:49 PDT 2021,111,402,1
1627776444242,Sat Jul 31 17:07:24 PDT 2021,111,403,-1
1627837682105,Sun Aug 01 10:08:02 PDT 2021,111,404,1
1625102395887,Wed Jun 30 18:19:55 PDT 2021,112,0,1
1625160902455,Thu Jul 01 10:35:02 PDT 2021,112,26,1
1625099226283,Wed Jun 30 17:27:06 PDT 2021,112,41,1
1625097851492,Wed Jun 30 17:04:11 PDT 2021,112,49,1
1625099031307,Wed Jun 30 17:23:51 PDT 2021,112,50,0
1625101000394,Wed Jun 30 17:56:40 PDT 2021,112,51,1
1625101097084,Wed Jun 30 17:58:17 PDT 2021,112,52,1
1625101570058,Wed Jun 30 18:06:10 PDT 2021,112,53,1
1625101334074,Wed Jun 30 18:02:14 PDT 2021,112,54,1
1625107908418,Wed Jun 30 19:51:48 PDT 2021,112,55,1
1625112171750,Wed Jun 30 21:02:51 PDT 2021,112,56,1
1625115896895,Wed Jun 30 22:04:56 PDT 2021,112,57,1
1625117368688,Wed Jun 30 22:29:28 PDT 2021,112,58,0
1625118009239,Wed Jun 30 22:40:09 PDT 2021,112,59,0
1625150178597,Thu Jul 01 07:36:18 PDT 2021,112,61,1
1625150921431,Thu Jul 01 07:48:41 PDT 2021,112,62,0
1625153589954,Thu Jul 01 08:33:09 PDT 2021,112,63,1
1625155384026,Thu Jul 01 09:03:04 PDT 2021,112,64,1
1625158191344,Thu Jul 01 09:49:51 PDT 2021,112,65,-1
1625158722093,Thu Jul 01 09:58:42 PDT 2021,112,66,0
1625159943990,Thu Jul 01 10:19:03 PDT 2021,112,68,-1
1625160103198,Thu Jul 01 10:21:43 PDT 2021,112,69,1
1625167874341,Thu Jul 01 12:31:14 PDT 2021,112,70,1
1625162545358,Thu Jul 01 11:02:25 PDT 2021,112,71,1
1625163419789,Thu Jul 01 11:16:59 PDT 2021,112,73,1
1625164891839,Thu Jul 01 11:41:31 PDT 2021,112,74,0
1625164057361,Thu Jul 01 11:27:37 PDT 2021,112,83,1
1625164949452,Thu Jul 01 11:42:29 PDT 2021,112,85,1
1625165442105,Thu Jul 01 11:50:42 PDT 2021,112,86,1
1625168606311,Thu Jul 01 12:43:26 PDT 2021,112,92,1
1625175217705,Thu Jul 01 14:33:37 PDT 2021,112,94,1
1625179650639,Thu Jul 01 15:47:30 PDT 2021,112,95,1
1625183001216,Thu Jul 01 16:43:21 PDT 2021,112,96,0
1625185579606,Thu Jul 01 17:26:19 PDT 2021,112,97,0
1626144809876,Mon Jul 12 19:53:29 PDT 2021,112,98,1
1625190655631,Thu Jul 01 18:50:55 PDT 2021,112,100,1
1625191071031,Thu Jul 01 18:57:51 PDT 2021,112,101,0
1625200232226,Thu Jul 01 21:30:32 PDT 2021,112,102,1
1625238286859,Fri Jul 02 08:04:46 PDT 2021,112,103,1
1625241750626,Fri Jul 02 09:02:30 PDT 2021,112,104,1
1625242160821,Fri Jul 02 09:09:20 PDT 2021,112,106,0
1625246527819,Fri Jul 02 10:22:07 PDT 2021,112,107,1
1625266693179,Fri Jul 02 15:58:13 PDT 2021,112,111,-1
1625274054404,Fri Jul 02 18:00:54 PDT 2021,112,112,1
1625329659899,Sat Jul 03 09:27:39 PDT 2021,112,118,1
1625333923783,Sat Jul 03 10:38:43 PDT 2021,112,119,1
1625364858132,Sat Jul 03 19:14:18 PDT 2021,112,121,1
1625365606771,Sat Jul 03 19:26:46 PDT 2021,112,122,1
1625366535256,Sat Jul 03 19:42:15 PDT 2021,112,123,-1
1625374853290,Sat Jul 03 22:00:53 PDT 2021,112,124,-1
1625384280807,Sun Jul 04 00:38:00 PDT 2021,112,125,-1
1625410313667,Sun Jul 04 07:51:53 PDT 2021,112,126,0
1625413807902,Sun Jul 04 08:50:07 PDT 2021,112,127,1
1625424869952,Sun Jul 04 11:54:29 PDT 2021,112,131,1
1625429157658,Sun Jul 04 13:05:57 PDT 2021,112,132,-1
1625436123393,Sun Jul 04 15:02:03 PDT 2021,112,135,0
1625436923846,Sun Jul 04 15:15:23 PDT 2021,112,136,1
1625437231784,Sun Jul 04 15:20:31 PDT 2021,112,137,0
1625452333525,Sun Jul 04 19:32:13 PDT 2021,112,141,0
1625462869682,Sun Jul 04 22:27:49 PDT 2021,112,145,-1
1625496698109,Mon Jul 05 07:51:38 PDT 2021,112,147,0
1625528706383,Mon Jul 05 16:45:06 PDT 2021,112,148,0
1625593940297,Tue Jul 06 10:52:20 PDT 2021,112,151,-1
1625602895234,Tue Jul 06 13:21:35 PDT 2021,112,152,0
1625613813373,Tue Jul 06 16:23:33 PDT 2021,112,153,-1
1625611590338,Tue Jul 06 15:46:30 PDT 2021,112,155,1
1625627745534,Tue Jul 06 20:15:45 PDT 2021,112,156,1
1625635810164,Tue Jul 06 22:30:10 PDT 2021,112,157,1
1625673254328,Wed Jul 07 08:54:14 PDT 2021,112,160,1
1625674564547,Wed Jul 07 09:16:04 PDT 2021,112,161,1
1625675290869,Wed Jul 07 09:28:10 PDT 2021,112,162,1
1625676607302,Wed Jul 07 09:50:07 PDT 2021,112,163,1
1625678640334,Wed Jul 07 10:24:00 PDT 2021,112,166,1
1625694104831,Wed Jul 07 14:41:44 PDT 2021,112,173,1
1625694290635,Wed Jul 07 14:44:50 PDT 2021,112,174,0
1625696821784,Wed Jul 07 15:27:01 PDT 2021,112,181,1
1625698520748,Wed Jul 07 15:55:20 PDT 2021,112,183,0
1625699934496,Wed Jul 07 16:18:54 PDT 2021,112,186,-1
1625700940960,Wed Jul 07 16:35:40 PDT 2021,112,187,0
1625700459552,Wed Jul 07 16:27:39 PDT 2021,112,188,1
1625703224265,Wed Jul 07 17:13:44 PDT 2021,112,189,1
1625710443479,Wed Jul 07 19:14:03 PDT 2021,112,191,1
1625710230674,Wed Jul 07 19:10:30 PDT 2021,112,193,0
1625711116274,Wed Jul 07 19:25:16 PDT 2021,112,194,1
1625723133912,Wed Jul 07 22:45:33 PDT 2021,112,196,1
1625772674284,Thu Jul 08 12:31:14 PDT 2021,112,198,1
1625759233786,Thu Jul 08 08:47:13 PDT 2021,112,199,1
1625762769572,Thu Jul 08 09:46:09 PDT 2021,112,201,1
1625763383753,Thu Jul 08 09:56:23 PDT 2021,112,203,1
1625770660143,Thu Jul 08 11:57:40 PDT 2021,112,205,1
1625772370249,Thu Jul 08 12:26:10 PDT 2021,112,206,1
1625781467911,Thu Jul 08 14:57:47 PDT 2021,112,207,-1
1625783747541,Thu Jul 08 15:35:47 PDT 2021,112,208,0
1625786068241,Thu Jul 08 16:14:28 PDT 2021,112,209,0
1625789855153,Thu Jul 08 17:17:35 PDT 2021,112,210,-1
1625805500818,Thu Jul 08 21:38:20 PDT 2021,112,214,1
1625845267243,Fri Jul 09 08:41:07 PDT 2021,112,215,-1
1625855522458,Fri Jul 09 11:32:02 PDT 2021,112,217,1
1625864082573,Fri Jul 09 13:54:42 PDT 2021,112,218,0
1625868504497,Fri Jul 09 15:08:24 PDT 2021,112,219,1
1625921089725,Sat Jul 10 05:44:49 PDT 2021,112,223,0
1625922472927,Sat Jul 10 06:07:52 PDT 2021,112,224,-1
1625929797607,Sat Jul 10 08:09:57 PDT 2021,112,226,0
1625965392487,Sat Jul 10 18:03:12 PDT 2021,112,232,0
1625982247269,Sat Jul 10 22:44:07 PDT 2021,112,234,1
1626011514999,Sun Jul 11 06:51:54 PDT 2021,112,236,0
1626015502721,Sun Jul 11 07:58:22 PDT 2021,112,237,-1
1626015647141,Sun Jul 11 08:00:47 PDT 2021,112,238,-1
1626018063218,Sun Jul 11 08:41:03 PDT 2021,112,239,1
1626027618320,Sun Jul 11 11:20:18 PDT 2021,112,240,1
1626029896248,Sun Jul 11 11:58:16 PDT 2021,112,241,1
1626033399871,Sun Jul 11 12:56:39 PDT 2021,112,243,1
1626055721946,Sun Jul 11 19:08:41 PDT 2021,112,247,0
1626063514432,Sun Jul 11 21:18:34 PDT 2021,112,248,-1
1626097519789,Mon Jul 12 06:45:19 PDT 2021,112,250,-1
1626101153773,Mon Jul 12 07:45:53 PDT 2021,112,251,1
1626160187116,Tue Jul 13 00:09:47 PDT 2021,112,255,1
1626184940063,Tue Jul 13 07:02:20 PDT 2021,112,256,1
1626197927079,Tue Jul 13 10:38:47 PDT 2021,112,257,1
1626641258288,Sun Jul 18 13:47:38 PDT 2021,112,258,1
1626214230969,Tue Jul 13 15:10:30 PDT 2021,112,260,1
1626234607939,Tue Jul 13 20:50:07 PDT 2021,112,264,1
1626235512593,Tue Jul 13 21:05:12 PDT 2021,112,265,1
1626383877616,Thu Jul 15 14:17:57 PDT 2021,112,267,1
1626328209422,Wed Jul 14 22:50:09 PDT 2021,112,268,1
1626360834967,Thu Jul 15 07:53:54 PDT 2021,112,269,0
1626386107839,Thu Jul 15 14:55:07 PDT 2021,112,271,0
1626456262289,Fri Jul 16 10:24:22 PDT 2021,112,274,1
1626471197964,Fri Jul 16 14:33:17 PDT 2021,112,275,0
1626492930856,Fri Jul 16 20:35:30 PDT 2021,112,276,1
1626540985533,Sat Jul 17 09:56:25 PDT 2021,112,278,1
1626540772521,Sat Jul 17 09:52:52 PDT 2021,112,279,1
1626545783068,Sat Jul 17 11:16:23 PDT 2021,112,280,1
1626552398660,Sat Jul 17 13:06:38 PDT 2021,112,281,-1
1626553481187,Sat Jul 17 13:24:41 PDT 2021,112,282,-1
1626568364997,Sat Jul 17 17:32:44 PDT 2021,112,284,1
1626584754023,Sat Jul 17 22:05:54 PDT 2021,112,286,1
1626712825807,Mon Jul 19 09:40:25 PDT 2021,112,288,0
1626716339752,Mon Jul 19 10:38:59 PDT 2021,112,290,1
1626719973569,Mon Jul 19 11:39:33 PDT 2021,112,291,1
1626737848028,Mon Jul 19 16:37:28 PDT 2021,112,294,1
1626752420574,Mon Jul 19 20:40:20 PDT 2021,112,295,0
1626792487047,Tue Jul 20 07:48:07 PDT 2021,112,296,-1
1626798646709,Tue Jul 20 09:30:46 PDT 2021,112,298,0
1626909016800,Wed Jul 21 16:10:16 PDT 2021,112,299,1
1626965385437,Thu Jul 22 07:49:45 PDT 2021,112,300,1
1626919214224,Wed Jul 21 19:00:14 PDT 2021,112,301,0
1627001250104,Thu Jul 22 17:47:30 PDT 2021,112,302,0
1627002614470,Thu Jul 22 18:10:14 PDT 2021,112,303,1
1627009149126,Thu Jul 22 19:59:09 PDT 2021,112,305,1
1627084063810,Fri Jul 23 16:47:43 PDT 2021,112,309,1
1627085804324,Fri Jul 23 17:16:44 PDT 2021,112,310,1
1627086846366,Fri Jul 23 17:34:06 PDT 2021,112,311,1
1627088172954,Fri Jul 23 17:56:12 PDT 2021,112,312,1
1627099754927,Fri Jul 23 21:09:14 PDT 2021,112,313,1
1627100782573,Fri Jul 23 21:26:22 PDT 2021,112,314,1
1627101915358,Fri Jul 23 21:45:15 PDT 2021,112,315,1
1627163383929,Sat Jul 24 14:49:43 PDT 2021,112,317,0
1627187079533,Sat Jul 24 21:24:39 PDT 2021,112,318,1
1627191415037,Sat Jul 24 22:36:55 PDT 2021,112,319,1
1627407501654,Tue Jul 27 10:38:21 PDT 2021,112,322,1
1627415076570,Tue Jul 27 12:44:36 PDT 2021,112,325,1
1627698921941,Fri Jul 30 19:35:21 PDT 2021,112,326,0
1627439376560,Tue Jul 27 19:29:36 PDT 2021,112,327,0
1627451275526,Tue Jul 27 22:47:55 PDT 2021,112,328,1
1627451500593,Tue Jul 27 22:51:40 PDT 2021,112,329,1
1627505158171,Wed Jul 28 13:45:58 PDT 2021,112,337,1
1627505790501,Wed Jul 28 13:56:30 PDT 2021,112,339,1
1627506735586,Wed Jul 28 14:12:15 PDT 2021,112,341,1
1627508871621,Wed Jul 28 14:47:51 PDT 2021,112,343,1
1627515055156,Wed Jul 28 16:30:55 PDT 2021,112,348,1
1627523862628,Wed Jul 28 18:57:42 PDT 2021,112,353,-1
1627521752913,Wed Jul 28 18:22:32 PDT 2021,112,356,1
1627530051046,Wed Jul 28 20:40:51 PDT 2021,112,357,1
1627531682909,Wed Jul 28 21:08:02 PDT 2021,112,358,1
1627535105159,Wed Jul 28 22:05:05 PDT 2021,112,361,0
1627543983363,Thu Jul 29 00:33:03 PDT 2021,112,364,-1
1627573356011,Thu Jul 29 08:42:36 PDT 2021,112,366,1
1627578213754,Thu Jul 29 10:03:33 PDT 2021,112,368,-1
1627586964981,Thu Jul 29 12:29:24 PDT 2021,112,373,1
1627608842577,Thu Jul 29 18:34:02 PDT 2021,112,376,1
1627614172344,Thu Jul 29 20:02:52 PDT 2021,112,378,0
1627656126963,Fri Jul 30 07:42:06 PDT 2021,112,380,0
1627664074456,Fri Jul 30 09:54:34 PDT 2021,112,382,1
1627667350795,Fri Jul 30 10:49:10 PDT 2021,112,384,1
1627675702748,Fri Jul 30 13:08:22 PDT 2021,112,386,0
1627681070430,Fri Jul 30 14:37:50 PDT 2021,112,388,0
1627682626282,Fri Jul 30 15:03:46 PDT 2021,112,389,-1
1627685480023,Fri Jul 30 15:51:20 PDT 2021,112,393,1
1627686016112,Fri Jul 30 16:00:16 PDT 2021,112,394,1
1627702825691,Fri Jul 30 20:40:25 PDT 2021,112,396,0
1627759936622,Sat Jul 31 12:32:16 PDT 2021,112,400,1
1627769742705,Sat Jul 31 15:15:42 PDT 2021,112,401,1
1627771716088,Sat Jul 31 15:48:36 PDT 2021,112,402,1
1627775972331,Sat Jul 31 16:59:32 PDT 2021,112,403,1
1627838082178,Sun Aug 01 10:14:42 PDT 2021,112,404,1
1625102425575,Wed Jun 30 18:20:25 PDT 2021,113,0,1
1625160845628,Thu Jul 01 10:34:05 PDT 2021,113,26,1
1625098103966,Wed Jun 30 17:08:23 PDT 2021,113,49,1
1625951150805,Sat Jul 10 14:05:50 PDT 2021,113,50,1
1625102690628,Wed Jun 30 18:24:50 PDT 2021,113,52,1
1625107915097,Wed Jun 30 19:51:55 PDT 2021,113,55,1
1625112137049,Wed Jun 30 21:02:17 PDT 2021,113,56,1
1625115883488,Wed Jun 30 22:04:43 PDT 2021,113,57,1
1625117272152,Wed Jun 30 22:27:52 PDT 2021,113,58,1
1625117688804,Wed Jun 30 22:34:48 PDT 2021,113,59,1
1625120692781,Wed Jun 30 23:24:52 PDT 2021,113,60,1
1625149904344,Thu Jul 01 07:31:44 PDT 2021,113,61,1
1625151170085,Thu Jul 01 07:52:50 PDT 2021,113,62,1
1625153150039,Thu Jul 01 08:25:50 PDT 2021,113,63,1
1625155500261,Thu Jul 01 09:05:00 PDT 2021,113,64,0
1625158000066,Thu Jul 01 09:46:40 PDT 2021,113,65,1
1625410318336,Sun Jul 04 07:51:58 PDT 2021,113,66,1
1625159431419,Thu Jul 01 10:10:31 PDT 2021,113,68,1
1625159799194,Thu Jul 01 10:16:39 PDT 2021,113,69,1
1625159998180,Thu Jul 01 10:19:58 PDT 2021,113,70,1
1625160685572,Thu Jul 01 10:31:25 PDT 2021,113,71,1
1625163105975,Thu Jul 01 11:11:45 PDT 2021,113,72,1
1625163328380,Thu Jul 01 11:15:28 PDT 2021,113,73,1
1625164917607,Thu Jul 01 11:41:57 PDT 2021,113,74,0
1625164139322,Thu Jul 01 11:28:59 PDT 2021,113,83,1
1625165033294,Thu Jul 01 11:43:53 PDT 2021,113,85,1
1625165412260,Thu Jul 01 11:50:12 PDT 2021,113,86,1
1625165864897,Thu Jul 01 11:57:44 PDT 2021,113,89,1
1625168360563,Thu Jul 01 12:39:20 PDT 2021,113,92,1
1625173378850,Thu Jul 01 14:02:58 PDT 2021,113,93,1
1625175320881,Thu Jul 01 14:35:20 PDT 2021,113,94,0
1625179526444,Thu Jul 01 15:45:26 PDT 2021,113,95,1
1625182965730,Thu Jul 01 16:42:45 PDT 2021,113,96,1
1626133852996,Mon Jul 12 16:50:52 PDT 2021,113,98,1
1625191154894,Thu Jul 01 18:59:14 PDT 2021,113,100,1
1625191036643,Thu Jul 01 18:57:16 PDT 2021,113,101,1
1625199675136,Thu Jul 01 21:21:15 PDT 2021,113,102,1
1625238002769,Fri Jul 02 08:00:02 PDT 2021,113,103,1
1625241803196,Fri Jul 02 09:03:23 PDT 2021,113,104,1
1625241651413,Fri Jul 02 09:00:51 PDT 2021,113,105,1
1625242290893,Fri Jul 02 09:11:30 PDT 2021,113,106,1
1625245738465,Fri Jul 02 10:08:58 PDT 2021,113,107,1
1625266651664,Fri Jul 02 15:57:31 PDT 2021,113,111,1
1625275115846,Fri Jul 02 18:18:35 PDT 2021,113,112,1
1625329352782,Sat Jul 03 09:22:32 PDT 2021,113,118,1
1625333841904,Sat Jul 03 10:37:21 PDT 2021,113,119,1
1625362056396,Sat Jul 03 18:27:36 PDT 2021,113,120,1
1625364881429,Sat Jul 03 19:14:41 PDT 2021,113,121,-1
1625365721268,Sat Jul 03 19:28:41 PDT 2021,113,122,-1
1625366476981,Sat Jul 03 19:41:16 PDT 2021,113,123,1
1625375173917,Sat Jul 03 22:06:13 PDT 2021,113,124,0
1625414434652,Sun Jul 04 09:00:34 PDT 2021,113,127,1
1625424204510,Sun Jul 04 11:43:24 PDT 2021,113,131,1
1625428877280,Sun Jul 04 13:01:17 PDT 2021,113,132,-1
1625435608495,Sun Jul 04 14:53:28 PDT 2021,113,135,1
1625436287727,Sun Jul 04 15:04:47 PDT 2021,113,136,1
1625437156617,Sun Jul 04 15:19:16 PDT 2021,113,137,1
1625452255454,Sun Jul 04 19:30:55 PDT 2021,113,141,1
1625461493338,Sun Jul 04 22:04:53 PDT 2021,113,144,1
1625462055848,Sun Jul 04 22:14:15 PDT 2021,113,145,1
1625495818473,Mon Jul 05 07:36:58 PDT 2021,113,147,1
1625593634455,Tue Jul 06 10:47:14 PDT 2021,113,151,1
1625602866709,Tue Jul 06 13:21:06 PDT 2021,113,152,-1
1625613544114,Tue Jul 06 16:19:04 PDT 2021,113,153,1
1625611257400,Tue Jul 06 15:40:57 PDT 2021,113,155,0
1625627271305,Tue Jul 06 20:07:51 PDT 2021,113,156,0
1625635932429,Tue Jul 06 22:32:12 PDT 2021,113,157,-1
1625672822271,Wed Jul 07 08:47:02 PDT 2021,113,160,1
1625674915903,Wed Jul 07 09:21:55 PDT 2021,113,161,1
1625675112528,Wed Jul 07 09:25:12 PDT 2021,113,162,1
1625676717027,Wed Jul 07 09:51:57 PDT 2021,113,163,1
1625677360800,Wed Jul 07 10:02:40 PDT 2021,113,165,1
1625678462949,Wed Jul 07 10:21:02 PDT 2021,113,166,1
1625686136749,Wed Jul 07 12:28:56 PDT 2021,113,170,1
1625693982564,Wed Jul 07 14:39:42 PDT 2021,113,173,1
1625694110948,Wed Jul 07 14:41:50 PDT 2021,113,174,0
1625694717600,Wed Jul 07 14:51:57 PDT 2021,113,177,-1
1625695307826,Wed Jul 07 15:01:47 PDT 2021,113,178,1
1625696387238,Wed Jul 07 15:19:47 PDT 2021,113,180,1
1625696366603,Wed Jul 07 15:19:26 PDT 2021,113,181,1
1625697138880,Wed Jul 07 15:32:18 PDT 2021,113,182,1
1625697723142,Wed Jul 07 15:42:03 PDT 2021,113,183,0
1625699730923,Wed Jul 07 16:15:30 PDT 2021,113,186,1
1625700413228,Wed Jul 07 16:26:53 PDT 2021,113,187,1
1625700614431,Wed Jul 07 16:30:14 PDT 2021,113,188,-1
1625702917881,Wed Jul 07 17:08:37 PDT 2021,113,189,1
1625709547308,Wed Jul 07 18:59:07 PDT 2021,113,191,1
1625710009159,Wed Jul 07 19:06:49 PDT 2021,113,193,1
1625710752781,Wed Jul 07 19:19:12 PDT 2021,113,194,1
1625723106248,Wed Jul 07 22:45:06 PDT 2021,113,196,1
1625752776501,Thu Jul 08 06:59:36 PDT 2021,113,197,1
1625755436449,Thu Jul 08 07:43:56 PDT 2021,113,198,1
1625759323775,Thu Jul 08 08:48:43 PDT 2021,113,199,1
1625762713276,Thu Jul 08 09:45:13 PDT 2021,113,201,1
1625763546433,Thu Jul 08 09:59:06 PDT 2021,113,203,1
1625770310551,Thu Jul 08 11:51:50 PDT 2021,113,205,0
1625781696360,Thu Jul 08 15:01:36 PDT 2021,113,207,1
1625783634597,Thu Jul 08 15:33:54 PDT 2021,113,208,1
1625786087838,Thu Jul 08 16:14:47 PDT 2021,113,209,1
1625787353695,Thu Jul 08 16:35:53 PDT 2021,113,210,1
1625796408514,Thu Jul 08 19:06:48 PDT 2021,113,212,0
1625801661098,Thu Jul 08 20:34:21 PDT 2021,113,213,1
1625842254400,Fri Jul 09 07:50:54 PDT 2021,113,214,-1
1625845121594,Fri Jul 09 08:38:41 PDT 2021,113,215,1
1625853052216,Fri Jul 09 10:50:52 PDT 2021,113,216,1
1625855782344,Fri Jul 09 11:36:22 PDT 2021,113,217,1
1625863841794,Fri Jul 09 13:50:41 PDT 2021,113,218,1
1625868079556,Fri Jul 09 15:01:19 PDT 2021,113,219,0
1625921636101,Sat Jul 10 05:53:56 PDT 2021,113,223,1
1625921997346,Sat Jul 10 05:59:57 PDT 2021,113,224,1
1625926566648,Sat Jul 10 07:16:06 PDT 2021,113,225,-1
1625928745444,Sat Jul 10 07:52:25 PDT 2021,113,226,1
1625937680122,Sat Jul 10 10:21:20 PDT 2021,113,227,1
1625939973429,Sat Jul 10 10:59:33 PDT 2021,113,228,1
1625961614630,Sat Jul 10 17:00:14 PDT 2021,113,231,1
1625964199449,Sat Jul 10 17:43:19 PDT 2021,113,232,1
1625971379567,Sat Jul 10 19:42:59 PDT 2021,113,233,1
1625982375408,Sat Jul 10 22:46:15 PDT 2021,113,234,1
1626012506983,Sun Jul 11 07:08:26 PDT 2021,113,236,-1
1626015566298,Sun Jul 11 07:59:26 PDT 2021,113,237,1
1626015330342,Sun Jul 11 07:55:30 PDT 2021,113,238,1
1626016478283,Sun Jul 11 08:14:38 PDT 2021,113,239,-1
1626027356211,Sun Jul 11 11:15:56 PDT 2021,113,240,1
1626031353382,Sun Jul 11 12:22:33 PDT 2021,113,241,1
1626033631616,Sun Jul 11 13:00:31 PDT 2021,113,243,1
1626055699677,Sun Jul 11 19:08:19 PDT 2021,113,247,-1
1626063482036,Sun Jul 11 21:18:02 PDT 2021,113,248,1
1626097051367,Mon Jul 12 06:37:31 PDT 2021,113,249,1
1626097300062,Mon Jul 12 06:41:40 PDT 2021,113,250,1
1626160048827,Tue Jul 13 00:07:28 PDT 2021,113,255,1
1626184218125,Tue Jul 13 06:50:18 PDT 2021,113,256,1
1626214086353,Tue Jul 13 15:08:06 PDT 2021,113,260,1
1626215471333,Tue Jul 13 15:31:11 PDT 2021,113,261,-1
1626218996929,Tue Jul 13 16:29:56 PDT 2021,113,262,0
1626221020962,Tue Jul 13 17:03:40 PDT 2021,113,263,1
1626235285833,Tue Jul 13 21:01:25 PDT 2021,113,265,1
1626383123082,Thu Jul 15 14:05:23 PDT 2021,113,267,1
1626361008883,Thu Jul 15 07:56:48 PDT 2021,113,269,0
1626385857532,Thu Jul 15 14:50:57 PDT 2021,113,271,1
1626455002182,Fri Jul 16 10:03:22 PDT 2021,113,273,1
1626455706364,Fri Jul 16 10:15:06 PDT 2021,113,274,1
1626471818432,Fri Jul 16 14:43:38 PDT 2021,113,275,1
1626492753852,Fri Jul 16 20:32:33 PDT 2021,113,276,0
1626540311673,Sat Jul 17 09:45:11 PDT 2021,113,278,1
1626545261767,Sat Jul 17 11:07:41 PDT 2021,113,280,-1
1626552636407,Sat Jul 17 13:10:36 PDT 2021,113,281,1
1626553478382,Sat Jul 17 13:24:38 PDT 2021,113,282,0
1626567914335,Sat Jul 17 17:25:14 PDT 2021,113,284,1
1626584767611,Sat Jul 17 22:06:07 PDT 2021,113,286,-1
1626712780598,Mon Jul 19 09:39:40 PDT 2021,113,288,1
1626716375450,Mon Jul 19 10:39:35 PDT 2021,113,290,1
1626720136810,Mon Jul 19 11:42:16 PDT 2021,113,291,1
1626739245457,Mon Jul 19 17:00:45 PDT 2021,113,292,1
1626737355277,Mon Jul 19 16:29:15 PDT 2021,113,294,1
1626751861400,Mon Jul 19 20:31:01 PDT 2021,113,295,1
1626792099334,Tue Jul 20 07:41:39 PDT 2021,113,296,1
1626798812150,Tue Jul 20 09:33:32 PDT 2021,113,298,1
1626909421947,Wed Jul 21 16:17:01 PDT 2021,113,299,-1
1626965135244,Thu Jul 22 07:45:35 PDT 2021,113,300,-1
1627000815894,Thu Jul 22 17:40:15 PDT 2021,113,302,1
1627002594362,Thu Jul 22 18:09:54 PDT 2021,113,303,1
1627008564008,Thu Jul 22 19:49:24 PDT 2021,113,305,1
1627082538502,Fri Jul 23 16:22:18 PDT 2021,113,308,1
1627083868787,Fri Jul 23 16:44:28 PDT 2021,113,309,-1
1627085112273,Fri Jul 23 17:05:12 PDT 2021,113,310,-1
1627086676610,Fri Jul 23 17:31:16 PDT 2021,113,311,-1
1627088063551,Fri Jul 23 17:54:23 PDT 2021,113,312,-1
1627099577542,Fri Jul 23 21:06:17 PDT 2021,113,313,-1
1627100693876,Fri Jul 23 21:24:53 PDT 2021,113,314,-1
1627101922426,Fri Jul 23 21:45:22 PDT 2021,113,315,-1
1627162683274,Sat Jul 24 14:38:03 PDT 2021,113,317,1
1627187123914,Sat Jul 24 21:25:23 PDT 2021,113,318,1
1627191478662,Sat Jul 24 22:37:58 PDT 2021,113,319,1
1627404903867,Tue Jul 27 09:55:03 PDT 2021,113,321,0
1627407626367,Tue Jul 27 10:40:26 PDT 2021,113,322,1
1627414831890,Tue Jul 27 12:40:31 PDT 2021,113,325,1
1627424629446,Tue Jul 27 15:23:49 PDT 2021,113,326,1
1627439381793,Tue Jul 27 19:29:41 PDT 2021,113,327,-1
1627502493744,Wed Jul 28 13:01:33 PDT 2021,113,332,0
1627504206536,Wed Jul 28 13:30:06 PDT 2021,113,335,1
1627504966798,Wed Jul 28 13:42:46 PDT 2021,113,337,1
1627505748241,Wed Jul 28 13:55:48 PDT 2021,113,339,1
1627506782441,Wed Jul 28 14:13:02 PDT 2021,113,341,1
1627506890330,Wed Jul 28 14:14:50 PDT 2021,113,342,1
1627508739901,Wed Jul 28 14:45:39 PDT 2021,113,343,-1
1627509352896,Wed Jul 28 14:55:52 PDT 2021,113,345,1
1627515074255,Wed Jul 28 16:31:14 PDT 2021,113,348,-1
1627522637284,Wed Jul 28 18:37:17 PDT 2021,113,353,1
1627521552042,Wed Jul 28 18:19:12 PDT 2021,113,356,1
1627529010237,Wed Jul 28 20:23:30 PDT 2021,113,357,1
1627531869238,Wed Jul 28 21:11:09 PDT 2021,113,358,-1
1627535804960,Wed Jul 28 22:16:44 PDT 2021,113,361,1
1627543872881,Thu Jul 29 00:31:12 PDT 2021,113,364,1
1627573449635,Thu Jul 29 08:44:09 PDT 2021,113,366,-1
1627578669630,Thu Jul 29 10:11:09 PDT 2021,113,368,1
1627582623588,Thu Jul 29 11:17:03 PDT 2021,113,369,1
1627586864484,Thu Jul 29 12:27:44 PDT 2021,113,373,1
1627595434902,Thu Jul 29 14:50:34 PDT 2021,113,375,1
1627608884214,Thu Jul 29 18:34:44 PDT 2021,113,376,1
1627611894656,Thu Jul 29 19:24:54 PDT 2021,113,377,1
1627613887728,Thu Jul 29 19:58:07 PDT 2021,113,378,1
1627654761876,Fri Jul 30 07:19:21 PDT 2021,113,380,0
1627656302258,Fri Jul 30 07:45:02 PDT 2021,113,381,1
1627663805825,Fri Jul 30 09:50:05 PDT 2021,113,382,1
1627667331483,Fri Jul 30 10:48:51 PDT 2021,113,384,1
1627675387173,Fri Jul 30 13:03:07 PDT 2021,113,386,1
1627680197180,Fri Jul 30 14:23:17 PDT 2021,113,388,1
1627681864416,Fri Jul 30 14:51:04 PDT 2021,113,389,1
1627683975944,Fri Jul 30 15:26:15 PDT 2021,113,391,1
1627686054588,Fri Jul 30 16:00:54 PDT 2021,113,394,1
1627690202307,Fri Jul 30 17:10:02 PDT 2021,113,395,1
1627702346503,Fri Jul 30 20:32:26 PDT 2021,113,396,1
1627769833263,Sat Jul 31 15:17:13 PDT 2021,113,401,1
1627771747703,Sat Jul 31 15:49:07 PDT 2021,113,402,1
1627775536533,Sat Jul 31 16:52:16 PDT 2021,113,403,1
1627837844078,Sun Aug 01 10:10:44 PDT 2021,113,404,1
1625102374972,Wed Jun 30 18:19:34 PDT 2021,114,0,0
1625160838984,Thu Jul 01 10:33:58 PDT 2021,114,26,0
1625951124850,Sat Jul 10 14:05:24 PDT 2021,114,50,0
1625102700792,Wed Jun 30 18:25:00 PDT 2021,114,52,1
1625101981920,Wed Jun 30 18:13:01 PDT 2021,114,53,1
1625107924420,Wed Jun 30 19:52:04 PDT 2021,114,55,-1
1625112264985,Wed Jun 30 21:04:24 PDT 2021,114,56,-1
1625115911666,Wed Jun 30 22:05:11 PDT 2021,114,57,-1
1625117129680,Wed Jun 30 22:25:29 PDT 2021,114,58,0
1625118038499,Wed Jun 30 22:40:38 PDT 2021,114,59,-1
1625120767927,Wed Jun 30 23:26:07 PDT 2021,114,60,-1
1625150814315,Thu Jul 01 07:46:54 PDT 2021,114,61,0
1625151344565,Thu Jul 01 07:55:44 PDT 2021,114,62,-1
1625154541825,Thu Jul 01 08:49:01 PDT 2021,114,63,0
1625155910021,Thu Jul 01 09:11:50 PDT 2021,114,64,1
1625157949336,Thu Jul 01 09:45:49 PDT 2021,114,65,-1
1625410644344,Sun Jul 04 07:57:24 PDT 2021,114,66,-1
1625159704845,Thu Jul 01 10:15:04 PDT 2021,114,68,-1
1625159877610,Thu Jul 01 10:17:57 PDT 2021,114,69,1
1625160018761,Thu Jul 01 10:20:18 PDT 2021,114,70,1
1625162682067,Thu Jul 01 11:04:42 PDT 2021,114,71,1
1625163630230,Thu Jul 01 11:20:30 PDT 2021,114,73,1
1625164427714,Thu Jul 01 11:33:47 PDT 2021,114,74,0
1625164219146,Thu Jul 01 11:30:19 PDT 2021,114,83,1
1625165008474,Thu Jul 01 11:43:28 PDT 2021,114,85,1
1625165399796,Thu Jul 01 11:49:59 PDT 2021,114,86,1
1625168731565,Thu Jul 01 12:45:31 PDT 2021,114,92,0
1625173581241,Thu Jul 01 14:06:21 PDT 2021,114,93,-1
1625174398135,Thu Jul 01 14:19:58 PDT 2021,114,94,0
1625179664672,Thu Jul 01 15:47:44 PDT 2021,114,95,-1
1625183047375,Thu Jul 01 16:44:07 PDT 2021,114,96,0
1626145395309,Mon Jul 12 20:03:15 PDT 2021,114,98,1
1625191559552,Thu Jul 01 19:05:59 PDT 2021,114,100,-1
1625191316348,Thu Jul 01 19:01:56 PDT 2021,114,101,-1
1625199894454,Thu Jul 01 21:24:54 PDT 2021,114,102,1
1625237981000,Fri Jul 02 07:59:41 PDT 2021,114,103,1
1625241542965,Fri Jul 02 08:59:02 PDT 2021,114,104,0
1625242447864,Fri Jul 02 09:14:07 PDT 2021,114,106,1
1625246325125,Fri Jul 02 10:18:45 PDT 2021,114,107,-1
1625266840266,Fri Jul 02 16:00:40 PDT 2021,114,111,1
1625275856420,Fri Jul 02 18:30:56 PDT 2021,114,112,-1
1625320304163,Sat Jul 03 06:51:44 PDT 2021,114,116,0
1625329079308,Sat Jul 03 09:17:59 PDT 2021,114,118,1
1625333837756,Sat Jul 03 10:37:17 PDT 2021,114,119,-1
1625361982202,Sat Jul 03 18:26:22 PDT 2021,114,120,0
1625364983137,Sat Jul 03 19:16:23 PDT 2021,114,121,1
1625365784892,Sat Jul 03 19:29:44 PDT 2021,114,122,1
1625366164914,Sat Jul 03 19:36:04 PDT 2021,114,123,-1
1625375116333,Sat Jul 03 22:05:16 PDT 2021,114,124,-1
1625410146484,Sun Jul 04 07:49:06 PDT 2021,114,126,-1
1625413782260,Sun Jul 04 08:49:42 PDT 2021,114,127,0
1625424886794,Sun Jul 04 11:54:46 PDT 2021,114,131,0
1625429211643,Sun Jul 04 13:06:51 PDT 2021,114,132,-1
1625428826490,Sun Jul 04 13:00:26 PDT 2021,114,133,-1
1625436201561,Sun Jul 04 15:03:21 PDT 2021,114,135,-1
1625436164300,Sun Jul 04 15:02:44 PDT 2021,114,136,0
1625437294817,Sun Jul 04 15:21:34 PDT 2021,114,137,0
1625452416750,Sun Jul 04 19:33:36 PDT 2021,114,141,-1
1625463241757,Sun Jul 04 22:34:01 PDT 2021,114,145,-1
1625496423867,Mon Jul 05 07:47:03 PDT 2021,114,147,0
1625593761893,Tue Jul 06 10:49:21 PDT 2021,114,151,-1
1625602784269,Tue Jul 06 13:19:44 PDT 2021,114,152,-1
1625598184594,Tue Jul 06 12:03:04 PDT 2021,114,153,-1
1625611624368,Tue Jul 06 15:47:04 PDT 2021,114,155,-1
1625627453510,Tue Jul 06 20:10:53 PDT 2021,114,156,-1
1625635947093,Tue Jul 06 22:32:27 PDT 2021,114,157,-1
1625672559129,Wed Jul 07 08:42:39 PDT 2021,114,159,-1
1625672809645,Wed Jul 07 08:46:49 PDT 2021,114,160,0
1625674782045,Wed Jul 07 09:19:42 PDT 2021,114,161,-1
1625675173953,Wed Jul 07 09:26:13 PDT 2021,114,162,0
1625676449570,Wed Jul 07 09:47:29 PDT 2021,114,163,-1
1625678869481,Wed Jul 07 10:27:49 PDT 2021,114,166,-1
1625694277453,Wed Jul 07 14:44:37 PDT 2021,114,173,-1
1625694134319,Wed Jul 07 14:42:14 PDT 2021,114,174,-1
1625696463483,Wed Jul 07 15:21:03 PDT 2021,114,180,1
1625696380190,Wed Jul 07 15:19:40 PDT 2021,114,181,-1
1625697956662,Wed Jul 07 15:45:56 PDT 2021,114,183,0
1625699757266,Wed Jul 07 16:15:57 PDT 2021,114,184,-1
1625699825453,Wed Jul 07 16:17:05 PDT 2021,114,186,0
1625700235603,Wed Jul 07 16:23:55 PDT 2021,114,187,-1
1625700841645,Wed Jul 07 16:34:01 PDT 2021,114,188,-1
1625702795452,Wed Jul 07 17:06:35 PDT 2021,114,189,1
1625710490719,Wed Jul 07 19:14:50 PDT 2021,114,191,0
1625710317555,Wed Jul 07 19:11:57 PDT 2021,114,193,-1
1625711075834,Wed Jul 07 19:24:35 PDT 2021,114,194,1
1625714487468,Wed Jul 07 20:21:27 PDT 2021,114,195,-1
1625723162876,Wed Jul 07 22:46:02 PDT 2021,114,196,0
1625755862634,Thu Jul 08 07:51:02 PDT 2021,114,198,1
1625759079337,Thu Jul 08 08:44:39 PDT 2021,114,199,-1
1625762612721,Thu Jul 08 09:43:32 PDT 2021,114,201,1
1625763344092,Thu Jul 08 09:55:44 PDT 2021,114,203,0
1625770653161,Thu Jul 08 11:57:33 PDT 2021,114,205,-1
1625772282729,Thu Jul 08 12:24:42 PDT 2021,114,206,-1
1625781775730,Thu Jul 08 15:02:55 PDT 2021,114,207,-1
1625783953776,Thu Jul 08 15:39:13 PDT 2021,114,208,0
1625786652149,Thu Jul 08 16:24:12 PDT 2021,114,209,-1
1625845363632,Fri Jul 09 08:42:43 PDT 2021,114,215,-1
1625853133621,Fri Jul 09 10:52:13 PDT 2021,114,216,-1
1625855751130,Fri Jul 09 11:35:51 PDT 2021,114,217,-1
1625863435592,Fri Jul 09 13:43:55 PDT 2021,114,218,0
1625868228943,Fri Jul 09 15:03:48 PDT 2021,114,219,-1
1625921793903,Sat Jul 10 05:56:33 PDT 2021,114,223,0
1625922012698,Sat Jul 10 06:00:12 PDT 2021,114,224,-1
1625929691918,Sat Jul 10 08:08:11 PDT 2021,114,226,0
1625937446424,Sat Jul 10 10:17:26 PDT 2021,114,227,0
1625961804676,Sat Jul 10 17:03:24 PDT 2021,114,231,-1
1625965301620,Sat Jul 10 18:01:41 PDT 2021,114,232,-1
1625982640742,Sat Jul 10 22:50:40 PDT 2021,114,234,1
1626011897093,Sun Jul 11 06:58:17 PDT 2021,114,236,0
1626015602889,Sun Jul 11 08:00:02 PDT 2021,114,237,-1
1626015780306,Sun Jul 11 08:03:00 PDT 2021,114,238,-1
1626018202313,Sun Jul 11 08:43:22 PDT 2021,114,239,1
1626027615645,Sun Jul 11 11:20:15 PDT 2021,114,240,0
1626031631314,Sun Jul 11 12:27:11 PDT 2021,114,241,-1
1626034057504,Sun Jul 11 13:07:37 PDT 2021,114,243,0
1626050951794,Sun Jul 11 17:49:11 PDT 2021,114,246,1
1626063206210,Sun Jul 11 21:13:26 PDT 2021,114,248,-1
1626097231437,Mon Jul 12 06:40:31 PDT 2021,114,249,0
1626097847538,Mon Jul 12 06:50:47 PDT 2021,114,250,0
1626160349928,Tue Jul 13 00:12:29 PDT 2021,114,255,0
1626184195334,Tue Jul 13 06:49:55 PDT 2021,114,256,-1
1626214023218,Tue Jul 13 15:07:03 PDT 2021,114,260,-1
1626220840317,Tue Jul 13 17:00:40 PDT 2021,114,263,1
1626298298452,Wed Jul 14 14:31:38 PDT 2021,114,265,-1
1626384263304,Thu Jul 15 14:24:23 PDT 2021,114,267,0
1626360420555,Thu Jul 15 07:47:00 PDT 2021,114,269,-1
1626386095424,Thu Jul 15 14:54:55 PDT 2021,114,271,0
1626456193021,Fri Jul 16 10:23:13 PDT 2021,114,274,-1
1626471964224,Fri Jul 16 14:46:04 PDT 2021,114,275,-1
1626493127239,Fri Jul 16 20:38:47 PDT 2021,114,276,1
1626541250724,Sat Jul 17 10:00:50 PDT 2021,114,278,-1
1626540502952,Sat Jul 17 09:48:22 PDT 2021,114,279,-1
1626545588345,Sat Jul 17 11:13:08 PDT 2021,114,280,1
1626552739002,Sat Jul 17 13:12:19 PDT 2021,114,281,-1
1626554023383,Sat Jul 17 13:33:43 PDT 2021,114,282,-1
1626568379161,Sat Jul 17 17:32:59 PDT 2021,114,284,1
1626578097739,Sat Jul 17 20:14:57 PDT 2021,114,285,0
1626584542957,Sat Jul 17 22:02:22 PDT 2021,114,286,1
1626712874197,Mon Jul 19 09:41:14 PDT 2021,114,288,-1
1626716530222,Mon Jul 19 10:42:10 PDT 2021,114,290,-1
1626720342268,Mon Jul 19 11:45:42 PDT 2021,114,291,-1
1626737511334,Mon Jul 19 16:31:51 PDT 2021,114,294,0
1626752548675,Mon Jul 19 20:42:28 PDT 2021,114,295,-1
1626792066345,Tue Jul 20 07:41:06 PDT 2021,114,296,1
1626798807090,Tue Jul 20 09:33:27 PDT 2021,114,298,-1
1626908771713,Wed Jul 21 16:06:11 PDT 2021,114,299,1
1626965420485,Thu Jul 22 07:50:20 PDT 2021,114,300,0
1627001524283,Thu Jul 22 17:52:04 PDT 2021,114,302,-1
1627002606320,Thu Jul 22 18:10:06 PDT 2021,114,303,1
1627008971451,Thu Jul 22 19:56:11 PDT 2021,114,305,-1
1627084295310,Fri Jul 23 16:51:35 PDT 2021,114,309,-1
1627085619219,Fri Jul 23 17:13:39 PDT 2021,114,310,-1
1627087277595,Fri Jul 23 17:41:17 PDT 2021,114,311,1
1627088098667,Fri Jul 23 17:54:58 PDT 2021,114,312,1
1627100142467,Fri Jul 23 21:15:42 PDT 2021,114,313,-1
1627100953139,Fri Jul 23 21:29:13 PDT 2021,114,314,-1
1627102057593,Fri Jul 23 21:47:37 PDT 2021,114,315,-1
1627162824115,Sat Jul 24 14:40:24 PDT 2021,114,317,0
1627187502797,Sat Jul 24 21:31:42 PDT 2021,114,318,1
1627191392758,Sat Jul 24 22:36:32 PDT 2021,114,319,1
1627407549609,Tue Jul 27 10:39:09 PDT 2021,114,322,1
1627414782917,Tue Jul 27 12:39:42 PDT 2021,114,325,1
1627698193281,Fri Jul 30 19:23:13 PDT 2021,114,326,0
1627451174397,Tue Jul 27 22:46:14 PDT 2021,114,328,1
1627502865145,Wed Jul 28 13:07:45 PDT 2021,114,332,1
1627503260245,Wed Jul 28 13:14:20 PDT 2021,114,334,1
1627505237922,Wed Jul 28 13:47:17 PDT 2021,114,337,1
1627505608121,Wed Jul 28 13:53:28 PDT 2021,114,339,1
1627508564264,Wed Jul 28 14:42:44 PDT 2021,114,343,-1
1627509960328,Wed Jul 28 15:06:00 PDT 2021,114,346,1
1627515284300,Wed Jul 28 16:34:44 PDT 2021,114,348,-1
1627515190513,Wed Jul 28 16:33:10 PDT 2021,114,349,-1
1627518117580,Wed Jul 28 17:21:57 PDT 2021,114,352,0
1627522769774,Wed Jul 28 18:39:29 PDT 2021,114,353,-1
1627522212948,Wed Jul 28 18:30:12 PDT 2021,114,356,-1
1627529896524,Wed Jul 28 20:38:16 PDT 2021,114,357,1
1627536048540,Wed Jul 28 22:20:48 PDT 2021,114,361,0
1627544503726,Thu Jul 29 00:41:43 PDT 2021,114,364,-1
1627574009393,Thu Jul 29 08:53:29 PDT 2021,114,366,1
1627577799725,Thu Jul 29 09:56:39 PDT 2021,114,368,-1
1627583197008,Thu Jul 29 11:26:37 PDT 2021,114,369,1
1627586842978,Thu Jul 29 12:27:22 PDT 2021,114,373,-1
1627608902790,Thu Jul 29 18:35:02 PDT 2021,114,376,0
1627611993464,Thu Jul 29 19:26:33 PDT 2021,114,377,-1
1627613985208,Thu Jul 29 19:59:45 PDT 2021,114,378,0
1627655078461,Fri Jul 30 07:24:38 PDT 2021,114,380,-1
1627656323843,Fri Jul 30 07:45:23 PDT 2021,114,381,0
1627663929864,Fri Jul 30 09:52:09 PDT 2021,114,382,1
1627667581157,Fri Jul 30 10:53:01 PDT 2021,114,384,0
1627675904222,Fri Jul 30 13:11:44 PDT 2021,114,386,-1
1627680740435,Fri Jul 30 14:32:20 PDT 2021,114,388,0
1627682581497,Fri Jul 30 15:03:01 PDT 2021,114,389,-1
1627685242984,Fri Jul 30 15:47:22 PDT 2021,114,393,1
1627686301403,Fri Jul 30 16:05:01 PDT 2021,114,394,1
1627702622209,Fri Jul 30 20:37:02 PDT 2021,114,396,-1
1627752527513,Sat Jul 31 10:28:47 PDT 2021,114,398,1
1627757054466,Sat Jul 31 11:44:14 PDT 2021,114,399,0
1627759958993,Sat Jul 31 12:32:38 PDT 2021,114,400,0
1627770289354,Sat Jul 31 15:24:49 PDT 2021,114,401,-1
1627772175694,Sat Jul 31 15:56:15 PDT 2021,114,402,1
1627776191163,Sat Jul 31 17:03:11 PDT 2021,114,403,-1
1627837966237,Sun Aug 01 10:12:46 PDT 2021,114,404,1
1625102377722,Wed Jun 30 18:19:37 PDT 2021,115,0,1
1625160821340,Thu Jul 01 10:33:41 PDT 2021,115,26,-1
1625951181803,Sat Jul 10 14:06:21 PDT 2021,115,50,1
1625102681740,Wed Jun 30 18:24:41 PDT 2021,115,52,-1
1625102000587,Wed Jun 30 18:13:20 PDT 2021,115,53,1
1625107942842,Wed Jun 30 19:52:22 PDT 2021,115,55,-1
1625112163351,Wed Jun 30 21:02:43 PDT 2021,115,56,1
1625115876745,Wed Jun 30 22:04:36 PDT 2021,115,57,0
1625117167058,Wed Jun 30 22:26:07 PDT 2021,115,58,0
1625117941286,Wed Jun 30 22:39:01 PDT 2021,115,59,-1
1625120775439,Wed Jun 30 23:26:15 PDT 2021,115,60,0
1625150237971,Thu Jul 01 07:37:17 PDT 2021,115,61,-1
1625150979771,Thu Jul 01 07:49:39 PDT 2021,115,62,0
1625154276795,Thu Jul 01 08:44:36 PDT 2021,115,63,0
1625155893122,Thu Jul 01 09:11:33 PDT 2021,115,64,1
1625158271454,Thu Jul 01 09:51:11 PDT 2021,115,65,0
1625410683799,Sun Jul 04 07:58:03 PDT 2021,115,66,0
1625159821368,Thu Jul 01 10:17:01 PDT 2021,115,68,-1
1625160335539,Thu Jul 01 10:25:35 PDT 2021,115,69,-1
1625168035797,Thu Jul 01 12:33:55 PDT 2021,115,70,0
1625162666152,Thu Jul 01 11:04:26 PDT 2021,115,71,1
1625163645230,Thu Jul 01 11:20:45 PDT 2021,115,73,1
1625164890097,Thu Jul 01 11:41:30 PDT 2021,115,74,0
1625164091797,Thu Jul 01 11:28:11 PDT 2021,115,83,1
1625164935987,Thu Jul 01 11:42:15 PDT 2021,115,85,1
1625165320107,Thu Jul 01 11:48:40 PDT 2021,115,86,1
1625168364561,Thu Jul 01 12:39:24 PDT 2021,115,92,1
1625173874540,Thu Jul 01 14:11:14 PDT 2021,115,93,-1
1625175026753,Thu Jul 01 14:30:26 PDT 2021,115,94,0
1625179675798,Thu Jul 01 15:47:55 PDT 2021,115,95,-1
1625183099825,Thu Jul 01 16:44:59 PDT 2021,115,96,0
1626145279016,Mon Jul 12 20:01:19 PDT 2021,115,98,1
1625191464901,Thu Jul 01 19:04:24 PDT 2021,115,100,-1
1625191297654,Thu Jul 01 19:01:37 PDT 2021,115,101,0
1625200266287,Thu Jul 01 21:31:06 PDT 2021,115,102,1
1625238237065,Fri Jul 02 08:03:57 PDT 2021,115,103,1
1625241812583,Fri Jul 02 09:03:32 PDT 2021,115,104,0
1625241788903,Fri Jul 02 09:03:08 PDT 2021,115,106,0
1625246352792,Fri Jul 02 10:19:12 PDT 2021,115,107,-1
1625266903948,Fri Jul 02 16:01:43 PDT 2021,115,111,-1
1625274170880,Fri Jul 02 18:02:50 PDT 2021,115,112,-1
1625329096390,Sat Jul 03 09:18:16 PDT 2021,115,118,1
1625333188386,Sat Jul 03 10:26:28 PDT 2021,115,119,-1
1625365042567,Sat Jul 03 19:17:22 PDT 2021,115,121,1
1625365423187,Sat Jul 03 19:23:43 PDT 2021,115,122,-1
1625366000494,Sat Jul 03 19:33:20 PDT 2021,115,123,-1
1625375830809,Sat Jul 03 22:17:10 PDT 2021,115,124,-1
1625384446527,Sun Jul 04 00:40:46 PDT 2021,115,125,0
1625413905435,Sun Jul 04 08:51:45 PDT 2021,115,127,1
1625424933006,Sun Jul 04 11:55:33 PDT 2021,115,131,1
1625429113249,Sun Jul 04 13:05:13 PDT 2021,115,132,-1
1625436373362,Sun Jul 04 15:06:13 PDT 2021,115,135,0
1625436630599,Sun Jul 04 15:10:30 PDT 2021,115,136,1
1625437178608,Sun Jul 04 15:19:38 PDT 2021,115,137,1
1625452457627,Sun Jul 04 19:34:17 PDT 2021,115,141,0
1625462625232,Sun Jul 04 22:23:45 PDT 2021,115,145,-1
1625496060087,Mon Jul 05 07:41:00 PDT 2021,115,147,0
1625594066105,Tue Jul 06 10:54:26 PDT 2021,115,151,-1
1625602819117,Tue Jul 06 13:20:19 PDT 2021,115,152,-1
1625613829049,Tue Jul 06 16:23:49 PDT 2021,115,153,-1
1625611731687,Tue Jul 06 15:48:51 PDT 2021,115,155,-1
1625627424153,Tue Jul 06 20:10:24 PDT 2021,115,156,-1
1625635851287,Tue Jul 06 22:30:51 PDT 2021,115,157,-1
1625673250628,Wed Jul 07 08:54:10 PDT 2021,115,160,0
1625674784837,Wed Jul 07 09:19:44 PDT 2021,115,161,-1
1625675656024,Wed Jul 07 09:34:16 PDT 2021,115,162,0
1625676693330,Wed Jul 07 09:51:33 PDT 2021,115,163,1
1625677791890,Wed Jul 07 10:09:51 PDT 2021,115,166,0
1625686277934,Wed Jul 07 12:31:17 PDT 2021,115,170,0
1625694287558,Wed Jul 07 14:44:47 PDT 2021,115,173,-1
1625694002308,Wed Jul 07 14:40:02 PDT 2021,115,174,0
1625696871635,Wed Jul 07 15:27:51 PDT 2021,115,181,-1
1625698807045,Wed Jul 07 16:00:07 PDT 2021,115,183,0
1625699843262,Wed Jul 07 16:17:23 PDT 2021,115,186,0
1625700926051,Wed Jul 07 16:35:26 PDT 2021,115,187,0
1625700894146,Wed Jul 07 16:34:54 PDT 2021,115,188,1
1625703242996,Wed Jul 07 17:14:02 PDT 2021,115,189,1
1625710504110,Wed Jul 07 19:15:04 PDT 2021,115,191,1
1625710268745,Wed Jul 07 19:11:08 PDT 2021,115,193,0
1625711015777,Wed Jul 07 19:23:35 PDT 2021,115,194,1
1625723227759,Wed Jul 07 22:47:07 PDT 2021,115,196,1
1625752702334,Thu Jul 08 06:58:22 PDT 2021,115,197,-1
1625772791663,Thu Jul 08 12:33:11 PDT 2021,115,198,1
1625759101843,Thu Jul 08 08:45:01 PDT 2021,115,199,-1
1625762667781,Thu Jul 08 09:44:27 PDT 2021,115,201,-1
1625763424878,Thu Jul 08 09:57:04 PDT 2021,115,203,-1
1625770575519,Thu Jul 08 11:56:15 PDT 2021,115,205,-1
1625781678083,Thu Jul 08 15:01:18 PDT 2021,115,207,0
1625784476117,Thu Jul 08 15:47:56 PDT 2021,115,208,0
1625787121916,Thu Jul 08 16:32:01 PDT 2021,115,209,-1
1625801635314,Thu Jul 08 20:33:55 PDT 2021,115,213,-1
1625845292972,Fri Jul 09 08:41:32 PDT 2021,115,215,-1
1625855539059,Fri Jul 09 11:32:19 PDT 2021,115,217,-1
1625863425716,Fri Jul 09 13:43:45 PDT 2021,115,218,0
1625868600727,Fri Jul 09 15:10:00 PDT 2021,115,219,-1
1625921907464,Sat Jul 10 05:58:27 PDT 2021,115,223,-1
1625922031543,Sat Jul 10 06:00:31 PDT 2021,115,224,-1
1625929744856,Sat Jul 10 08:09:04 PDT 2021,115,226,0
1625961702212,Sat Jul 10 17:01:42 PDT 2021,115,231,-1
1625964378242,Sat Jul 10 17:46:18 PDT 2021,115,232,-1
1625982692192,Sat Jul 10 22:51:32 PDT 2021,115,234,1
1626012691577,Sun Jul 11 07:11:31 PDT 2021,115,236,1
1626015206817,Sun Jul 11 07:53:26 PDT 2021,115,237,-1
1626015824367,Sun Jul 11 08:03:44 PDT 2021,115,238,-1
1626018805797,Sun Jul 11 08:53:25 PDT 2021,115,239,1
1626027721200,Sun Jul 11 11:22:01 PDT 2021,115,240,1
1626032005889,Sun Jul 11 12:33:25 PDT 2021,115,241,-1
1626033477000,Sun Jul 11 12:57:57 PDT 2021,115,243,0
1626055976125,Sun Jul 11 19:12:56 PDT 2021,115,247,0
1626063667102,Sun Jul 11 21:21:07 PDT 2021,115,248,-1
1626097781514,Mon Jul 12 06:49:41 PDT 2021,115,250,-1
1626101160299,Mon Jul 12 07:46:00 PDT 2021,115,251,-1
1626160275303,Tue Jul 13 00:11:15 PDT 2021,115,255,1
1626184550315,Tue Jul 13 06:55:50 PDT 2021,115,256,-1
1626641152628,Sun Jul 18 13:45:52 PDT 2021,115,258,1
1626214285226,Tue Jul 13 15:11:25 PDT 2021,115,260,-1
1626218730188,Tue Jul 13 16:25:30 PDT 2021,115,262,0
1626235362103,Tue Jul 13 21:02:42 PDT 2021,115,265,-1
1626383582083,Thu Jul 15 14:13:02 PDT 2021,115,267,1
1626386058230,Thu Jul 15 14:54:18 PDT 2021,115,271,-1
1626456187908,Fri Jul 16 10:23:07 PDT 2021,115,274,-1
1626472057438,Fri Jul 16 14:47:37 PDT 2021,115,275,-1
1626493075697,Fri Jul 16 20:37:55 PDT 2021,115,276,0
1626540450415,Sat Jul 17 09:47:30 PDT 2021,115,278,-1
1626540684630,Sat Jul 17 09:51:24 PDT 2021,115,279,-1
1626545717893,Sat Jul 17 11:15:17 PDT 2021,115,280,0
1626552548118,Sat Jul 17 13:09:08 PDT 2021,115,281,-1
1626554108119,Sat Jul 17 13:35:08 PDT 2021,115,282,-1
1626568239420,Sat Jul 17 17:30:39 PDT 2021,115,284,1
1626584863224,Sat Jul 17 22:07:43 PDT 2021,115,286,-1
1626713037301,Mon Jul 19 09:43:57 PDT 2021,115,288,0
1626716526250,Mon Jul 19 10:42:06 PDT 2021,115,290,-1
1626719871883,Mon Jul 19 11:37:51 PDT 2021,115,291,1
1626724228375,Mon Jul 19 12:50:28 PDT 2021,115,292,1
1626737331272,Mon Jul 19 16:28:51 PDT 2021,115,294,-1
1626752498159,Mon Jul 19 20:41:38 PDT 2021,115,295,-1
1626792482042,Tue Jul 20 07:48:02 PDT 2021,115,296,-1
1626799222204,Tue Jul 20 09:40:22 PDT 2021,115,298,-1
1626909417957,Wed Jul 21 16:16:57 PDT 2021,115,299,-1
1626965424937,Thu Jul 22 07:50:24 PDT 2021,115,300,0
1626919126997,Wed Jul 21 18:58:46 PDT 2021,115,301,-1
1627001544641,Thu Jul 22 17:52:24 PDT 2021,115,302,0
1627002622129,Thu Jul 22 18:10:22 PDT 2021,115,303,-1
1627009023148,Thu Jul 22 19:57:03 PDT 2021,115,305,1
1627084243616,Fri Jul 23 16:50:43 PDT 2021,115,309,1
1627085845919,Fri Jul 23 17:17:25 PDT 2021,115,310,1
1627086923322,Fri Jul 23 17:35:23 PDT 2021,115,311,1
1627087868343,Fri Jul 23 17:51:08 PDT 2021,115,312,1
1627100257471,Fri Jul 23 21:17:37 PDT 2021,115,313,1
1627100919390,Fri Jul 23 21:28:39 PDT 2021,115,314,1
1627102069503,Fri Jul 23 21:47:49 PDT 2021,115,315,1
1627162798431,Sat Jul 24 14:39:58 PDT 2021,115,317,0
1627187582222,Sat Jul 24 21:33:02 PDT 2021,115,318,1
1627192119464,Sat Jul 24 22:48:39 PDT 2021,115,319,1
1627404795889,Tue Jul 27 09:53:15 PDT 2021,115,321,-1
1627407902445,Tue Jul 27 10:45:02 PDT 2021,115,322,1
1627415036722,Tue Jul 27 12:43:56 PDT 2021,115,325,-1
1627424721867,Tue Jul 27 15:25:21 PDT 2021,115,326,0
1627502951054,Wed Jul 28 13:09:11 PDT 2021,115,332,-1
1627505217654,Wed Jul 28 13:46:57 PDT 2021,115,337,1
1627505927922,Wed Jul 28 13:58:47 PDT 2021,115,339,-1
1627506727226,Wed Jul 28 14:12:07 PDT 2021,115,341,-1
1627508766494,Wed Jul 28 14:46:06 PDT 2021,115,343,1
1627515101582,Wed Jul 28 16:31:41 PDT 2021,115,348,-1
1627515450501,Wed Jul 28 16:37:30 PDT 2021,115,350,0
1627522702227,Wed Jul 28 18:38:22 PDT 2021,115,353,-1
1627521736651,Wed Jul 28 18:22:16 PDT 2021,115,356,-1
1627529523401,Wed Jul 28 20:32:03 PDT 2021,115,357,1
1627531511004,Wed Jul 28 21:05:11 PDT 2021,115,358,1
1627535615373,Wed Jul 28 22:13:35 PDT 2021,115,362,1
1627573514199,Thu Jul 29 08:45:14 PDT 2021,115,366,1
1627579105354,Thu Jul 29 10:18:25 PDT 2021,115,368,-1
1627582793764,Thu Jul 29 11:19:53 PDT 2021,115,369,1
1627585182542,Thu Jul 29 11:59:42 PDT 2021,115,372,1
1627586767130,Thu Jul 29 12:26:07 PDT 2021,115,373,0
1627608035522,Thu Jul 29 18:20:35 PDT 2021,115,376,0
1627613914903,Thu Jul 29 19:58:34 PDT 2021,115,378,-1
1627655574856,Fri Jul 30 07:32:54 PDT 2021,115,380,-1
1627664127040,Fri Jul 30 09:55:27 PDT 2021,115,382,1
1627667111950,Fri Jul 30 10:45:11 PDT 2021,115,384,1
1627675564375,Fri Jul 30 13:06:04 PDT 2021,115,386,-1
1627681034119,Fri Jul 30 14:37:14 PDT 2021,115,388,0
1627682606052,Fri Jul 30 15:03:26 PDT 2021,115,389,-1
1627684055666,Fri Jul 30 15:27:35 PDT 2021,115,391,-1
1627686068409,Fri Jul 30 16:01:08 PDT 2021,115,394,1
1627690329454,Fri Jul 30 17:12:09 PDT 2021,115,395,1
1627702258933,Fri Jul 30 20:30:58 PDT 2021,115,396,-1
1627759899960,Sat Jul 31 12:31:39 PDT 2021,115,400,0
1627769984487,Sat Jul 31 15:19:44 PDT 2021,115,401,-1
1627772062312,Sat Jul 31 15:54:22 PDT 2021,115,402,1
1627776964602,Sat Jul 31 17:16:04 PDT 2021,115,403,-1
1627837785251,Sun Aug 01 10:09:45 PDT 2021,115,404,1
1625102369432,Wed Jun 30 18:19:29 PDT 2021,116,0,0
1625160797275,Thu Jul 01 10:33:17 PDT 2021,116,26,0
1625951207824,Sat Jul 10 14:06:47 PDT 2021,116,50,0
1625102687300,Wed Jun 30 18:24:47 PDT 2021,116,52,-1
1625102051007,Wed Jun 30 18:14:11 PDT 2021,116,53,1
1625107983122,Wed Jun 30 19:53:03 PDT 2021,116,55,-1
1625116026306,Wed Jun 30 22:07:06 PDT 2021,116,57,0
1625117591930,Wed Jun 30 22:33:11 PDT 2021,116,58,0
1625118218649,Wed Jun 30 22:43:38 PDT 2021,116,59,-1
1625150578453,Thu Jul 01 07:42:58 PDT 2021,116,61,-1
1625151422233,Thu Jul 01 07:57:02 PDT 2021,116,62,-1
1625154254964,Thu Jul 01 08:44:14 PDT 2021,116,63,0
1625155560657,Thu Jul 01 09:06:00 PDT 2021,116,64,1
1625158009442,Thu Jul 01 09:46:49 PDT 2021,116,65,-1
1625410919763,Sun Jul 04 08:01:59 PDT 2021,116,66,-1
1625159928285,Thu Jul 01 10:18:48 PDT 2021,116,68,-1
1625160183456,Thu Jul 01 10:23:03 PDT 2021,116,69,-1
1625168032197,Thu Jul 01 12:33:52 PDT 2021,116,70,-1
1625162657276,Thu Jul 01 11:04:17 PDT 2021,116,71,1
1625163374119,Thu Jul 01 11:16:14 PDT 2021,116,73,1
1625164858143,Thu Jul 01 11:40:58 PDT 2021,116,74,0
1625164921257,Thu Jul 01 11:42:01 PDT 2021,116,85,1
1625165570465,Thu Jul 01 11:52:50 PDT 2021,116,86,1
1625168719284,Thu Jul 01 12:45:19 PDT 2021,116,92,-1
1625175241899,Thu Jul 01 14:34:01 PDT 2021,116,94,-1
1625175274139,Thu Jul 01 14:34:34 PDT 2021,116,95,-1
1625183171716,Thu Jul 01 16:46:11 PDT 2021,116,96,0
1626145388705,Mon Jul 12 20:03:08 PDT 2021,116,98,0
1625191273324,Thu Jul 01 19:01:13 PDT 2021,116,100,-1
1625190500650,Thu Jul 01 18:48:20 PDT 2021,116,101,-1
1625199758354,Thu Jul 01 21:22:38 PDT 2021,116,102,1
1625238119044,Fri Jul 02 08:01:59 PDT 2021,116,103,0
1625241644825,Fri Jul 02 09:00:44 PDT 2021,116,104,0
1625241789440,Fri Jul 02 09:03:09 PDT 2021,116,105,0
1625241988400,Fri Jul 02 09:06:28 PDT 2021,116,106,0
1625246557582,Fri Jul 02 10:22:37 PDT 2021,116,107,-1
1625266246991,Fri Jul 02 15:50:46 PDT 2021,116,111,-1
1625276484519,Fri Jul 02 18:41:24 PDT 2021,116,112,-1
1625329381759,Sat Jul 03 09:23:01 PDT 2021,116,118,1
1625333918663,Sat Jul 03 10:38:38 PDT 2021,116,119,-1
1625364716249,Sat Jul 03 19:11:56 PDT 2021,116,121,1
1625365398950,Sat Jul 03 19:23:18 PDT 2021,116,122,1
1625365961419,Sat Jul 03 19:32:41 PDT 2021,116,123,-1
1625375150588,Sat Jul 03 22:05:50 PDT 2021,116,124,-1
1625414958471,Sun Jul 04 09:09:18 PDT 2021,116,127,0
1625424638687,Sun Jul 04 11:50:38 PDT 2021,116,131,0
1625428733866,Sun Jul 04 12:58:53 PDT 2021,116,132,-1
1625436158193,Sun Jul 04 15:02:38 PDT 2021,116,135,0
1625436977011,Sun Jul 04 15:16:17 PDT 2021,116,136,-1
1625437374679,Sun Jul 04 15:22:54 PDT 2021,116,137,0
1625452357389,Sun Jul 04 19:32:37 PDT 2021,116,141,-1
1625462252049,Sun Jul 04 22:17:32 PDT 2021,116,145,-1
1625496864227,Mon Jul 05 07:54:24 PDT 2021,116,147,0
1625594121087,Tue Jul 06 10:55:21 PDT 2021,116,151,-1
1625602824184,Tue Jul 06 13:20:24 PDT 2021,116,152,-1
1625614213633,Tue Jul 06 16:30:13 PDT 2021,116,153,-1
1625611898404,Tue Jul 06 15:51:38 PDT 2021,116,155,-1
1625627781497,Tue Jul 06 20:16:21 PDT 2021,116,156,-1
1625636039299,Tue Jul 06 22:33:59 PDT 2021,116,157,0
1625673221687,Wed Jul 07 08:53:41 PDT 2021,116,160,0
1625674999109,Wed Jul 07 09:23:19 PDT 2021,116,161,-1
1625675571229,Wed Jul 07 09:32:51 PDT 2021,116,162,0
1625676486660,Wed Jul 07 09:48:06 PDT 2021,116,163,1
1625678707730,Wed Jul 07 10:25:07 PDT 2021,116,166,0
1625694247614,Wed Jul 07 14:44:07 PDT 2021,116,173,-1
1625694281916,Wed Jul 07 14:44:41 PDT 2021,116,174,-1
1625696655686,Wed Jul 07 15:24:15 PDT 2021,116,181,-1
1625697567397,Wed Jul 07 15:39:27 PDT 2021,116,183,0
1625700085849,Wed Jul 07 16:21:25 PDT 2021,116,186,0
1625700374815,Wed Jul 07 16:26:14 PDT 2021,116,187,-1
1625700934509,Wed Jul 07 16:35:34 PDT 2021,116,188,0
1625703117901,Wed Jul 07 17:11:57 PDT 2021,116,189,1
1625710562914,Wed Jul 07 19:16:02 PDT 2021,116,191,-1
1625709956662,Wed Jul 07 19:05:56 PDT 2021,116,193,-1
1625711268065,Wed Jul 07 19:27:48 PDT 2021,116,194,0
1625723114300,Wed Jul 07 22:45:14 PDT 2021,116,196,0
1625756046801,Thu Jul 08 07:54:06 PDT 2021,116,198,0
1625759509021,Thu Jul 08 08:51:49 PDT 2021,116,199,-1
1625762629652,Thu Jul 08 09:43:49 PDT 2021,116,201,0
1625763612045,Thu Jul 08 10:00:12 PDT 2021,116,203,0
1625770587038,Thu Jul 08 11:56:27 PDT 2021,116,205,0
1625772379399,Thu Jul 08 12:26:19 PDT 2021,116,206,1
1625782300857,Thu Jul 08 15:11:40 PDT 2021,116,207,-1
1625784396081,Thu Jul 08 15:46:36 PDT 2021,116,208,-1
1625786939467,Thu Jul 08 16:28:59 PDT 2021,116,209,-1
1625842382250,Fri Jul 09 07:53:02 PDT 2021,116,214,-1
1625845520720,Fri Jul 09 08:45:20 PDT 2021,116,215,-1
1625855568855,Fri Jul 09 11:32:48 PDT 2021,116,217,-1
1625864979894,Fri Jul 09 14:09:39 PDT 2021,116,218,-1
1625868476897,Fri Jul 09 15:07:56 PDT 2021,116,219,-1
1625921081008,Sat Jul 10 05:44:41 PDT 2021,116,223,-1
1625922483780,Sat Jul 10 06:08:03 PDT 2021,116,224,-1
1625930006815,Sat Jul 10 08:13:26 PDT 2021,116,226,-1
1625939996520,Sat Jul 10 10:59:56 PDT 2021,116,228,1
1625965944559,Sat Jul 10 18:12:24 PDT 2021,116,232,-1
1625982504372,Sat Jul 10 22:48:24 PDT 2021,116,234,-1
1626012319721,Sun Jul 11 07:05:19 PDT 2021,116,236,0
1626015469842,Sun Jul 11 07:57:49 PDT 2021,116,237,-1
1626015617063,Sun Jul 11 08:00:17 PDT 2021,116,238,-1
1626018894438,Sun Jul 11 08:54:54 PDT 2021,116,239,0
1626027746461,Sun Jul 11 11:22:26 PDT 2021,116,240,-1
1626031423995,Sun Jul 11 12:23:43 PDT 2021,116,241,1
1626033590944,Sun Jul 11 12:59:50 PDT 2021,116,243,0
1626055761990,Sun Jul 11 19:09:21 PDT 2021,116,247,-1
1626063734223,Sun Jul 11 21:22:14 PDT 2021,116,248,-1
1626097481689,Mon Jul 12 06:44:41 PDT 2021,116,250,0
1626160528421,Tue Jul 13 00:15:28 PDT 2021,116,255,0
1626185055316,Tue Jul 13 07:04:15 PDT 2021,116,256,-1
1626198214224,Tue Jul 13 10:43:34 PDT 2021,116,257,1
1626214487969,Tue Jul 13 15:14:47 PDT 2021,116,260,-1
1626298303327,Wed Jul 14 14:31:43 PDT 2021,116,265,-1
1626384224265,Thu Jul 15 14:23:44 PDT 2021,116,267,0
1626386491710,Thu Jul 15 15:01:31 PDT 2021,116,271,-1
1626456298462,Fri Jul 16 10:24:58 PDT 2021,116,274,-1
1626472044456,Fri Jul 16 14:47:24 PDT 2021,116,275,-1
1626492845037,Fri Jul 16 20:34:05 PDT 2021,116,276,1
1626540335136,Sat Jul 17 09:45:35 PDT 2021,116,278,-1
1626546385524,Sat Jul 17 11:26:25 PDT 2021,116,280,0
1626552777287,Sat Jul 17 13:12:57 PDT 2021,116,281,-1
1626554151408,Sat Jul 17 13:35:51 PDT 2021,116,282,-1
1626571066797,Sat Jul 17 18:17:46 PDT 2021,116,284,1
1626584830774,Sat Jul 17 22:07:10 PDT 2021,116,286,1
1626713263973,Mon Jul 19 09:47:43 PDT 2021,116,288,-1
1626716287938,Mon Jul 19 10:38:07 PDT 2021,116,290,1
1626720430465,Mon Jul 19 11:47:10 PDT 2021,116,291,0
1626738064458,Mon Jul 19 16:41:04 PDT 2021,116,294,-1
1626752556046,Mon Jul 19 20:42:36 PDT 2021,116,295,-1
1626792337409,Tue Jul 20 07:45:37 PDT 2021,116,296,1
1626799295066,Tue Jul 20 09:41:35 PDT 2021,116,298,-1
1626909966272,Wed Jul 21 16:26:06 PDT 2021,116,299,-1
1626965228964,Thu Jul 22 07:47:08 PDT 2021,116,300,-1
1627001548299,Thu Jul 22 17:52:28 PDT 2021,116,302,-1
1627002509120,Thu Jul 22 18:08:29 PDT 2021,116,303,1
1627009099619,Thu Jul 22 19:58:19 PDT 2021,116,305,-1
1627082554848,Fri Jul 23 16:22:34 PDT 2021,116,308,1
1627084290903,Fri Jul 23 16:51:30 PDT 2021,116,309,0
1627085807742,Fri Jul 23 17:16:47 PDT 2021,116,310,-1
1627086583907,Fri Jul 23 17:29:43 PDT 2021,116,311,1
1627088558407,Fri Jul 23 18:02:38 PDT 2021,116,312,1
1627100208457,Fri Jul 23 21:16:48 PDT 2021,116,313,-1
1627101215349,Fri Jul 23 21:33:35 PDT 2021,116,314,-1
1627101635411,Fri Jul 23 21:40:35 PDT 2021,116,315,-1
1627163102316,Sat Jul 24 14:45:02 PDT 2021,116,317,-1
1627187229905,Sat Jul 24 21:27:09 PDT 2021,116,318,1
1627191266973,Sat Jul 24 22:34:26 PDT 2021,116,319,1
1627407847560,Tue Jul 27 10:44:07 PDT 2021,116,322,1
1627415040028,Tue Jul 27 12:44:00 PDT 2021,116,325,1
1627698917869,Fri Jul 30 19:35:17 PDT 2021,116,326,0
1627439552526,Tue Jul 27 19:32:32 PDT 2021,116,327,-1
1627505374123,Wed Jul 28 13:49:34 PDT 2021,116,337,0
1627505733032,Wed Jul 28 13:55:33 PDT 2021,116,339,0
1627508808276,Wed Jul 28 14:46:48 PDT 2021,116,343,1
1627515388849,Wed Jul 28 16:36:28 PDT 2021,116,348,-1
1627523209081,Wed Jul 28 18:46:49 PDT 2021,116,353,-1
1627521679412,Wed Jul 28 18:21:19 PDT 2021,116,356,-1
1627530089230,Wed Jul 28 20:41:29 PDT 2021,116,357,1
1627532038454,Wed Jul 28 21:13:58 PDT 2021,116,358,1
1627544115693,Thu Jul 29 00:35:15 PDT 2021,116,364,-1
1627574098361,Thu Jul 29 08:54:58 PDT 2021,116,366,1
1627579216907,Thu Jul 29 10:20:16 PDT 2021,116,368,-1
1627583083563,Thu Jul 29 11:24:43 PDT 2021,116,369,0
1627587289932,Thu Jul 29 12:34:49 PDT 2021,116,373,-1
1627607689463,Thu Jul 29 18:14:49 PDT 2021,116,376,0
1627612058460,Thu Jul 29 19:27:38 PDT 2021,116,377,-1
1627613845844,Thu Jul 29 19:57:25 PDT 2021,116,378,0
1627655538788,Fri Jul 30 07:32:18 PDT 2021,116,380,-1
1627664016960,Fri Jul 30 09:53:36 PDT 2021,116,382,1
1627667634798,Fri Jul 30 10:53:54 PDT 2021,116,384,0
1627676554071,Fri Jul 30 13:22:34 PDT 2021,116,386,-1
1627681860648,Fri Jul 30 14:51:00 PDT 2021,116,388,0
1627682918681,Fri Jul 30 15:08:38 PDT 2021,116,389,-1
1627686326932,Fri Jul 30 16:05:26 PDT 2021,116,394,1
1627701987890,Fri Jul 30 20:26:27 PDT 2021,116,396,0
1627770316438,Sat Jul 31 15:25:16 PDT 2021,116,401,-1
1627772243365,Sat Jul 31 15:57:23 PDT 2021,116,402,1
1627776790718,Sat Jul 31 17:13:10 PDT 2021,116,403,-1
1627837603485,Sun Aug 01 10:06:43 PDT 2021,116,404,1
1625102390125,Wed Jun 30 18:19:50 PDT 2021,117,0,-1
1625160857620,Thu Jul 01 10:34:17 PDT 2021,117,26,-1
1625951682290,Sat Jul 10 14:14:42 PDT 2021,117,50,0
1625102678371,Wed Jun 30 18:24:38 PDT 2021,117,52,-1
1625102079698,Wed Jun 30 18:14:39 PDT 2021,117,53,1
1625107900984,Wed Jun 30 19:51:40 PDT 2021,117,55,-1
1625112122118,Wed Jun 30 21:02:02 PDT 2021,117,56,-1
1625116085224,Wed Jun 30 22:08:05 PDT 2021,117,57,-1
1625117197515,Wed Jun 30 22:26:37 PDT 2021,117,58,0
1625118051052,Wed Jun 30 22:40:51 PDT 2021,117,59,-1
1625149864613,Thu Jul 01 07:31:04 PDT 2021,117,61,-1
1625151332562,Thu Jul 01 07:55:32 PDT 2021,117,62,-1
1625153925978,Thu Jul 01 08:38:45 PDT 2021,117,63,-1
1625155736269,Thu Jul 01 09:08:56 PDT 2021,117,64,-1
1625158282304,Thu Jul 01 09:51:22 PDT 2021,117,65,-1
1625158838756,Thu Jul 01 10:00:38 PDT 2021,117,66,-1
1625159940885,Thu Jul 01 10:19:00 PDT 2021,117,68,-1
1625159943824,Thu Jul 01 10:19:03 PDT 2021,117,69,-1
1625167788095,Thu Jul 01 12:29:48 PDT 2021,117,70,-1
1625162849896,Thu Jul 01 11:07:29 PDT 2021,117,71,1
1625163678763,Thu Jul 01 11:21:18 PDT 2021,117,73,1
1625164456021,Thu Jul 01 11:34:16 PDT 2021,117,74,0
1625164064696,Thu Jul 01 11:27:44 PDT 2021,117,83,1
1625164958964,Thu Jul 01 11:42:38 PDT 2021,117,85,1
1625165390634,Thu Jul 01 11:49:50 PDT 2021,117,86,1
1625165644378,Thu Jul 01 11:54:04 PDT 2021,117,87,1
1625168491263,Thu Jul 01 12:41:31 PDT 2021,117,92,-1
1625173787827,Thu Jul 01 14:09:47 PDT 2021,117,93,-1
1625174931066,Thu Jul 01 14:28:51 PDT 2021,117,94,-1
1625175187748,Thu Jul 01 14:33:07 PDT 2021,117,95,-1
1625183145837,Thu Jul 01 16:45:45 PDT 2021,117,96,-1
1626145399390,Mon Jul 12 20:03:19 PDT 2021,117,98,0
1625191295583,Thu Jul 01 19:01:35 PDT 2021,117,100,-1
1625191014856,Thu Jul 01 18:56:54 PDT 2021,117,101,-1
1625200083323,Thu Jul 01 21:28:03 PDT 2021,117,102,-1
1625238450195,Fri Jul 02 08:07:30 PDT 2021,117,103,1
1625241458406,Fri Jul 02 08:57:38 PDT 2021,117,104,-1
1625241883529,Fri Jul 02 09:04:43 PDT 2021,117,106,-1
1625246458825,Fri Jul 02 10:20:58 PDT 2021,117,107,-1
1625251671127,Fri Jul 02 11:47:51 PDT 2021,117,108,-1
1625266239078,Fri Jul 02 15:50:39 PDT 2021,117,111,-1
1625276040434,Fri Jul 02 18:34:00 PDT 2021,117,112,-1
1625329554256,Sat Jul 03 09:25:54 PDT 2021,117,118,0
1625333726574,Sat Jul 03 10:35:26 PDT 2021,117,119,-1
1625365016128,Sat Jul 03 19:16:56 PDT 2021,117,121,1
1625365698695,Sat Jul 03 19:28:18 PDT 2021,117,122,0
1625366463068,Sat Jul 03 19:41:03 PDT 2021,117,123,-1
1625376025752,Sat Jul 03 22:20:25 PDT 2021,117,124,-1
1625414701166,Sun Jul 04 09:05:01 PDT 2021,117,127,0
1625416047484,Sun Jul 04 09:27:27 PDT 2021,117,130,-1
1625425100496,Sun Jul 04 11:58:20 PDT 2021,117,131,0
1625428827106,Sun Jul 04 13:00:27 PDT 2021,117,132,-1
1625428753774,Sun Jul 04 12:59:13 PDT 2021,117,133,-1
1625435735910,Sun Jul 04 14:55:35 PDT 2021,117,135,-1
1625436599837,Sun Jul 04 15:09:59 PDT 2021,117,136,-1
1625437318832,Sun Jul 04 15:21:58 PDT 2021,117,137,0
1625452151439,Sun Jul 04 19:29:11 PDT 2021,117,141,-1
1625462801342,Sun Jul 04 22:26:41 PDT 2021,117,145,-1
1625496634263,Mon Jul 05 07:50:34 PDT 2021,117,147,-1
1625594104715,Tue Jul 06 10:55:04 PDT 2021,117,151,-1
1625602501425,Tue Jul 06 13:15:01 PDT 2021,117,152,-1
1625613895725,Tue Jul 06 16:24:55 PDT 2021,117,153,-1
1625611945572,Tue Jul 06 15:52:25 PDT 2021,117,155,-1
1625627646113,Tue Jul 06 20:14:06 PDT 2021,117,156,-1
1625636102278,Tue Jul 06 22:35:02 PDT 2021,117,157,0
1625672896300,Wed Jul 07 08:48:16 PDT 2021,117,160,-1
1625674985015,Wed Jul 07 09:23:05 PDT 2021,117,161,-1
1625675595045,Wed Jul 07 09:33:15 PDT 2021,117,162,0
1625676809440,Wed Jul 07 09:53:29 PDT 2021,117,163,-1
1625678600476,Wed Jul 07 10:23:20 PDT 2021,117,166,-1
1625694267442,Wed Jul 07 14:44:27 PDT 2021,117,173,-1
1625694344477,Wed Jul 07 14:45:44 PDT 2021,117,174,-1
1625694693727,Wed Jul 07 14:51:33 PDT 2021,117,177,-1
1625696850135,Wed Jul 07 15:27:30 PDT 2021,117,181,-1
1625698744129,Wed Jul 07 15:59:04 PDT 2021,117,183,-1
1625700260898,Wed Jul 07 16:24:20 PDT 2021,117,186,-1
1625701065392,Wed Jul 07 16:37:45 PDT 2021,117,187,0
1625700377239,Wed Jul 07 16:26:17 PDT 2021,117,188,-1
1625703096357,Wed Jul 07 17:11:36 PDT 2021,117,189,1
1625710555303,Wed Jul 07 19:15:55 PDT 2021,117,191,0
1625709925132,Wed Jul 07 19:05:25 PDT 2021,117,193,-1
1625711248610,Wed Jul 07 19:27:28 PDT 2021,117,194,-1
1625723047797,Wed Jul 07 22:44:07 PDT 2021,117,196,0
1625755823059,Thu Jul 08 07:50:23 PDT 2021,117,198,-1
1625759579700,Thu Jul 08 08:52:59 PDT 2021,117,199,-1
1625763109503,Thu Jul 08 09:51:49 PDT 2021,117,201,0
1625763278586,Thu Jul 08 09:54:38 PDT 2021,117,203,-1
1625770665633,Thu Jul 08 11:57:45 PDT 2021,117,205,-1
1625782438523,Thu Jul 08 15:13:58 PDT 2021,117,207,-1
1625784485340,Thu Jul 08 15:48:05 PDT 2021,117,208,-1
1625786596685,Thu Jul 08 16:23:16 PDT 2021,117,209,-1
1625788812488,Thu Jul 08 17:00:12 PDT 2021,117,210,-1
1625845497363,Fri Jul 09 08:44:57 PDT 2021,117,215,-1
1625855718721,Fri Jul 09 11:35:18 PDT 2021,117,217,-1
1625864059667,Fri Jul 09 13:54:19 PDT 2021,117,218,-1
1625868595512,Fri Jul 09 15:09:55 PDT 2021,117,219,-1
1625921644155,Sat Jul 10 05:54:04 PDT 2021,117,223,-1
1625921909720,Sat Jul 10 05:58:29 PDT 2021,117,224,-1
1625929999689,Sat Jul 10 08:13:19 PDT 2021,117,226,-1
1625961783588,Sat Jul 10 17:03:03 PDT 2021,117,231,-1
1625965286481,Sat Jul 10 18:01:26 PDT 2021,117,232,-1
1625982243132,Sat Jul 10 22:44:03 PDT 2021,117,234,-1
1626011824909,Sun Jul 11 06:57:04 PDT 2021,117,236,0
1626015597330,Sun Jul 11 07:59:57 PDT 2021,117,237,-1
1626016006319,Sun Jul 11 08:06:46 PDT 2021,117,238,-1
1626018861242,Sun Jul 11 08:54:21 PDT 2021,117,239,0
1626027760796,Sun Jul 11 11:22:40 PDT 2021,117,240,-1
1626031448515,Sun Jul 11 12:24:08 PDT 2021,117,241,-1
1626034115152,Sun Jul 11 13:08:35 PDT 2021,117,243,-1
1626055669474,Sun Jul 11 19:07:49 PDT 2021,117,247,-1
1626063605568,Sun Jul 11 21:20:05 PDT 2021,117,248,-1
1626097834849,Mon Jul 12 06:50:34 PDT 2021,117,250,-1
1626160583981,Tue Jul 13 00:16:23 PDT 2021,117,255,-1
1626184322467,Tue Jul 13 06:52:02 PDT 2021,117,256,-1
1626214521818,Tue Jul 13 15:15:21 PDT 2021,117,260,-1
1626221076927,Tue Jul 13 17:04:36 PDT 2021,117,263,-1
1626298490768,Wed Jul 14 14:34:50 PDT 2021,117,265,-1
1626384056909,Thu Jul 15 14:20:56 PDT 2021,117,267,-1
1626386370925,Thu Jul 15 14:59:30 PDT 2021,117,271,-1
1626456252287,Fri Jul 16 10:24:12 PDT 2021,117,274,-1
1626472027579,Fri Jul 16 14:47:07 PDT 2021,117,275,-1
1626492825957,Fri Jul 16 20:33:45 PDT 2021,117,276,0
1626541290236,Sat Jul 17 10:01:30 PDT 2021,117,278,-1
1626546301666,Sat Jul 17 11:25:01 PDT 2021,117,280,-1
1626552815126,Sat Jul 17 13:13:35 PDT 2021,117,281,-1
1626554131752,Sat Jul 17 13:35:31 PDT 2021,117,282,-1
1626570964515,Sat Jul 17 18:16:04 PDT 2021,117,284,-1
1626584858983,Sat Jul 17 22:07:38 PDT 2021,117,286,0
1626713343449,Mon Jul 19 09:49:03 PDT 2021,117,288,-1
1626720826578,Mon Jul 19 11:53:46 PDT 2021,117,291,0
1626738068266,Mon Jul 19 16:41:08 PDT 2021,117,294,-1
1626752642530,Mon Jul 19 20:44:02 PDT 2021,117,295,-1
1626792558316,Tue Jul 20 07:49:18 PDT 2021,117,296,0
1626799280786,Tue Jul 20 09:41:20 PDT 2021,117,298,-1
1626910376851,Wed Jul 21 16:32:56 PDT 2021,117,299,-1
1626965281239,Thu Jul 22 07:48:01 PDT 2021,117,300,-1
1627001576303,Thu Jul 22 17:52:56 PDT 2021,117,302,-1
1627002715172,Thu Jul 22 18:11:55 PDT 2021,117,303,1
1627009226576,Thu Jul 22 20:00:26 PDT 2021,117,305,-1
1627084371739,Fri Jul 23 16:52:51 PDT 2021,117,309,1
1627085899395,Fri Jul 23 17:18:19 PDT 2021,117,310,-1
1627087375862,Fri Jul 23 17:42:55 PDT 2021,117,311,-1
1627088337575,Fri Jul 23 17:58:57 PDT 2021,117,312,-1
1627100361446,Fri Jul 23 21:19:21 PDT 2021,117,313,-1
1627101042313,Fri Jul 23 21:30:42 PDT 2021,117,314,-1
1627101798999,Fri Jul 23 21:43:18 PDT 2021,117,315,-1
1627163192829,Sat Jul 24 14:46:32 PDT 2021,117,317,0
1627188292546,Sat Jul 24 21:44:52 PDT 2021,117,318,-1
1627192285827,Sat Jul 24 22:51:25 PDT 2021,117,319,-1
1627407914358,Tue Jul 27 10:45:14 PDT 2021,117,322,0
1627415083685,Tue Jul 27 12:44:43 PDT 2021,117,325,0
1627699331169,Fri Jul 30 19:42:11 PDT 2021,117,326,0
1627439575363,Tue Jul 27 19:32:55 PDT 2021,117,327,0
1627503054273,Wed Jul 28 13:10:54 PDT 2021,117,333,0
1627505362245,Wed Jul 28 13:49:22 PDT 2021,117,337,-1
1627509272280,Wed Jul 28 14:54:32 PDT 2021,117,343,-1
1627515256046,Wed Jul 28 16:34:16 PDT 2021,117,348,-1
1627524335151,Wed Jul 28 19:05:35 PDT 2021,117,353,-1
1627522349201,Wed Jul 28 18:32:29 PDT 2021,117,356,-1
1627530676724,Wed Jul 28 20:51:16 PDT 2021,117,357,1
1627532049166,Wed Jul 28 21:14:09 PDT 2021,117,358,0
1627544064026,Thu Jul 29 00:34:24 PDT 2021,117,364,-1
1627573930231,Thu Jul 29 08:52:10 PDT 2021,117,366,1
1627587008776,Thu Jul 29 12:30:08 PDT 2021,117,373,-1
1627609534693,Thu Jul 29 18:45:34 PDT 2021,117,376,-1
1627655012555,Fri Jul 30 07:23:32 PDT 2021,117,380,-1
1627664384260,Fri Jul 30 09:59:44 PDT 2021,117,382,-1
1627667992509,Fri Jul 30 10:59:52 PDT 2021,117,384,0
1627676122553,Fri Jul 30 13:15:22 PDT 2021,117,386,-1
1627680531182,Fri Jul 30 14:28:51 PDT 2021,117,388,-1
1627682812901,Fri Jul 30 15:06:52 PDT 2021,117,389,-1
1627703090589,Fri Jul 30 20:44:50 PDT 2021,117,396,-1
1627770202595,Sat Jul 31 15:23:22 PDT 2021,117,401,-1
1627772157476,Sat Jul 31 15:55:57 PDT 2021,117,402,-1
1627777357958,Sat Jul 31 17:22:37 PDT 2021,117,403,-1
1627838202825,Sun Aug 01 10:16:42 PDT 2021,117,404,-1
1625102409410,Wed Jun 30 18:20:09 PDT 2021,118,0,-1
1625160976702,Thu Jul 01 10:36:16 PDT 2021,118,26,-1
1625951697780,Sat Jul 10 14:14:57 PDT 2021,118,50,0
1625102719103,Wed Jun 30 18:25:19 PDT 2021,118,52,-1
1625102108976,Wed Jun 30 18:15:08 PDT 2021,118,53,1
1625108059893,Wed Jun 30 19:54:19 PDT 2021,118,55,-1
1625112205113,Wed Jun 30 21:03:25 PDT 2021,118,56,-1
1625115932675,Wed Jun 30 22:05:32 PDT 2021,118,57,-1
1625117397704,Wed Jun 30 22:29:57 PDT 2021,118,58,0
1625117998571,Wed Jun 30 22:39:58 PDT 2021,118,59,-1
1625150186423,Thu Jul 01 07:36:26 PDT 2021,118,61,-1
1625150931370,Thu Jul 01 07:48:51 PDT 2021,118,62,-1
1625154369813,Thu Jul 01 08:46:09 PDT 2021,118,63,-1
1625155990937,Thu Jul 01 09:13:10 PDT 2021,118,64,-1
1625157883048,Thu Jul 01 09:44:43 PDT 2021,118,65,-1
1625410979007,Sun Jul 04 08:02:59 PDT 2021,118,66,-1
1625159963666,Thu Jul 01 10:19:23 PDT 2021,118,68,-1
1625160106818,Thu Jul 01 10:21:46 PDT 2021,118,69,-1
1625168039594,Thu Jul 01 12:33:59 PDT 2021,118,70,-1
1625162346189,Thu Jul 01 10:59:06 PDT 2021,118,71,0
1625163615070,Thu Jul 01 11:20:15 PDT 2021,118,73,1
1625166999684,Thu Jul 01 12:16:39 PDT 2021,118,74,0
1625165102213,Thu Jul 01 11:45:02 PDT 2021,118,85,1
1625168687474,Thu Jul 01 12:44:47 PDT 2021,118,92,-1
1625174925775,Thu Jul 01 14:28:45 PDT 2021,118,94,-1
1625179757710,Thu Jul 01 15:49:17 PDT 2021,118,95,-1
1625183288444,Thu Jul 01 16:48:08 PDT 2021,118,96,-1
1626145379889,Mon Jul 12 20:02:59 PDT 2021,118,98,-1
1625191515324,Thu Jul 01 19:05:15 PDT 2021,118,100,-1
1625191301127,Thu Jul 01 19:01:41 PDT 2021,118,101,-1
1625200136042,Thu Jul 01 21:28:56 PDT 2021,118,102,-1
1625238380655,Fri Jul 02 08:06:20 PDT 2021,118,103,0
1625242018686,Fri Jul 02 09:06:58 PDT 2021,118,104,-1
1625242460676,Fri Jul 02 09:14:20 PDT 2021,118,106,0
1625246542521,Fri Jul 02 10:22:22 PDT 2021,118,107,-1
1625267026877,Fri Jul 02 16:03:46 PDT 2021,118,111,-1
1625274325384,Fri Jul 02 18:05:25 PDT 2021,118,112,-1
1625329703664,Sat Jul 03 09:28:23 PDT 2021,118,118,0
1625334396800,Sat Jul 03 10:46:36 PDT 2021,118,119,-1
1625365154971,Sat Jul 03 19:19:14 PDT 2021,118,121,1
1625365792886,Sat Jul 03 19:29:52 PDT 2021,118,122,0
1625366596283,Sat Jul 03 19:43:16 PDT 2021,118,123,-1
1625376306140,Sat Jul 03 22:25:06 PDT 2021,118,124,-1
1625414894409,Sun Jul 04 09:08:14 PDT 2021,118,127,0
1625425183751,Sun Jul 04 11:59:43 PDT 2021,118,131,0
1625429313308,Sun Jul 04 13:08:33 PDT 2021,118,132,-1
1625436413327,Sun Jul 04 15:06:53 PDT 2021,118,135,-1
1625436902616,Sun Jul 04 15:15:02 PDT 2021,118,136,-1
1625437437816,Sun Jul 04 15:23:57 PDT 2021,118,137,-1
1625452325221,Sun Jul 04 19:32:05 PDT 2021,118,141,-1
1625463182248,Sun Jul 04 22:33:02 PDT 2021,118,145,-1
1625496922777,Mon Jul 05 07:55:22 PDT 2021,118,147,-1
1625594096085,Tue Jul 06 10:54:56 PDT 2021,118,151,-1
1625603035989,Tue Jul 06 13:23:55 PDT 2021,118,152,-1
1625614257446,Tue Jul 06 16:30:57 PDT 2021,118,153,-1
1625611838605,Tue Jul 06 15:50:38 PDT 2021,118,155,-1
1625627784943,Tue Jul 06 20:16:24 PDT 2021,118,156,-1
1625636090102,Tue Jul 06 22:34:50 PDT 2021,118,157,0
1625673245821,Wed Jul 07 08:54:05 PDT 2021,118,160,0
1625675005459,Wed Jul 07 09:23:25 PDT 2021,118,161,-1
1625675430070,Wed Jul 07 09:30:30 PDT 2021,118,162,-1
1625676946071,Wed Jul 07 09:55:46 PDT 2021,118,163,-1
1625678741379,Wed Jul 07 10:25:41 PDT 2021,118,166,-1
1625694437042,Wed Jul 07 14:47:17 PDT 2021,118,173,-1
1625694410651,Wed Jul 07 14:46:50 PDT 2021,118,174,-1
1625696860893,Wed Jul 07 15:27:40 PDT 2021,118,181,-1
1625698856707,Wed Jul 07 16:00:56 PDT 2021,118,183,-1
1625700194610,Wed Jul 07 16:23:14 PDT 2021,118,186,-1
1625701166346,Wed Jul 07 16:39:26 PDT 2021,118,187,-1
1625701009782,Wed Jul 07 16:36:49 PDT 2021,118,188,-1
1625703293169,Wed Jul 07 17:14:53 PDT 2021,118,189,1
1625710544868,Wed Jul 07 19:15:44 PDT 2021,118,193,-1
1625711316352,Wed Jul 07 19:28:36 PDT 2021,118,194,-1
1625723258502,Wed Jul 07 22:47:38 PDT 2021,118,196,-1
1625772993964,Thu Jul 08 12:36:33 PDT 2021,118,198,0
1625759654558,Thu Jul 08 08:54:14 PDT 2021,118,199,-1
1625763106463,Thu Jul 08 09:51:46 PDT 2021,118,201,0
1625763531182,Thu Jul 08 09:58:51 PDT 2021,118,203,-1
1625770700228,Thu Jul 08 11:58:20 PDT 2021,118,205,-1
1625782610638,Thu Jul 08 15:16:50 PDT 2021,118,207,-1
1625784042293,Thu Jul 08 15:40:42 PDT 2021,118,208,-1
1625787155153,Thu Jul 08 16:32:35 PDT 2021,118,209,-1
1625845542005,Fri Jul 09 08:45:42 PDT 2021,118,215,-1
1625856171858,Fri Jul 09 11:42:51 PDT 2021,118,217,-1
1625865081550,Fri Jul 09 14:11:21 PDT 2021,118,218,-1
1625868757785,Fri Jul 09 15:12:37 PDT 2021,118,219,-1
1625921914101,Sat Jul 10 05:58:34 PDT 2021,118,223,-1
1625922650129,Sat Jul 10 06:10:50 PDT 2021,118,224,-1
1625930038917,Sat Jul 10 08:13:58 PDT 2021,118,226,-1
1625966016226,Sat Jul 10 18:13:36 PDT 2021,118,232,-1
1625982595330,Sat Jul 10 22:49:55 PDT 2021,118,234,-1
1626012850591,Sun Jul 11 07:14:10 PDT 2021,118,236,-1
1626015384641,Sun Jul 11 07:56:24 PDT 2021,118,237,-1
1626015849023,Sun Jul 11 08:04:09 PDT 2021,118,238,-1
1626019041023,Sun Jul 11 08:57:21 PDT 2021,118,239,1
1626027718776,Sun Jul 11 11:21:58 PDT 2021,118,240,-1
1626032112379,Sun Jul 11 12:35:12 PDT 2021,118,241,0
1626034172626,Sun Jul 11 13:09:32 PDT 2021,118,243,-1
1626063933002,Sun Jul 11 21:25:33 PDT 2021,118,248,-1
1626097943541,Mon Jul 12 06:52:23 PDT 2021,118,250,-1
1626160209567,Tue Jul 13 00:10:09 PDT 2021,118,255,-1
1626185401817,Tue Jul 13 07:10:01 PDT 2021,118,256,-1
1626214435971,Tue Jul 13 15:13:55 PDT 2021,118,260,-1
1626298393636,Wed Jul 14 14:33:13 PDT 2021,118,265,-1
1626384417582,Thu Jul 15 14:26:57 PDT 2021,118,267,0
1626386121209,Thu Jul 15 14:55:21 PDT 2021,118,271,-1
1626456349669,Fri Jul 16 10:25:49 PDT 2021,118,274,-1
1626472163638,Fri Jul 16 14:49:23 PDT 2021,118,275,-1
1626493194369,Fri Jul 16 20:39:54 PDT 2021,118,276,0
1626541175651,Sat Jul 17 09:59:35 PDT 2021,118,278,-1
1626546410615,Sat Jul 17 11:26:50 PDT 2021,118,280,0
1626552802354,Sat Jul 17 13:13:22 PDT 2021,118,281,-1
1626554176850,Sat Jul 17 13:36:16 PDT 2021,118,282,-1
1626571182855,Sat Jul 17 18:19:42 PDT 2021,118,284,-1
1626584921681,Sat Jul 17 22:08:41 PDT 2021,118,286,-1
1626713355677,Mon Jul 19 09:49:15 PDT 2021,118,288,-1
1626716601936,Mon Jul 19 10:43:21 PDT 2021,118,290,0
1626721017155,Mon Jul 19 11:56:57 PDT 2021,118,291,0
1626738115667,Mon Jul 19 16:41:55 PDT 2021,118,294,-1
1626752606361,Mon Jul 19 20:43:26 PDT 2021,118,295,-1
1626792457479,Tue Jul 20 07:47:37 PDT 2021,118,296,-1
1626799350882,Tue Jul 20 09:42:30 PDT 2021,118,298,-1
1626909861311,Wed Jul 21 16:24:21 PDT 2021,118,299,-1
1626965450480,Thu Jul 22 07:50:50 PDT 2021,118,300,0
1627001638141,Thu Jul 22 17:53:58 PDT 2021,118,302,-1
1627002730700,Thu Jul 22 18:12:10 PDT 2021,118,303,1
1627009223100,Thu Jul 22 20:00:23 PDT 2021,118,305,-1
1627084578637,Fri Jul 23 16:56:18 PDT 2021,118,309,-1
1627085918194,Fri Jul 23 17:18:38 PDT 2021,118,310,-1
1627087396398,Fri Jul 23 17:43:16 PDT 2021,118,311,-1
1627088573894,Fri Jul 23 18:02:53 PDT 2021,118,312,-1
1627100396263,Fri Jul 23 21:19:56 PDT 2021,118,313,-1
1627101285477,Fri Jul 23 21:34:45 PDT 2021,118,314,-1
1627102127827,Fri Jul 23 21:48:47 PDT 2021,118,315,-1
1627163495003,Sat Jul 24 14:51:35 PDT 2021,118,317,-1
1627188434509,Sat Jul 24 21:47:14 PDT 2021,118,318,-1
1627192296901,Sat Jul 24 22:51:36 PDT 2021,118,319,-1
1627408006453,Tue Jul 27 10:46:46 PDT 2021,118,322,-1
1627699713455,Fri Jul 30 19:48:33 PDT 2021,118,326,0
1627505387285,Wed Jul 28 13:49:47 PDT 2021,118,337,0
1627509301783,Wed Jul 28 14:55:01 PDT 2021,118,343,-1
1627515680680,Wed Jul 28 16:41:20 PDT 2021,118,348,-1
1627524331456,Wed Jul 28 19:05:31 PDT 2021,118,353,-1
1627522447826,Wed Jul 28 18:34:07 PDT 2021,118,356,-1
1627530070902,Wed Jul 28 20:41:10 PDT 2021,118,357,1
1627573401886,Thu Jul 29 08:43:21 PDT 2021,118,366,1
1627587463808,Thu Jul 29 12:37:43 PDT 2021,118,373,-1
1627610150972,Thu Jul 29 18:55:50 PDT 2021,118,376,-1
1627656604164,Fri Jul 30 07:50:04 PDT 2021,118,380,-1
1627664381507,Fri Jul 30 09:59:41 PDT 2021,118,382,-1
1627668096254,Fri Jul 30 11:01:36 PDT 2021,118,384,0
1627676746602,Fri Jul 30 13:25:46 PDT 2021,118,386,-1
1627681915302,Fri Jul 30 14:51:55 PDT 2021,118,388,-1
1627683024827,Fri Jul 30 15:10:24 PDT 2021,118,389,-1
1627702597084,Fri Jul 30 20:36:37 PDT 2021,118,396,-1
1627770443172,Sat Jul 31 15:27:23 PDT 2021,118,401,-1
1627772394461,Sat Jul 31 15:59:54 PDT 2021,118,402,-1
1627777322933,Sat Jul 31 17:22:02 PDT 2021,118,403,-1
1627837850567,Sun Aug 01 10:10:50 PDT 2021,118,404,-1
1625102417395,Wed Jun 30 18:20:17 PDT 2021,119,0,0
1625160885404,Thu Jul 01 10:34:45 PDT 2021,119,26,0
1625951280979,Sat Jul 10 14:08:00 PDT 2021,119,50,0
1625102784355,Wed Jun 30 18:26:24 PDT 2021,119,52,-1
1625102135638,Wed Jun 30 18:15:35 PDT 2021,119,53,1
1625257402403,Fri Jul 02 13:23:22 PDT 2021,119,64,0
1625158013693,Thu Jul 01 09:46:53 PDT 2021,119,65,-1
1625410899943,Sun Jul 04 08:01:39 PDT 2021,119,66,-1
1625159482133,Thu Jul 01 10:11:22 PDT 2021,119,68,-1
1625159934553,Thu Jul 01 10:18:54 PDT 2021,119,69,-1
1625160141928,Thu Jul 01 10:22:21 PDT 2021,119,70,0
1625161939143,Thu Jul 01 10:52:19 PDT 2021,119,71,1
1625163543676,Thu Jul 01 11:19:03 PDT 2021,119,73,1
1625163905880,Thu Jul 01 11:25:05 PDT 2021,119,74,0
1625164172620,Thu Jul 01 11:29:32 PDT 2021,119,83,1
1625164411261,Thu Jul 01 11:33:31 PDT 2021,119,84,1
1625164607728,Thu Jul 01 11:36:47 PDT 2021,119,85,-1
1625165994870,Thu Jul 01 11:59:54 PDT 2021,119,90,-1
1625168288785,Thu Jul 01 12:38:08 PDT 2021,119,92,0
1625174718037,Thu Jul 01 14:25:18 PDT 2021,119,94,0
1625179680853,Thu Jul 01 15:48:00 PDT 2021,119,95,-1
1625183235768,Thu Jul 01 16:47:15 PDT 2021,119,96,-1
1626145118562,Mon Jul 12 19:58:38 PDT 2021,119,98,0
1625191482605,Thu Jul 01 19:04:42 PDT 2021,119,100,-1
1625191209453,Thu Jul 01 19:00:09 PDT 2021,119,101,-1
1625200099009,Thu Jul 01 21:28:19 PDT 2021,119,102,0
1625238409665,Fri Jul 02 08:06:49 PDT 2021,119,103,0
1625241127688,Fri Jul 02 08:52:07 PDT 2021,119,104,0
1625241849405,Fri Jul 02 09:04:09 PDT 2021,119,105,-1
1625242258695,Fri Jul 02 09:10:58 PDT 2021,119,106,0
1625245684103,Fri Jul 02 10:08:04 PDT 2021,119,107,-1
1625266882527,Fri Jul 02 16:01:22 PDT 2021,119,111,-1
1625275172971,Fri Jul 02 18:19:32 PDT 2021,119,112,-1
1625329640761,Sat Jul 03 09:27:20 PDT 2021,119,118,1
1625333401921,Sat Jul 03 10:30:01 PDT 2021,119,119,-1
1625365098654,Sat Jul 03 19:18:18 PDT 2021,119,121,-1
1625365787930,Sat Jul 03 19:29:47 PDT 2021,119,122,1
1625366510564,Sat Jul 03 19:41:50 PDT 2021,119,123,-1
1625375954782,Sat Jul 03 22:19:14 PDT 2021,119,124,-1
1625384109345,Sun Jul 04 00:35:09 PDT 2021,119,125,0
1625413695973,Sun Jul 04 08:48:15 PDT 2021,119,127,0
1625425128956,Sun Jul 04 11:58:48 PDT 2021,119,131,0
1625429202917,Sun Jul 04 13:06:42 PDT 2021,119,132,-1
1625436458065,Sun Jul 04 15:07:38 PDT 2021,119,135,-1
1625436966672,Sun Jul 04 15:16:06 PDT 2021,119,136,0
1625437193395,Sun Jul 04 15:19:53 PDT 2021,119,137,0
1625452480007,Sun Jul 04 19:34:40 PDT 2021,119,141,-1
1625463198587,Sun Jul 04 22:33:18 PDT 2021,119,145,-1
1625496891472,Mon Jul 05 07:54:51 PDT 2021,119,147,0
1625594162344,Tue Jul 06 10:56:02 PDT 2021,119,151,-1
1625603032573,Tue Jul 06 13:23:52 PDT 2021,119,152,-1
1625614048678,Tue Jul 06 16:27:28 PDT 2021,119,153,-1
1625611980831,Tue Jul 06 15:53:00 PDT 2021,119,155,0
1625627838967,Tue Jul 06 20:17:18 PDT 2021,119,156,-1
1625636016865,Tue Jul 06 22:33:36 PDT 2021,119,157,0
1625673545837,Wed Jul 07 08:59:05 PDT 2021,119,160,0
1625674911885,Wed Jul 07 09:21:51 PDT 2021,119,161,-1
1625675585025,Wed Jul 07 09:33:05 PDT 2021,119,162,0
1625676930033,Wed Jul 07 09:55:30 PDT 2021,119,163,1
1625678859587,Wed Jul 07 10:27:39 PDT 2021,119,166,-1
1625694330668,Wed Jul 07 14:45:30 PDT 2021,119,173,-1
1625694286282,Wed Jul 07 14:44:46 PDT 2021,119,174,-1
1625696844124,Wed Jul 07 15:27:24 PDT 2021,119,181,-1
1625698913111,Wed Jul 07 16:01:53 PDT 2021,119,183,0
1625700266220,Wed Jul 07 16:24:26 PDT 2021,119,186,0
1625701262069,Wed Jul 07 16:41:02 PDT 2021,119,187,0
1625701014428,Wed Jul 07 16:36:54 PDT 2021,119,188,0
1625703286661,Wed Jul 07 17:14:46 PDT 2021,119,189,1
1625710614208,Wed Jul 07 19:16:54 PDT 2021,119,194,0
1625723214925,Wed Jul 07 22:46:54 PDT 2021,119,196,0
1625753204981,Thu Jul 08 07:06:44 PDT 2021,119,197,-1
1625772972515,Thu Jul 08 12:36:12 PDT 2021,119,198,0
1625759185504,Thu Jul 08 08:46:25 PDT 2021,119,199,-1
1625763031945,Thu Jul 08 09:50:31 PDT 2021,119,201,1
1625763875759,Thu Jul 08 10:04:35 PDT 2021,119,203,0
1625770797414,Thu Jul 08 11:59:57 PDT 2021,119,205,1
1625781458882,Thu Jul 08 14:57:38 PDT 2021,119,207,-1
1625784435014,Thu Jul 08 15:47:15 PDT 2021,119,208,0
1625787082928,Thu Jul 08 16:31:22 PDT 2021,119,209,-1
1625845462789,Fri Jul 09 08:44:22 PDT 2021,119,215,-1
1625856203785,Fri Jul 09 11:43:23 PDT 2021,119,217,-1
1625865034956,Fri Jul 09 14:10:34 PDT 2021,119,218,-1
1625868622080,Fri Jul 09 15:10:22 PDT 2021,119,219,-1
1625921884203,Sat Jul 10 05:58:04 PDT 2021,119,223,0
1625922670156,Sat Jul 10 06:11:10 PDT 2021,119,224,-1
1625929974824,Sat Jul 10 08:12:54 PDT 2021,119,226,0
1625961459878,Sat Jul 10 16:57:39 PDT 2021,119,231,-1
1625965979078,Sat Jul 10 18:12:59 PDT 2021,119,232,-1
1625982754176,Sat Jul 10 22:52:34 PDT 2021,119,234,0
1626008496338,Sun Jul 11 06:01:36 PDT 2021,119,235,0
1626008498337,Sun Jul 11 06:01:38 PDT 2021,119,235,0
1626012757699,Sun Jul 11 07:12:37 PDT 2021,119,236,0
1626015499610,Sun Jul 11 07:58:19 PDT 2021,119,237,-1
1626015730400,Sun Jul 11 08:02:10 PDT 2021,119,238,-1
1626018949602,Sun Jul 11 08:55:49 PDT 2021,119,239,1
1626027778497,Sun Jul 11 11:22:58 PDT 2021,119,240,-1
1626032092856,Sun Jul 11 12:34:52 PDT 2021,119,241,1
1626034136016,Sun Jul 11 13:08:56 PDT 2021,119,243,-1
1626063874182,Sun Jul 11 21:24:34 PDT 2021,119,248,-1
1626097861694,Mon Jul 12 06:51:01 PDT 2021,119,250,0
1626160538612,Tue Jul 13 00:15:38 PDT 2021,119,255,0
1626185132343,Tue Jul 13 07:05:32 PDT 2021,119,256,-1
1626214399142,Tue Jul 13 15:13:19 PDT 2021,119,260,-1
1626235333986,Tue Jul 13 21:02:13 PDT 2021,119,265,-1
1626384398108,Thu Jul 15 14:26:38 PDT 2021,119,267,0
1626385998766,Thu Jul 15 14:53:18 PDT 2021,119,271,-1
1626455694706,Fri Jul 16 10:14:54 PDT 2021,119,274,-1
1626471325669,Fri Jul 16 14:35:25 PDT 2021,119,275,-1
1626493178583,Fri Jul 16 20:39:38 PDT 2021,119,276,1
1626541287794,Sat Jul 17 10:01:27 PDT 2021,119,278,-1
1626545481650,Sat Jul 17 11:11:21 PDT 2021,119,280,0
1626552857384,Sat Jul 17 13:14:17 PDT 2021,119,281,-1
1626553946393,Sat Jul 17 13:32:26 PDT 2021,119,282,-1
1626570994872,Sat Jul 17 18:16:34 PDT 2021,119,284,-1
1626584952507,Sat Jul 17 22:09:12 PDT 2021,119,286,1
1626713306351,Mon Jul 19 09:48:26 PDT 2021,119,288,-1
1626720372636,Mon Jul 19 11:46:12 PDT 2021,119,291,0
1626737985102,Mon Jul 19 16:39:45 PDT 2021,119,294,-1
1626752423957,Mon Jul 19 20:40:23 PDT 2021,119,295,-1
1626792695424,Tue Jul 20 07:51:35 PDT 2021,119,296,1
1626799257544,Tue Jul 20 09:40:57 PDT 2021,119,298,-1
1626910133424,Wed Jul 21 16:28:53 PDT 2021,119,299,-1
1626965412421,Thu Jul 22 07:50:12 PDT 2021,119,300,0
1626919296763,Wed Jul 21 19:01:36 PDT 2021,119,301,-1
1627001624688,Thu Jul 22 17:53:44 PDT 2021,119,302,-1
1627002773348,Thu Jul 22 18:12:53 PDT 2021,119,303,1
1627009155839,Thu Jul 22 19:59:15 PDT 2021,119,305,-1
1627084284854,Fri Jul 23 16:51:24 PDT 2021,119,309,1
1627085837586,Fri Jul 23 17:17:17 PDT 2021,119,310,1
1627087342146,Fri Jul 23 17:42:22 PDT 2021,119,311,1
1627088627100,Fri Jul 23 18:03:47 PDT 2021,119,312,1
1627100138040,Fri Jul 23 21:15:38 PDT 2021,119,313,1
1627100807768,Fri Jul 23 21:26:47 PDT 2021,119,314,1
1627101934905,Fri Jul 23 21:45:34 PDT 2021,119,315,1
1627163187222,Sat Jul 24 14:46:27 PDT 2021,119,317,0
1627187860811,Sat Jul 24 21:37:40 PDT 2021,119,318,1
1627191377223,Sat Jul 24 22:36:17 PDT 2021,119,319,0
1627407780126,Tue Jul 27 10:43:00 PDT 2021,119,322,0
1627699619791,Fri Jul 30 19:46:59 PDT 2021,119,326,0
1627451525490,Tue Jul 27 22:52:05 PDT 2021,119,329,1
1627503076481,Wed Jul 28 13:11:16 PDT 2021,119,333,1
1627503183115,Wed Jul 28 13:13:03 PDT 2021,119,334,1
1627505244290,Wed Jul 28 13:47:24 PDT 2021,119,337,1
1627509157165,Wed Jul 28 14:52:37 PDT 2021,119,343,1
1627509254487,Wed Jul 28 14:54:14 PDT 2021,119,345,0
1627515551786,Wed Jul 28 16:39:11 PDT 2021,119,348,-1
1627522614312,Wed Jul 28 18:36:54 PDT 2021,119,353,-1
1627521534000,Wed Jul 28 18:18:54 PDT 2021,119,356,-1
1627530720931,Wed Jul 28 20:52:00 PDT 2021,119,357,1
1627532195357,Wed Jul 28 21:16:35 PDT 2021,119,358,0
1627536549440,Wed Jul 28 22:29:09 PDT 2021,119,363,0
1627573915745,Thu Jul 29 08:51:55 PDT 2021,119,366,1
1627582935258,Thu Jul 29 11:22:15 PDT 2021,119,369,1
1627586838193,Thu Jul 29 12:27:18 PDT 2021,119,373,-1
1627610049030,Thu Jul 29 18:54:09 PDT 2021,119,376,0
1627611857100,Thu Jul 29 19:24:17 PDT 2021,119,377,-1
1627613894619,Thu Jul 29 19:58:14 PDT 2021,119,378,0
1627655370679,Fri Jul 30 07:29:30 PDT 2021,119,380,-1
1627664360780,Fri Jul 30 09:59:20 PDT 2021,119,382,0
1627666394187,Fri Jul 30 10:33:14 PDT 2021,119,384,-1
1627676131727,Fri Jul 30 13:15:31 PDT 2021,119,386,-1
1627681779695,Fri Jul 30 14:49:39 PDT 2021,119,388,0
1627682119882,Fri Jul 30 14:55:19 PDT 2021,119,389,-1
1627703338996,Fri Jul 30 20:48:58 PDT 2021,119,396,-1
1627770528746,Sat Jul 31 15:28:48 PDT 2021,119,401,-1
1627771815219,Sat Jul 31 15:50:15 PDT 2021,119,402,-1
1627776956268,Sat Jul 31 17:15:56 PDT 2021,119,403,-1
1627838104770,Sun Aug 01 10:15:04 PDT 2021,119,404,1
1625156518148,Thu Jul 01 09:21:58 PDT 2021,120,0,1
1625160834036,Thu Jul 01 10:33:54 PDT 2021,120,26,1
1625951137151,Sat Jul 10 14:05:37 PDT 2021,120,50,1
1625151556991,Thu Jul 01 07:59:16 PDT 2021,120,61,1
1625257376197,Fri Jul 02 13:22:56 PDT 2021,120,64,1
1625157784308,Thu Jul 01 09:43:04 PDT 2021,120,65,1
1625158662657,Thu Jul 01 09:57:42 PDT 2021,120,66,1
1625159358015,Thu Jul 01 10:09:18 PDT 2021,120,68,1
1625159772838,Thu Jul 01 10:16:12 PDT 2021,120,69,1
1625159937128,Thu Jul 01 10:18:57 PDT 2021,120,70,1
1625161254420,Thu Jul 01 10:40:54 PDT 2021,120,71,1
1625163059747,Thu Jul 01 11:10:59 PDT 2021,120,72,1
1625163377587,Thu Jul 01 11:16:17 PDT 2021,120,73,1
1625163720095,Thu Jul 01 11:22:00 PDT 2021,120,74,0
1625163897551,Thu Jul 01 11:24:57 PDT 2021,120,80,1
1625164039725,Thu Jul 01 11:27:19 PDT 2021,120,83,1
1625164434113,Thu Jul 01 11:33:54 PDT 2021,120,84,1
1625164599073,Thu Jul 01 11:36:39 PDT 2021,120,85,1
1625165277089,Thu Jul 01 11:47:57 PDT 2021,120,86,1
1625165754720,Thu Jul 01 11:55:54 PDT 2021,120,88,1
1625168219187,Thu Jul 01 12:36:59 PDT 2021,120,92,1
1625173803264,Thu Jul 01 14:10:03 PDT 2021,120,93,1
1625174589362,Thu Jul 01 14:23:09 PDT 2021,120,94,0
1625174835131,Thu Jul 01 14:27:15 PDT 2021,120,95,1
1625182795380,Thu Jul 01 16:39:55 PDT 2021,120,96,1
1625185351406,Thu Jul 01 17:22:31 PDT 2021,120,97,1
1626133788344,Mon Jul 12 16:49:48 PDT 2021,120,98,0
1625190849454,Thu Jul 01 18:54:09 PDT 2021,120,100,1
1625190935529,Thu Jul 01 18:55:35 PDT 2021,120,101,1
1625200125841,Thu Jul 01 21:28:45 PDT 2021,120,102,1
1625238207462,Fri Jul 02 08:03:27 PDT 2021,120,103,1
1625241793586,Fri Jul 02 09:03:13 PDT 2021,120,104,1
1625241976734,Fri Jul 02 09:06:16 PDT 2021,120,106,1
1625245406541,Fri Jul 02 10:03:26 PDT 2021,120,107,0
1625251621613,Fri Jul 02 11:47:01 PDT 2021,120,108,1
1625266736740,Fri Jul 02 15:58:56 PDT 2021,120,111,1
1625274946019,Fri Jul 02 18:15:46 PDT 2021,120,112,1
1625329370388,Sat Jul 03 09:22:50 PDT 2021,120,118,0
1625333697749,Sat Jul 03 10:34:57 PDT 2021,120,119,1
1625364600690,Sat Jul 03 19:10:00 PDT 2021,120,121,-1
1625365383815,Sat Jul 03 19:23:03 PDT 2021,120,122,1
1625366092031,Sat Jul 03 19:34:52 PDT 2021,120,123,1
1625375450301,Sat Jul 03 22:10:50 PDT 2021,120,124,0
1625410448049,Sun Jul 04 07:54:08 PDT 2021,120,126,0
1625414383207,Sun Jul 04 08:59:43 PDT 2021,120,127,1
1625424265165,Sun Jul 04 11:44:25 PDT 2021,120,131,1
1625428952803,Sun Jul 04 13:02:32 PDT 2021,120,132,0
1625428740558,Sun Jul 04 12:59:00 PDT 2021,120,133,1
1625436010508,Sun Jul 04 15:00:10 PDT 2021,120,135,1
1625436533423,Sun Jul 04 15:08:53 PDT 2021,120,136,1
1625436990770,Sun Jul 04 15:16:30 PDT 2021,120,137,1
1625452422397,Sun Jul 04 19:33:42 PDT 2021,120,141,1
1625454597405,Sun Jul 04 20:09:57 PDT 2021,120,142,0
1625462899601,Sun Jul 04 22:28:19 PDT 2021,120,145,1
1625495575528,Mon Jul 05 07:32:55 PDT 2021,120,147,1
1625528660197,Mon Jul 05 16:44:20 PDT 2021,120,148,0
1625593964716,Tue Jul 06 10:52:44 PDT 2021,120,151,1
1625602831196,Tue Jul 06 13:20:31 PDT 2021,120,152,0
1625614011567,Tue Jul 06 16:26:51 PDT 2021,120,153,1
1625611542824,Tue Jul 06 15:45:42 PDT 2021,120,155,1
1625627193781,Tue Jul 06 20:06:33 PDT 2021,120,156,-1
1625635906800,Tue Jul 06 22:31:46 PDT 2021,120,157,1
1625672489830,Wed Jul 07 08:41:29 PDT 2021,120,159,1
1625673114465,Wed Jul 07 08:51:54 PDT 2021,120,160,1
1625674777192,Wed Jul 07 09:19:37 PDT 2021,120,161,1
1625675335643,Wed Jul 07 09:28:55 PDT 2021,120,162,1
1625676848055,Wed Jul 07 09:54:08 PDT 2021,120,163,1
1625677642933,Wed Jul 07 10:07:22 PDT 2021,120,166,1
1625686254951,Wed Jul 07 12:30:54 PDT 2021,120,170,1
1625693611327,Wed Jul 07 14:33:31 PDT 2021,120,173,1
1625693904302,Wed Jul 07 14:38:24 PDT 2021,120,174,1
1625695492307,Wed Jul 07 15:04:52 PDT 2021,120,178,1
1625696314078,Wed Jul 07 15:18:34 PDT 2021,120,180,1
1625696719487,Wed Jul 07 15:25:19 PDT 2021,120,181,1
1625698251699,Wed Jul 07 15:50:51 PDT 2021,120,183,0
1625700212423,Wed Jul 07 16:23:32 PDT 2021,120,186,0
1625700319556,Wed Jul 07 16:25:19 PDT 2021,120,187,1
1625700317925,Wed Jul 07 16:25:17 PDT 2021,120,188,1
1625702825663,Wed Jul 07 17:07:05 PDT 2021,120,189,-1
1625710438505,Wed Jul 07 19:13:58 PDT 2021,120,191,1
1625709998141,Wed Jul 07 19:06:38 PDT 2021,120,193,1
1625710977237,Wed Jul 07 19:22:57 PDT 2021,120,194,1
1625714411953,Wed Jul 07 20:20:11 PDT 2021,120,195,1
1625723167258,Wed Jul 07 22:46:07 PDT 2021,120,196,1
1625755651769,Thu Jul 08 07:47:31 PDT 2021,120,198,1
1625759314485,Thu Jul 08 08:48:34 PDT 2021,120,199,1
1625762555588,Thu Jul 08 09:42:35 PDT 2021,120,201,-1
1625763681747,Thu Jul 08 10:01:21 PDT 2021,120,203,1
1625770200162,Thu Jul 08 11:50:00 PDT 2021,120,205,1
1625782137696,Thu Jul 08 15:08:57 PDT 2021,120,207,1
1625783729488,Thu Jul 08 15:35:29 PDT 2021,120,208,1
1625786611698,Thu Jul 08 16:23:31 PDT 2021,120,209,1
1625788574609,Thu Jul 08 16:56:14 PDT 2021,120,210,1
1625844381163,Fri Jul 09 08:26:21 PDT 2021,120,215,1
1625855493003,Fri Jul 09 11:31:33 PDT 2021,120,217,1
1625863302671,Fri Jul 09 13:41:42 PDT 2021,120,218,1
1625868344716,Fri Jul 09 15:05:44 PDT 2021,120,219,0
1625921457016,Sat Jul 10 05:50:57 PDT 2021,120,223,1
1625922226154,Sat Jul 10 06:03:46 PDT 2021,120,224,1
1625926520483,Sat Jul 10 07:15:20 PDT 2021,120,225,-1
1625929119342,Sat Jul 10 07:58:39 PDT 2021,120,226,1
1625961699442,Sat Jul 10 17:01:39 PDT 2021,120,231,1
1625965675258,Sat Jul 10 18:07:55 PDT 2021,120,232,1
1625971752974,Sat Jul 10 19:49:12 PDT 2021,120,233,1
1625982475172,Sat Jul 10 22:47:55 PDT 2021,120,234,1
1626012368523,Sun Jul 11 07:06:08 PDT 2021,120,236,-1
1626015561598,Sun Jul 11 07:59:21 PDT 2021,120,237,1
1626015485509,Sun Jul 11 07:58:05 PDT 2021,120,238,1
1626018013967,Sun Jul 11 08:40:13 PDT 2021,120,239,0
1626027695524,Sun Jul 11 11:21:35 PDT 2021,120,240,1
1626029797768,Sun Jul 11 11:56:37 PDT 2021,120,241,1
1626033918343,Sun Jul 11 13:05:18 PDT 2021,120,243,1
1626055807045,Sun Jul 11 19:10:07 PDT 2021,120,247,1
1626063048585,Sun Jul 11 21:10:48 PDT 2021,120,248,1
1626097171787,Mon Jul 12 06:39:31 PDT 2021,120,249,1
1626097337870,Mon Jul 12 06:42:17 PDT 2021,120,250,1
1626100777343,Mon Jul 12 07:39:37 PDT 2021,120,251,1
1626160524832,Tue Jul 13 00:15:24 PDT 2021,120,255,0
1626184480281,Tue Jul 13 06:54:40 PDT 2021,120,256,1
1626641051632,Sun Jul 18 13:44:11 PDT 2021,120,258,0
1626214409243,Tue Jul 13 15:13:29 PDT 2021,120,260,1
1626215449921,Tue Jul 13 15:30:49 PDT 2021,120,261,1
1626298214743,Wed Jul 14 14:30:14 PDT 2021,120,265,1
1626383743683,Thu Jul 15 14:15:43 PDT 2021,120,267,1
1626361060465,Thu Jul 15 07:57:40 PDT 2021,120,269,0
1626386036225,Thu Jul 15 14:53:56 PDT 2021,120,271,1
1626455751011,Fri Jul 16 10:15:51 PDT 2021,120,274,1
1626471929191,Fri Jul 16 14:45:29 PDT 2021,120,275,1
1626492681560,Fri Jul 16 20:31:21 PDT 2021,120,276,0
1626540928143,Sat Jul 17 09:55:28 PDT 2021,120,278,1
1626540626013,Sat Jul 17 09:50:26 PDT 2021,120,279,1
1626545388655,Sat Jul 17 11:09:48 PDT 2021,120,280,1
1626552370699,Sat Jul 17 13:06:10 PDT 2021,120,281,1
1626553630552,Sat Jul 17 13:27:10 PDT 2021,120,282,0
1626568158138,Sat Jul 17 17:29:18 PDT 2021,120,284,1
1626584786277,Sat Jul 17 22:06:26 PDT 2021,120,286,1
1626713221082,Mon Jul 19 09:47:01 PDT 2021,120,288,1
1626716482066,Mon Jul 19 10:41:22 PDT 2021,120,290,1
1626720701524,Mon Jul 19 11:51:41 PDT 2021,120,291,1
1626724176130,Mon Jul 19 12:49:36 PDT 2021,120,292,-1
1626737425970,Mon Jul 19 16:30:25 PDT 2021,120,294,1
1626752480292,Mon Jul 19 20:41:20 PDT 2021,120,295,1
1626792261799,Tue Jul 20 07:44:21 PDT 2021,120,296,1
1626798693435,Tue Jul 20 09:31:33 PDT 2021,120,298,1
1626908079142,Wed Jul 21 15:54:39 PDT 2021,120,299,-1
1626910769378,Wed Jul 21 16:39:29 PDT 2021,120,300,0
1627000851379,Thu Jul 22 17:40:51 PDT 2021,120,302,1
1627002541013,Thu Jul 22 18:09:01 PDT 2021,120,303,-1
1627008667867,Thu Jul 22 19:51:07 PDT 2021,120,305,1
1627082453155,Fri Jul 23 16:20:53 PDT 2021,120,308,1
1627083991784,Fri Jul 23 16:46:31 PDT 2021,120,309,-1
1627085234971,Fri Jul 23 17:07:14 PDT 2021,120,310,-1
1627086813880,Fri Jul 23 17:33:33 PDT 2021,120,311,-1
1627087959010,Fri Jul 23 17:52:39 PDT 2021,120,312,-1
1627099900169,Fri Jul 23 21:11:40 PDT 2021,120,313,-1
1627100674838,Fri Jul 23 21:24:34 PDT 2021,120,314,-1
1627101512232,Fri Jul 23 21:38:32 PDT 2021,120,315,-1
1627131594170,Sat Jul 24 05:59:54 PDT 2021,120,316,0
1627162390963,Sat Jul 24 14:33:10 PDT 2021,120,317,1
1627188068500,Sat Jul 24 21:41:08 PDT 2021,120,318,1
1627191767560,Sat Jul 24 22:42:47 PDT 2021,120,319,1
1627407425490,Tue Jul 27 10:37:05 PDT 2021,120,322,1
1627409339142,Tue Jul 27 11:08:59 PDT 2021,120,323,1
1627414937384,Tue Jul 27 12:42:17 PDT 2021,120,325,1
1627424509572,Tue Jul 27 15:21:49 PDT 2021,120,326,1
1627439425150,Tue Jul 27 19:30:25 PDT 2021,120,327,-1
1627451113713,Tue Jul 27 22:45:13 PDT 2021,120,328,1
1627451113962,Tue Jul 27 22:45:13 PDT 2021,120,328,1
1627502781710,Wed Jul 28 13:06:21 PDT 2021,120,332,1
1627504246839,Wed Jul 28 13:30:46 PDT 2021,120,334,1
1627504841688,Wed Jul 28 13:40:41 PDT 2021,120,337,1
1627505898260,Wed Jul 28 13:58:18 PDT 2021,120,339,1
1627506699789,Wed Jul 28 14:11:39 PDT 2021,120,341,1
1627508488699,Wed Jul 28 14:41:28 PDT 2021,120,343,1
1627515494479,Wed Jul 28 16:38:14 PDT 2021,120,348,1
1627523125919,Wed Jul 28 18:45:25 PDT 2021,120,353,1
1627522135683,Wed Jul 28 18:28:55 PDT 2021,120,356,1
1627529163338,Wed Jul 28 20:26:03 PDT 2021,120,357,1
1627531812568,Wed Jul 28 21:10:12 PDT 2021,120,358,-1
1627543926957,Thu Jul 29 00:32:06 PDT 2021,120,364,1
1627573247564,Thu Jul 29 08:40:47 PDT 2021,120,366,-1
1627579128777,Thu Jul 29 10:18:48 PDT 2021,120,368,1
1627585194619,Thu Jul 29 11:59:54 PDT 2021,120,372,1
1627586848954,Thu Jul 29 12:27:28 PDT 2021,120,373,1
1627609373671,Thu Jul 29 18:42:53 PDT 2021,120,376,1
1627613587313,Thu Jul 29 19:53:07 PDT 2021,120,378,1
1627655587710,Fri Jul 30 07:33:07 PDT 2021,120,380,0
1627656143530,Fri Jul 30 07:42:23 PDT 2021,120,381,1
1627663976837,Fri Jul 30 09:52:56 PDT 2021,120,382,1
1627667640561,Fri Jul 30 10:54:00 PDT 2021,120,384,1
1627675455070,Fri Jul 30 13:04:15 PDT 2021,120,386,1
1627680442484,Fri Jul 30 14:27:22 PDT 2021,120,388,1
1627681256848,Fri Jul 30 14:40:56 PDT 2021,120,389,1
1627685590617,Fri Jul 30 15:53:10 PDT 2021,120,393,1
1627686206063,Fri Jul 30 16:03:26 PDT 2021,120,394,1
1627689867847,Fri Jul 30 17:04:27 PDT 2021,120,395,1
1627702646676,Fri Jul 30 20:37:26 PDT 2021,120,396,1
1627752439516,Sat Jul 31 10:27:19 PDT 2021,120,397,1
1627756988350,Sat Jul 31 11:43:08 PDT 2021,120,399,0
1627759760368,Sat Jul 31 12:29:20 PDT 2021,120,400,1
1627769757238,Sat Jul 31 15:15:57 PDT 2021,120,401,1
1627772183753,Sat Jul 31 15:56:23 PDT 2021,120,402,1
1627776475883,Sat Jul 31 17:07:55 PDT 2021,120,403,1
1627837674938,Sun Aug 01 10:07:54 PDT 2021,120,404,1
1625156527788,Thu Jul 01 09:22:07 PDT 2021,121,0,0
1625600450644,Tue Jul 06 12:40:50 PDT 2021,121,12,-1
1625160853452,Thu Jul 01 10:34:13 PDT 2021,121,26,-1
1625951163336,Sat Jul 10 14:06:03 PDT 2021,121,50,0
1625153407387,Thu Jul 01 08:30:07 PDT 2021,121,62,1
1625257391933,Fri Jul 02 13:23:11 PDT 2021,121,64,1
1625157773042,Thu Jul 01 09:42:53 PDT 2021,121,65,1
1625410396789,Sun Jul 04 07:53:16 PDT 2021,121,66,0
1625159418599,Thu Jul 01 10:10:18 PDT 2021,121,68,1
1625159838703,Thu Jul 01 10:17:18 PDT 2021,121,69,-1
1625160096326,Thu Jul 01 10:21:36 PDT 2021,121,70,1
1625161018306,Thu Jul 01 10:36:58 PDT 2021,121,71,1
1625163216482,Thu Jul 01 11:13:36 PDT 2021,121,73,1
1625163646697,Thu Jul 01 11:20:46 PDT 2021,121,74,0
1625163876003,Thu Jul 01 11:24:36 PDT 2021,121,80,1
1625164045387,Thu Jul 01 11:27:25 PDT 2021,121,83,1
1625164449233,Thu Jul 01 11:34:09 PDT 2021,121,84,1
1625164947516,Thu Jul 01 11:42:27 PDT 2021,121,85,1
1625165381670,Thu Jul 01 11:49:41 PDT 2021,121,86,1
1625166025611,Thu Jul 01 12:00:25 PDT 2021,121,90,1
1625168140430,Thu Jul 01 12:35:40 PDT 2021,121,92,1
1625173569723,Thu Jul 01 14:06:09 PDT 2021,121,93,1
1625174573572,Thu Jul 01 14:22:53 PDT 2021,121,94,-1
1625175369737,Thu Jul 01 14:36:09 PDT 2021,121,95,1
1625182806933,Thu Jul 01 16:40:06 PDT 2021,121,96,1
1625185552643,Thu Jul 01 17:25:52 PDT 2021,121,97,0
1626144972439,Mon Jul 12 19:56:12 PDT 2021,121,98,0
1625190474128,Thu Jul 01 18:47:54 PDT 2021,121,100,1
1625190986848,Thu Jul 01 18:56:26 PDT 2021,121,101,1
1625199737954,Thu Jul 01 21:22:17 PDT 2021,121,102,0
1625238141935,Fri Jul 02 08:02:21 PDT 2021,121,103,1
1625241441568,Fri Jul 02 08:57:21 PDT 2021,121,104,1
1625241704618,Fri Jul 02 09:01:44 PDT 2021,121,105,1
1625242101938,Fri Jul 02 09:08:21 PDT 2021,121,106,-1
1625245760458,Fri Jul 02 10:09:20 PDT 2021,121,107,0
1625266222721,Fri Jul 02 15:50:22 PDT 2021,121,111,1
1625274370689,Fri Jul 02 18:06:10 PDT 2021,121,112,0
1625295638486,Sat Jul 03 00:00:38 PDT 2021,121,115,0
1625329657109,Sat Jul 03 09:27:37 PDT 2021,121,118,1
1625334221444,Sat Jul 03 10:43:41 PDT 2021,121,119,0
1625364588706,Sat Jul 03 19:09:48 PDT 2021,121,121,-1
1625365753879,Sat Jul 03 19:29:13 PDT 2021,121,122,-1
1625366210980,Sat Jul 03 19:36:50 PDT 2021,121,123,0
1625375904852,Sat Jul 03 22:18:24 PDT 2021,121,124,-1
1625414911691,Sun Jul 04 09:08:31 PDT 2021,121,127,1
1625424864941,Sun Jul 04 11:54:24 PDT 2021,121,131,1
1625429096506,Sun Jul 04 13:04:56 PDT 2021,121,132,-1
1625428784920,Sun Jul 04 12:59:44 PDT 2021,121,133,1
1625435431466,Sun Jul 04 14:50:31 PDT 2021,121,135,1
1625436396540,Sun Jul 04 15:06:36 PDT 2021,121,136,0
1625437201144,Sun Jul 04 15:20:01 PDT 2021,121,137,1
1625452097545,Sun Jul 04 19:28:17 PDT 2021,121,141,1
1625454904042,Sun Jul 04 20:15:04 PDT 2021,121,142,0
1625461132224,Sun Jul 04 21:58:52 PDT 2021,121,144,1
1625462460949,Sun Jul 04 22:21:00 PDT 2021,121,145,1
1625496146213,Mon Jul 05 07:42:26 PDT 2021,121,147,0
1625528694139,Mon Jul 05 16:44:54 PDT 2021,121,148,1
1625593972757,Tue Jul 06 10:52:52 PDT 2021,121,151,1
1625602636120,Tue Jul 06 13:17:16 PDT 2021,121,152,0
1625598143023,Tue Jul 06 12:02:23 PDT 2021,121,153,-1
1625611750472,Tue Jul 06 15:49:10 PDT 2021,121,155,0
1625627708572,Tue Jul 06 20:15:08 PDT 2021,121,156,-1
1625635795769,Tue Jul 06 22:29:55 PDT 2021,121,157,0
1625672748495,Wed Jul 07 08:45:48 PDT 2021,121,160,0
1625674655365,Wed Jul 07 09:17:35 PDT 2021,121,161,0
1625675383592,Wed Jul 07 09:29:43 PDT 2021,121,162,0
1625676495059,Wed Jul 07 09:48:15 PDT 2021,121,163,1
1625678478890,Wed Jul 07 10:21:18 PDT 2021,121,166,1
1625693273568,Wed Jul 07 14:27:53 PDT 2021,121,173,1
1625694012973,Wed Jul 07 14:40:12 PDT 2021,121,174,0
1625696378307,Wed Jul 07 15:19:38 PDT 2021,121,180,1
1625696478712,Wed Jul 07 15:21:18 PDT 2021,121,181,0
1625698633651,Wed Jul 07 15:57:13 PDT 2021,121,183,-1
1625699842681,Wed Jul 07 16:17:22 PDT 2021,121,184,0
1625699916735,Wed Jul 07 16:18:36 PDT 2021,121,186,-1
1625700647406,Wed Jul 07 16:30:47 PDT 2021,121,187,1
1625700759180,Wed Jul 07 16:32:39 PDT 2021,121,188,1
1625703008425,Wed Jul 07 17:10:08 PDT 2021,121,189,1
1625707072424,Wed Jul 07 18:17:52 PDT 2021,121,191,1
1625710061119,Wed Jul 07 19:07:41 PDT 2021,121,193,1
1625711137684,Wed Jul 07 19:25:37 PDT 2021,121,194,-1
1625722843996,Wed Jul 07 22:40:43 PDT 2021,121,196,1
1625752645021,Thu Jul 08 06:57:25 PDT 2021,121,197,1
1625755406507,Thu Jul 08 07:43:26 PDT 2021,121,198,0
1625759400661,Thu Jul 08 08:50:00 PDT 2021,121,199,-1
1625762829014,Thu Jul 08 09:47:09 PDT 2021,121,201,-1
1625763581382,Thu Jul 08 09:59:41 PDT 2021,121,203,-1
1625770281345,Thu Jul 08 11:51:21 PDT 2021,121,205,-1
1625772391228,Thu Jul 08 12:26:31 PDT 2021,121,206,1
1625781845274,Thu Jul 08 15:04:05 PDT 2021,121,207,-1
1625784391139,Thu Jul 08 15:46:31 PDT 2021,121,208,1
1625786925234,Thu Jul 08 16:28:45 PDT 2021,121,209,1
1625844637336,Fri Jul 09 08:30:37 PDT 2021,121,215,-1
1625852895692,Fri Jul 09 10:48:15 PDT 2021,121,216,1
1625855736461,Fri Jul 09 11:35:36 PDT 2021,121,217,0
1625864435899,Fri Jul 09 14:00:35 PDT 2021,121,218,0
1625868292061,Fri Jul 09 15:04:52 PDT 2021,121,219,0
1625921183017,Sat Jul 10 05:46:23 PDT 2021,121,223,1
1625922509584,Sat Jul 10 06:08:29 PDT 2021,121,224,0
1625926576235,Sat Jul 10 07:16:16 PDT 2021,121,225,-1
1625929627099,Sat Jul 10 08:07:07 PDT 2021,121,226,1
1625932917173,Sat Jul 10 09:01:57 PDT 2021,121,227,0
1625965514720,Sat Jul 10 18:05:14 PDT 2021,121,232,0
1625971405417,Sat Jul 10 19:43:25 PDT 2021,121,233,-1
1625982076410,Sat Jul 10 22:41:16 PDT 2021,121,234,-1
1626012742714,Sun Jul 11 07:12:22 PDT 2021,121,236,-1
1626015376179,Sun Jul 11 07:56:16 PDT 2021,121,237,1
1626015229311,Sun Jul 11 07:53:49 PDT 2021,121,238,-1
1626018383319,Sun Jul 11 08:46:23 PDT 2021,121,239,-1
1626027622376,Sun Jul 11 11:20:22 PDT 2021,121,240,1
1626031860851,Sun Jul 11 12:31:00 PDT 2021,121,241,1
1626033932876,Sun Jul 11 13:05:32 PDT 2021,121,243,0
1626063501462,Sun Jul 11 21:18:21 PDT 2021,121,248,1
1626097200355,Mon Jul 12 06:40:00 PDT 2021,121,249,1
1626097609493,Mon Jul 12 06:46:49 PDT 2021,121,250,1
1626101173543,Mon Jul 12 07:46:13 PDT 2021,121,251,1
1626160428271,Tue Jul 13 00:13:48 PDT 2021,121,255,-1
1626184504355,Tue Jul 13 06:55:04 PDT 2021,121,256,1
1626213720411,Tue Jul 13 15:02:00 PDT 2021,121,260,1
1626215487626,Tue Jul 13 15:31:27 PDT 2021,121,261,-1
1626218888287,Tue Jul 13 16:28:08 PDT 2021,121,262,0
1626220751596,Tue Jul 13 16:59:11 PDT 2021,121,263,1
1626235324276,Tue Jul 13 21:02:04 PDT 2021,121,265,1
1626384197907,Thu Jul 15 14:23:17 PDT 2021,121,267,1
1626386102676,Thu Jul 15 14:55:02 PDT 2021,121,271,0
1626455507719,Fri Jul 16 10:11:47 PDT 2021,121,274,1
1626471337524,Fri Jul 16 14:35:37 PDT 2021,121,275,1
1626492796314,Fri Jul 16 20:33:16 PDT 2021,121,276,0
1626540836801,Sat Jul 17 09:53:56 PDT 2021,121,278,1
1626544997549,Sat Jul 17 11:03:17 PDT 2021,121,280,1
1626552374307,Sat Jul 17 13:06:14 PDT 2021,121,281,1
1626553546775,Sat Jul 17 13:25:46 PDT 2021,121,282,0
1626570948245,Sat Jul 17 18:15:48 PDT 2021,121,284,1
1626584798040,Sat Jul 17 22:06:38 PDT 2021,121,286,-1
1626713012421,Mon Jul 19 09:43:32 PDT 2021,121,288,1
1626716322897,Mon Jul 19 10:38:42 PDT 2021,121,290,-1
1626720641950,Mon Jul 19 11:50:41 PDT 2021,121,291,1
1626733780892,Mon Jul 19 15:29:40 PDT 2021,121,292,0
1626738009045,Mon Jul 19 16:40:09 PDT 2021,121,294,0
1626752167081,Mon Jul 19 20:36:07 PDT 2021,121,295,0
1626791598542,Tue Jul 20 07:33:18 PDT 2021,121,296,-1
1626799151765,Tue Jul 20 09:39:11 PDT 2021,121,298,1
1626908162657,Wed Jul 21 15:56:02 PDT 2021,121,299,0
1626965402052,Thu Jul 22 07:50:02 PDT 2021,121,300,0
1627001188646,Thu Jul 22 17:46:28 PDT 2021,121,302,0
1627002401804,Thu Jul 22 18:06:41 PDT 2021,121,303,-1
1627008803135,Thu Jul 22 19:53:23 PDT 2021,121,305,1
1627083805667,Fri Jul 23 16:43:25 PDT 2021,121,309,-1
1627085771921,Fri Jul 23 17:16:11 PDT 2021,121,310,-1
1627087340119,Fri Jul 23 17:42:20 PDT 2021,121,311,-1
1627088324085,Fri Jul 23 17:58:44 PDT 2021,121,312,-1
1627100131604,Fri Jul 23 21:15:31 PDT 2021,121,313,-1
1627100863001,Fri Jul 23 21:27:43 PDT 2021,121,314,-1
1627101824680,Fri Jul 23 21:43:44 PDT 2021,121,315,-1
1627162655030,Sat Jul 24 14:37:35 PDT 2021,121,317,1
1627187317062,Sat Jul 24 21:28:37 PDT 2021,121,318,1
1627191712802,Sat Jul 24 22:41:52 PDT 2021,121,319,1
1627407621875,Tue Jul 27 10:40:21 PDT 2021,121,322,0
1627698067608,Fri Jul 30 19:21:07 PDT 2021,121,326,0
1627451146056,Tue Jul 27 22:45:46 PDT 2021,121,328,1
1627451523448,Tue Jul 27 22:52:03 PDT 2021,121,329,0
1627503211912,Wed Jul 28 13:13:31 PDT 2021,121,334,-1
1627505313607,Wed Jul 28 13:48:33 PDT 2021,121,337,-1
1627505786378,Wed Jul 28 13:56:26 PDT 2021,121,339,1
1627506764139,Wed Jul 28 14:12:44 PDT 2021,121,342,1
1627509002191,Wed Jul 28 14:50:02 PDT 2021,121,343,-1
1627509895527,Wed Jul 28 15:04:55 PDT 2021,121,346,-1
1627515368449,Wed Jul 28 16:36:08 PDT 2021,121,348,1
1627523669197,Wed Jul 28 18:54:29 PDT 2021,121,353,-1
1627522367610,Wed Jul 28 18:32:47 PDT 2021,121,356,-1
1627529712210,Wed Jul 28 20:35:12 PDT 2021,121,357,-1
1627531603164,Wed Jul 28 21:06:43 PDT 2021,121,358,-1
1627532213231,Wed Jul 28 21:16:53 PDT 2021,121,359,1
1627544228058,Thu Jul 29 00:37:08 PDT 2021,121,364,-1
1627573805817,Thu Jul 29 08:50:05 PDT 2021,121,366,-1
1627578159105,Thu Jul 29 10:02:39 PDT 2021,121,368,-1
1627577965025,Thu Jul 29 09:59:25 PDT 2021,121,369,-1
1627587109528,Thu Jul 29 12:31:49 PDT 2021,121,373,0
1627607663679,Thu Jul 29 18:14:23 PDT 2021,121,376,1
1627614178816,Thu Jul 29 20:02:58 PDT 2021,121,378,1
1627655937292,Fri Jul 30 07:38:57 PDT 2021,121,380,0
1627656292756,Fri Jul 30 07:44:52 PDT 2021,121,381,0
1627663672455,Fri Jul 30 09:47:52 PDT 2021,121,382,1
1627667562480,Fri Jul 30 10:52:42 PDT 2021,121,384,0
1627675351212,Fri Jul 30 13:02:31 PDT 2021,121,386,0
1627681125719,Fri Jul 30 14:38:45 PDT 2021,121,388,0
1627682309218,Fri Jul 30 14:58:29 PDT 2021,121,389,1
1627686227139,Fri Jul 30 16:03:47 PDT 2021,121,394,-1
1627690317243,Fri Jul 30 17:11:57 PDT 2021,121,395,0
1627701846503,Fri Jul 30 20:24:06 PDT 2021,121,396,0
1627759888823,Sat Jul 31 12:31:28 PDT 2021,121,400,-1
1627769672405,Sat Jul 31 15:14:32 PDT 2021,121,401,1
1627772271836,Sat Jul 31 15:57:51 PDT 2021,121,402,-1
1627775258468,Sat Jul 31 16:47:38 PDT 2021,121,403,1
1627838022279,Sun Aug 01 10:13:42 PDT 2021,121,404,1
1625156189838,Thu Jul 01 09:16:29 PDT 2021,122,64,1
1625159076497,Thu Jul 01 10:04:36 PDT 2021,123,67,1
1625160415479,Thu Jul 01 10:26:55 PDT 2021,124,71,1
1625167134641,Thu Jul 01 12:18:54 PDT 2021,125,0,1
1625160813205,Thu Jul 01 10:33:33 PDT 2021,125,26,1
1625951289003,Sat Jul 10 14:08:09 PDT 2021,125,50,1
1625257313855,Fri Jul 02 13:21:53 PDT 2021,125,64,1
1625410743393,Sun Jul 04 07:59:03 PDT 2021,125,66,0
1625160476372,Thu Jul 01 10:27:56 PDT 2021,125,69,1
1625167754012,Thu Jul 01 12:29:14 PDT 2021,125,70,1
1625160921451,Thu Jul 01 10:35:21 PDT 2021,125,71,1
1625163030814,Thu Jul 01 11:10:30 PDT 2021,125,72,1
1625163142279,Thu Jul 01 11:12:22 PDT 2021,125,73,1
1625163742490,Thu Jul 01 11:22:22 PDT 2021,125,74,0
1625163867953,Thu Jul 01 11:24:27 PDT 2021,125,80,1
1625164081759,Thu Jul 01 11:28:01 PDT 2021,125,83,1
1625164901262,Thu Jul 01 11:41:41 PDT 2021,125,85,1
1625165282607,Thu Jul 01 11:48:02 PDT 2021,125,86,1
1625168172461,Thu Jul 01 12:36:12 PDT 2021,125,92,1
1625173354218,Thu Jul 01 14:02:34 PDT 2021,125,93,0
1625174665142,Thu Jul 01 14:24:25 PDT 2021,125,94,1
1625174730794,Thu Jul 01 14:25:30 PDT 2021,125,95,-1
1625182682762,Thu Jul 01 16:38:02 PDT 2021,125,96,1
1626140713581,Mon Jul 12 18:45:13 PDT 2021,125,98,1
1625190604151,Thu Jul 01 18:50:04 PDT 2021,125,100,1
1625191142456,Thu Jul 01 18:59:02 PDT 2021,125,101,1
1625199746269,Thu Jul 01 21:22:26 PDT 2021,125,102,1
1625238096104,Fri Jul 02 08:01:36 PDT 2021,125,103,1
1625241700650,Fri Jul 02 09:01:40 PDT 2021,125,104,1
1625242044540,Fri Jul 02 09:07:24 PDT 2021,125,106,1
1625245727430,Fri Jul 02 10:08:47 PDT 2021,125,107,-1
1625251551638,Fri Jul 02 11:45:51 PDT 2021,125,108,1
1625266874566,Fri Jul 02 16:01:14 PDT 2021,125,111,1
1625274159695,Fri Jul 02 18:02:39 PDT 2021,125,112,-1
1625281817427,Fri Jul 02 20:10:17 PDT 2021,125,113,0
1625295574242,Fri Jul 02 23:59:34 PDT 2021,125,115,0
1625329568189,Sat Jul 03 09:26:08 PDT 2021,125,118,1
1625333422763,Sat Jul 03 10:30:22 PDT 2021,125,119,1
1625361899188,Sat Jul 03 18:24:59 PDT 2021,125,120,1
1625364910875,Sat Jul 03 19:15:10 PDT 2021,125,121,-1
1625365219790,Sat Jul 03 19:20:19 PDT 2021,125,122,1
1625365579646,Sat Jul 03 19:26:19 PDT 2021,125,123,1
1625376019890,Sat Jul 03 22:20:19 PDT 2021,125,124,0
1625413389429,Sun Jul 04 08:43:09 PDT 2021,125,127,1
1625424911470,Sun Jul 04 11:55:11 PDT 2021,125,131,1
1625429054961,Sun Jul 04 13:04:14 PDT 2021,125,132,0
1625435730200,Sun Jul 04 14:55:30 PDT 2021,125,135,1
1625436657702,Sun Jul 04 15:10:57 PDT 2021,125,136,1
1625436984371,Sun Jul 04 15:16:24 PDT 2021,125,137,1
1625452330256,Sun Jul 04 19:32:10 PDT 2021,125,141,1
1625461295985,Sun Jul 04 22:01:35 PDT 2021,125,144,0
1625462631388,Sun Jul 04 22:23:51 PDT 2021,125,145,1
1625495968557,Mon Jul 05 07:39:28 PDT 2021,125,147,1
1625594042466,Tue Jul 06 10:54:02 PDT 2021,125,151,1
1625602881686,Tue Jul 06 13:21:21 PDT 2021,125,152,0
1625614082765,Tue Jul 06 16:28:02 PDT 2021,125,153,1
1625611697070,Tue Jul 06 15:48:17 PDT 2021,125,155,1
1625627469653,Tue Jul 06 20:11:09 PDT 2021,125,156,1
1625635831867,Tue Jul 06 22:30:31 PDT 2021,125,157,1
1625673064967,Wed Jul 07 08:51:04 PDT 2021,125,160,1
1625674989154,Wed Jul 07 09:23:09 PDT 2021,125,161,1
1625675416107,Wed Jul 07 09:30:16 PDT 2021,125,162,0
1625676464697,Wed Jul 07 09:47:44 PDT 2021,125,163,1
1625677833259,Wed Jul 07 10:10:33 PDT 2021,125,166,1
1625694051107,Wed Jul 07 14:40:51 PDT 2021,125,173,0
1625694225203,Wed Jul 07 14:43:45 PDT 2021,125,174,1
1625694377055,Wed Jul 07 14:46:17 PDT 2021,125,176,0
1625696765532,Wed Jul 07 15:26:05 PDT 2021,125,181,0
1625697985344,Wed Jul 07 15:46:25 PDT 2021,125,183,0
1625700235068,Wed Jul 07 16:23:55 PDT 2021,125,186,0
1625700659327,Wed Jul 07 16:30:59 PDT 2021,125,187,0
1625700937715,Wed Jul 07 16:35:37 PDT 2021,125,188,1
1625702638613,Wed Jul 07 17:03:58 PDT 2021,125,189,-1
1625710260231,Wed Jul 07 19:11:00 PDT 2021,125,191,0
1625710399111,Wed Jul 07 19:13:19 PDT 2021,125,193,1
1625711011144,Wed Jul 07 19:23:31 PDT 2021,125,194,1
1625722961080,Wed Jul 07 22:42:41 PDT 2021,125,196,1
1625752991539,Thu Jul 08 07:03:11 PDT 2021,125,197,0
1625772833781,Thu Jul 08 12:33:53 PDT 2021,125,198,1
1625759199029,Thu Jul 08 08:46:39 PDT 2021,125,199,1
1625762657336,Thu Jul 08 09:44:17 PDT 2021,125,201,-1
1625763644675,Thu Jul 08 10:00:44 PDT 2021,125,203,1
1625770614704,Thu Jul 08 11:56:54 PDT 2021,125,205,1
1625782329837,Thu Jul 08 15:12:09 PDT 2021,125,207,0
1625784022627,Thu Jul 08 15:40:22 PDT 2021,125,208,1
1625786079333,Thu Jul 08 16:14:39 PDT 2021,125,209,-1
1625788891674,Thu Jul 08 17:01:31 PDT 2021,125,210,1
1625796193744,Thu Jul 08 19:03:13 PDT 2021,125,212,1
1625845385054,Fri Jul 09 08:43:05 PDT 2021,125,215,1
1625856137893,Fri Jul 09 11:42:17 PDT 2021,125,217,1
1625864207390,Fri Jul 09 13:56:47 PDT 2021,125,218,1
1625868098556,Fri Jul 09 15:01:38 PDT 2021,125,219,0
1625921522357,Sat Jul 10 05:52:02 PDT 2021,125,223,1
1625922145065,Sat Jul 10 06:02:25 PDT 2021,125,224,0
1625929125522,Sat Jul 10 07:58:45 PDT 2021,125,226,1
1625965089660,Sat Jul 10 17:58:09 PDT 2021,125,232,0
1625982526397,Sat Jul 10 22:48:46 PDT 2021,125,234,1
1626012379377,Sun Jul 11 07:06:19 PDT 2021,125,236,1
1626015484937,Sun Jul 11 07:58:04 PDT 2021,125,237,1
1626015116203,Sun Jul 11 07:51:56 PDT 2021,125,238,1
1626018319867,Sun Jul 11 08:45:19 PDT 2021,125,239,0
1626027671748,Sun Jul 11 11:21:11 PDT 2021,125,240,1
1626031343979,Sun Jul 11 12:22:23 PDT 2021,125,241,1
1626034010472,Sun Jul 11 13:06:50 PDT 2021,125,243,1
1626050983728,Sun Jul 11 17:49:43 PDT 2021,125,246,1
1626063163426,Sun Jul 11 21:12:43 PDT 2021,125,248,1
1626097376370,Mon Jul 12 06:42:56 PDT 2021,125,249,0
1626097014720,Mon Jul 12 06:36:54 PDT 2021,125,250,-1
1626100959015,Mon Jul 12 07:42:39 PDT 2021,125,251,1
1626160546553,Tue Jul 13 00:15:46 PDT 2021,125,255,-1
1626185098996,Tue Jul 13 07:04:58 PDT 2021,125,256,-1
1626214281366,Tue Jul 13 15:11:21 PDT 2021,125,260,1
1626215433463,Tue Jul 13 15:30:33 PDT 2021,125,261,1
1626220581594,Tue Jul 13 16:56:21 PDT 2021,125,263,1
1626298218306,Wed Jul 14 14:30:18 PDT 2021,125,265,1
1626384176010,Thu Jul 15 14:22:56 PDT 2021,125,267,1
1626386328962,Thu Jul 15 14:58:48 PDT 2021,125,271,1
1626455308804,Fri Jul 16 10:08:28 PDT 2021,125,274,1
1626471043737,Fri Jul 16 14:30:43 PDT 2021,125,275,0
1626493003769,Fri Jul 16 20:36:43 PDT 2021,125,276,1
1626540493085,Sat Jul 17 09:48:13 PDT 2021,125,278,1
1626545850478,Sat Jul 17 11:17:30 PDT 2021,125,280,1
1626552683663,Sat Jul 17 13:11:23 PDT 2021,125,281,1
1626553994010,Sat Jul 17 13:33:14 PDT 2021,125,282,0
1626568420730,Sat Jul 17 17:33:40 PDT 2021,125,284,1
1626584815355,Sat Jul 17 22:06:55 PDT 2021,125,286,1
1626713362567,Mon Jul 19 09:49:22 PDT 2021,125,288,1
1626716414778,Mon Jul 19 10:40:14 PDT 2021,125,290,1
1626720816865,Mon Jul 19 11:53:36 PDT 2021,125,291,0
1626737978880,Mon Jul 19 16:39:38 PDT 2021,125,294,1
1626752476416,Mon Jul 19 20:41:16 PDT 2021,125,295,1
1626792194184,Tue Jul 20 07:43:14 PDT 2021,125,296,1
1626798606452,Tue Jul 20 09:30:06 PDT 2021,125,298,1
1626909764624,Wed Jul 21 16:22:44 PDT 2021,125,299,-1
1626965316945,Thu Jul 22 07:48:36 PDT 2021,125,300,0
1626919112741,Wed Jul 21 18:58:32 PDT 2021,125,301,1
1627001216596,Thu Jul 22 17:46:56 PDT 2021,125,302,0
1627002616235,Thu Jul 22 18:10:16 PDT 2021,125,303,-1
1627009030255,Thu Jul 22 19:57:10 PDT 2021,125,305,1
1627084231002,Fri Jul 23 16:50:31 PDT 2021,125,309,1
1627085671297,Fri Jul 23 17:14:31 PDT 2021,125,310,1
1627087266930,Fri Jul 23 17:41:06 PDT 2021,125,311,1
1627088208830,Fri Jul 23 17:56:48 PDT 2021,125,312,1
1627100025418,Fri Jul 23 21:13:45 PDT 2021,125,313,1
1627101129775,Fri Jul 23 21:32:09 PDT 2021,125,314,1
1627102082802,Fri Jul 23 21:48:02 PDT 2021,125,315,1
1627162804167,Sat Jul 24 14:40:04 PDT 2021,125,317,0
1627188007259,Sat Jul 24 21:40:07 PDT 2021,125,318,1
1627191662936,Sat Jul 24 22:41:02 PDT 2021,125,319,1
1627407718814,Tue Jul 27 10:41:58 PDT 2021,125,322,1
1627414835130,Tue Jul 27 12:40:35 PDT 2021,125,325,1
1627425564549,Tue Jul 27 15:39:24 PDT 2021,125,326,-1
1627439374652,Tue Jul 27 19:29:34 PDT 2021,125,327,0
1627451226525,Tue Jul 27 22:47:06 PDT 2021,125,328,1
1627503080406,Wed Jul 28 13:11:20 PDT 2021,125,333,1
1627505356664,Wed Jul 28 13:49:16 PDT 2021,125,337,1
1627506016414,Wed Jul 28 14:00:16 PDT 2021,125,339,1
1627508528627,Wed Jul 28 14:42:08 PDT 2021,125,343,1
1627509037820,Wed Jul 28 14:50:37 PDT 2021,125,345,1
1627515294356,Wed Jul 28 16:34:54 PDT 2021,125,348,1
1627524033025,Wed Jul 28 19:00:33 PDT 2021,125,353,-1
1627522000024,Wed Jul 28 18:26:40 PDT 2021,125,356,1
1627530007223,Wed Jul 28 20:40:07 PDT 2021,125,357,-1
1627531906749,Wed Jul 28 21:11:46 PDT 2021,125,358,1
1627532187174,Wed Jul 28 21:16:27 PDT 2021,125,359,1
1627543778497,Thu Jul 29 00:29:38 PDT 2021,125,364,1
1627573557692,Thu Jul 29 08:45:57 PDT 2021,125,366,1
1627578840250,Thu Jul 29 10:14:00 PDT 2021,125,368,1
1627587139418,Thu Jul 29 12:32:19 PDT 2021,125,373,1
1627608779334,Thu Jul 29 18:32:59 PDT 2021,125,376,1
1627655949510,Fri Jul 30 07:39:09 PDT 2021,125,380,1
1627664309512,Fri Jul 30 09:58:29 PDT 2021,125,382,1
1627668014769,Fri Jul 30 11:00:14 PDT 2021,125,384,1
1627676040189,Fri Jul 30 13:14:00 PDT 2021,125,386,1
1627680175952,Fri Jul 30 14:22:55 PDT 2021,125,388,1
1627682316282,Fri Jul 30 14:58:36 PDT 2021,125,389,1
1627703631065,Fri Jul 30 20:53:51 PDT 2021,125,396,1
1627770654141,Sat Jul 31 15:30:54 PDT 2021,125,401,1
1627771725338,Sat Jul 31 15:48:45 PDT 2021,125,402,1
1627776960874,Sat Jul 31 17:16:00 PDT 2021,125,403,1
1627838035267,Sun Aug 01 10:13:55 PDT 2021,125,404,1
1625180487715,Thu Jul 01 16:01:27 PDT 2021,126,0,1
1625184460394,Thu Jul 01 17:07:40 PDT 2021,126,26,1
1625951188263,Sat Jul 10 14:06:28 PDT 2021,126,50,1
1625257339889,Fri Jul 02 13:22:19 PDT 2021,126,64,1
1625410475751,Sun Jul 04 07:54:35 PDT 2021,126,66,1
1625160539839,Thu Jul 01 10:28:59 PDT 2021,126,71,1
1625182627742,Thu Jul 01 16:37:07 PDT 2021,126,96,1
1625185244057,Thu Jul 01 17:20:44 PDT 2021,126,97,0
1626143246919,Mon Jul 12 19:27:26 PDT 2021,126,98,1
1625189781230,Thu Jul 01 18:36:21 PDT 2021,126,99,1
1625190232387,Thu Jul 01 18:43:52 PDT 2021,126,100,1
1625190781794,Thu Jul 01 18:53:01 PDT 2021,126,101,1
1625199904398,Thu Jul 01 21:25:04 PDT 2021,126,102,1
1625238028064,Fri Jul 02 08:00:28 PDT 2021,126,103,1
1625241418254,Fri Jul 02 08:56:58 PDT 2021,126,104,1
1625241681926,Fri Jul 02 09:01:21 PDT 2021,126,105,1
1625241765374,Fri Jul 02 09:02:45 PDT 2021,126,106,1
1625245416705,Fri Jul 02 10:03:36 PDT 2021,126,107,1
1625251512508,Fri Jul 02 11:45:12 PDT 2021,126,108,1
1625266655448,Fri Jul 02 15:57:35 PDT 2021,126,111,1
1625273910118,Fri Jul 02 17:58:30 PDT 2021,126,112,1
1625329256053,Sat Jul 03 09:20:56 PDT 2021,126,118,1
1625333243842,Sat Jul 03 10:27:23 PDT 2021,126,119,1
1625361774731,Sat Jul 03 18:22:54 PDT 2021,126,120,1
1625364391617,Sat Jul 03 19:06:31 PDT 2021,126,121,-1
1625365451432,Sat Jul 03 19:24:11 PDT 2021,126,122,1
1625365753553,Sat Jul 03 19:29:13 PDT 2021,126,123,1
1625375037659,Sat Jul 03 22:03:57 PDT 2021,126,124,0
1625384536968,Sun Jul 04 00:42:16 PDT 2021,126,125,1
1625414368159,Sun Jul 04 08:59:28 PDT 2021,126,127,1
1625415924437,Sun Jul 04 09:25:24 PDT 2021,126,128,0
1625424661457,Sun Jul 04 11:51:01 PDT 2021,126,131,1
1625428773018,Sun Jul 04 12:59:33 PDT 2021,126,132,0
1625436047235,Sun Jul 04 15:00:47 PDT 2021,126,135,1
1625436844572,Sun Jul 04 15:14:04 PDT 2021,126,136,-1
1625437209241,Sun Jul 04 15:20:09 PDT 2021,126,137,1
1625452268010,Sun Jul 04 19:31:08 PDT 2021,126,141,1
1625454872429,Sun Jul 04 20:14:32 PDT 2021,126,142,0
1625461113714,Sun Jul 04 21:58:33 PDT 2021,126,144,1
1625462776714,Sun Jul 04 22:26:16 PDT 2021,126,145,1
1625496538147,Mon Jul 05 07:48:58 PDT 2021,126,147,1
1625593626863,Tue Jul 06 10:47:06 PDT 2021,126,151,1
1625602581130,Tue Jul 06 13:16:21 PDT 2021,126,152,1
1625597911915,Tue Jul 06 11:58:31 PDT 2021,126,153,1
1625611728718,Tue Jul 06 15:48:48 PDT 2021,126,155,1
1625627239072,Tue Jul 06 20:07:19 PDT 2021,126,156,0
1625636005130,Tue Jul 06 22:33:25 PDT 2021,126,157,1
1625673144749,Wed Jul 07 08:52:24 PDT 2021,126,160,1
1625674489468,Wed Jul 07 09:14:49 PDT 2021,126,161,1
1625675249747,Wed Jul 07 09:27:29 PDT 2021,126,162,1
1625676681817,Wed Jul 07 09:51:21 PDT 2021,126,163,1
1625677648002,Wed Jul 07 10:07:28 PDT 2021,126,166,1
1625693995017,Wed Jul 07 14:39:55 PDT 2021,126,173,1
1625694162659,Wed Jul 07 14:42:42 PDT 2021,126,174,1
1625694432616,Wed Jul 07 14:47:12 PDT 2021,126,177,-1
1625695237956,Wed Jul 07 15:00:37 PDT 2021,126,178,1
1625696397553,Wed Jul 07 15:19:57 PDT 2021,126,180,1
1625696633033,Wed Jul 07 15:23:53 PDT 2021,126,181,1
1625697249800,Wed Jul 07 15:34:09 PDT 2021,126,182,0
1625698603906,Wed Jul 07 15:56:43 PDT 2021,126,183,1
1625699619767,Wed Jul 07 16:13:39 PDT 2021,126,184,1
1625700000291,Wed Jul 07 16:20:00 PDT 2021,126,186,1
1625700604961,Wed Jul 07 16:30:04 PDT 2021,126,187,1
1625700597817,Wed Jul 07 16:29:57 PDT 2021,126,188,1
1625702613772,Wed Jul 07 17:03:33 PDT 2021,126,189,-1
1625707374423,Wed Jul 07 18:22:54 PDT 2021,126,191,1
1625709918314,Wed Jul 07 19:05:18 PDT 2021,126,193,1
1625710362178,Wed Jul 07 19:12:42 PDT 2021,126,194,1
1625722969605,Wed Jul 07 22:42:49 PDT 2021,126,196,1
1625752864910,Thu Jul 08 07:01:04 PDT 2021,126,197,1
1625755547458,Thu Jul 08 07:45:47 PDT 2021,126,198,1
1625759090953,Thu Jul 08 08:44:50 PDT 2021,126,199,1
1625762366337,Thu Jul 08 09:39:26 PDT 2021,126,201,-1
1625763402605,Thu Jul 08 09:56:42 PDT 2021,126,203,1
1625770347677,Thu Jul 08 11:52:27 PDT 2021,126,205,1
1625772392706,Thu Jul 08 12:26:32 PDT 2021,126,206,1
1625781653715,Thu Jul 08 15:00:53 PDT 2021,126,207,0
1625784302840,Thu Jul 08 15:45:02 PDT 2021,126,208,1
1625786860246,Thu Jul 08 16:27:40 PDT 2021,126,209,1
1625789783464,Thu Jul 08 17:16:23 PDT 2021,126,210,1
1625845241288,Fri Jul 09 08:40:41 PDT 2021,126,215,1
1625853122366,Fri Jul 09 10:52:02 PDT 2021,126,216,0
1625855679204,Fri Jul 09 11:34:39 PDT 2021,126,217,1
1625864183008,Fri Jul 09 13:56:23 PDT 2021,126,218,1
1625868075083,Fri Jul 09 15:01:15 PDT 2021,126,219,0
1625921446674,Sat Jul 10 05:50:46 PDT 2021,126,223,1
1625922543746,Sat Jul 10 06:09:03 PDT 2021,126,224,1
1625929668470,Sat Jul 10 08:07:48 PDT 2021,126,226,1
1625961537299,Sat Jul 10 16:58:57 PDT 2021,126,231,-1
1625965709885,Sat Jul 10 18:08:29 PDT 2021,126,232,1
1625982300327,Sat Jul 10 22:45:00 PDT 2021,126,234,1
1626012021102,Sun Jul 11 07:00:21 PDT 2021,126,236,-1
1626015115807,Sun Jul 11 07:51:55 PDT 2021,126,237,1
1626015420238,Sun Jul 11 07:57:00 PDT 2021,126,238,1
1626016615158,Sun Jul 11 08:16:55 PDT 2021,126,239,1
1626027315417,Sun Jul 11 11:15:15 PDT 2021,126,240,1
1626031318270,Sun Jul 11 12:21:58 PDT 2021,126,241,1
1626033670097,Sun Jul 11 13:01:10 PDT 2021,126,243,1
1626055900320,Sun Jul 11 19:11:40 PDT 2021,126,247,0
1626063509260,Sun Jul 11 21:18:29 PDT 2021,126,248,1
1626097709439,Mon Jul 12 06:48:29 PDT 2021,126,250,1
1626101206723,Mon Jul 12 07:46:46 PDT 2021,126,251,0
1626160377329,Tue Jul 13 00:12:57 PDT 2021,126,255,-1
1626184815711,Tue Jul 13 07:00:15 PDT 2021,126,256,1
1626198254838,Tue Jul 13 10:44:14 PDT 2021,126,257,1
1626641264178,Sun Jul 18 13:47:44 PDT 2021,126,258,1
1626228073520,Tue Jul 13 19:01:13 PDT 2021,126,259,1
1626213789587,Tue Jul 13 15:03:09 PDT 2021,126,260,1
1626215438555,Tue Jul 13 15:30:38 PDT 2021,126,261,1
1626218812907,Tue Jul 13 16:26:52 PDT 2021,126,262,0
1626298274295,Wed Jul 14 14:31:14 PDT 2021,126,265,1
1626384021927,Thu Jul 15 14:20:21 PDT 2021,126,267,1
1626360963656,Thu Jul 15 07:56:03 PDT 2021,126,269,1
1626386153104,Thu Jul 15 14:55:53 PDT 2021,126,271,1
1626455663105,Fri Jul 16 10:14:23 PDT 2021,126,274,1
1626470840184,Fri Jul 16 14:27:20 PDT 2021,126,275,1
1626492937561,Fri Jul 16 20:35:37 PDT 2021,126,276,1
1626540385882,Sat Jul 17 09:46:25 PDT 2021,126,278,1
1626540454428,Sat Jul 17 09:47:34 PDT 2021,126,279,1
1626545306687,Sat Jul 17 11:08:26 PDT 2021,126,280,-1
1626552494139,Sat Jul 17 13:08:14 PDT 2021,126,281,1
1626553818895,Sat Jul 17 13:30:18 PDT 2021,126,282,1
1626568044192,Sat Jul 17 17:27:24 PDT 2021,126,284,1
1626584725107,Sat Jul 17 22:05:25 PDT 2021,126,286,1
1626712771791,Mon Jul 19 09:39:31 PDT 2021,126,288,1
1626716468119,Mon Jul 19 10:41:08 PDT 2021,126,290,1
1626720005662,Mon Jul 19 11:40:05 PDT 2021,126,291,1
1626723923872,Mon Jul 19 12:45:23 PDT 2021,126,292,0
1626737787929,Mon Jul 19 16:36:27 PDT 2021,126,294,1
1626752098830,Mon Jul 19 20:34:58 PDT 2021,126,295,1
1626792288433,Tue Jul 20 07:44:48 PDT 2021,126,296,1
1626799204699,Tue Jul 20 09:40:04 PDT 2021,126,298,1
1626909384305,Wed Jul 21 16:16:24 PDT 2021,126,299,-1
1626965395266,Thu Jul 22 07:49:55 PDT 2021,126,300,-1
1626919341128,Wed Jul 21 19:02:21 PDT 2021,126,301,1
1627001508940,Thu Jul 22 17:51:48 PDT 2021,126,302,1
1627002413814,Thu Jul 22 18:06:53 PDT 2021,126,303,1
1627008476818,Thu Jul 22 19:47:56 PDT 2021,126,305,1
1627084176223,Fri Jul 23 16:49:36 PDT 2021,126,309,-1
1627085194287,Fri Jul 23 17:06:34 PDT 2021,126,310,-1
1627086929150,Fri Jul 23 17:35:29 PDT 2021,126,311,-1
1627088078367,Fri Jul 23 17:54:38 PDT 2021,126,312,-1
1627099605050,Fri Jul 23 21:06:45 PDT 2021,126,313,-1
1627100698780,Fri Jul 23 21:24:58 PDT 2021,126,314,-1
1627101500585,Fri Jul 23 21:38:20 PDT 2021,126,315,-1
1627131598562,Sat Jul 24 05:59:58 PDT 2021,126,316,1
1627163220846,Sat Jul 24 14:47:00 PDT 2021,126,317,1
1627187469895,Sat Jul 24 21:31:09 PDT 2021,126,318,1
1627191536041,Sat Jul 24 22:38:56 PDT 2021,126,319,1
1627407520839,Tue Jul 27 10:38:40 PDT 2021,126,322,1
1627414862775,Tue Jul 27 12:41:02 PDT 2021,126,325,1
1627698912014,Fri Jul 30 19:35:12 PDT 2021,126,326,1
1627439295063,Tue Jul 27 19:28:15 PDT 2021,126,327,-1
1627451289960,Tue Jul 27 22:48:09 PDT 2021,126,328,1
1627451459611,Tue Jul 27 22:50:59 PDT 2021,126,329,1
1627502812332,Wed Jul 28 13:06:52 PDT 2021,126,332,1
1627503228393,Wed Jul 28 13:13:48 PDT 2021,126,334,1
1627504165924,Wed Jul 28 13:29:25 PDT 2021,126,335,1
1627505161077,Wed Jul 28 13:46:01 PDT 2021,126,337,1
1627505674257,Wed Jul 28 13:54:34 PDT 2021,126,339,1
1627506108817,Wed Jul 28 14:01:48 PDT 2021,126,340,1
1627506616540,Wed Jul 28 14:10:16 PDT 2021,126,341,1
1627509154176,Wed Jul 28 14:52:34 PDT 2021,126,343,-1
1627508931538,Wed Jul 28 14:48:51 PDT 2021,126,345,1
1627515148812,Wed Jul 28 16:32:28 PDT 2021,126,348,-1
1627522874626,Wed Jul 28 18:41:14 PDT 2021,126,353,1
1627521847534,Wed Jul 28 18:24:07 PDT 2021,126,356,1
1627529668667,Wed Jul 28 20:34:28 PDT 2021,126,357,1
1627531978639,Wed Jul 28 21:12:58 PDT 2021,126,358,1
1627532661869,Wed Jul 28 21:24:21 PDT 2021,126,359,0
1627535369522,Wed Jul 28 22:09:29 PDT 2021,126,361,1
1627543478401,Thu Jul 29 00:24:38 PDT 2021,126,364,1
1627567961738,Thu Jul 29 07:12:41 PDT 2021,126,365,1
1627573276706,Thu Jul 29 08:41:16 PDT 2021,126,366,-1
1627579349174,Thu Jul 29 10:22:29 PDT 2021,126,368,1
1627577986729,Thu Jul 29 09:59:46 PDT 2021,126,369,1
1627587260679,Thu Jul 29 12:34:20 PDT 2021,126,373,1
1627595208985,Thu Jul 29 14:46:48 PDT 2021,126,375,1
1627608677462,Thu Jul 29 18:31:17 PDT 2021,126,376,1
1627655137177,Fri Jul 30 07:25:37 PDT 2021,126,380,0
1627663640350,Fri Jul 30 09:47:20 PDT 2021,126,382,1
1627666938305,Fri Jul 30 10:42:18 PDT 2021,126,384,1
1627676028440,Fri Jul 30 13:13:48 PDT 2021,126,386,1
1627680486071,Fri Jul 30 14:28:06 PDT 2021,126,388,1
1627681461111,Fri Jul 30 14:44:21 PDT 2021,126,389,1
1627686045440,Fri Jul 30 16:00:45 PDT 2021,126,394,1
1627702378576,Fri Jul 30 20:32:58 PDT 2021,126,396,1
1627769824477,Sat Jul 31 15:17:04 PDT 2021,126,401,1
1627772314444,Sat Jul 31 15:58:34 PDT 2021,126,402,1
1627776028533,Sat Jul 31 17:00:28 PDT 2021,126,403,1
1627837720071,Sun Aug 01 10:08:40 PDT 2021,126,404,1
1627698400303,Fri Jul 30 19:26:40 PDT 2021,127,0,1
1625160612698,Thu Jul 01 10:30:12 PDT 2021,127,71,1
1627751071406,Sat Jul 31 10:04:31 PDT 2021,127,265,1
1627671028214,Fri Jul 30 11:50:28 PDT 2021,127,322,1
1627699592385,Fri Jul 30 19:46:32 PDT 2021,127,326,1
1627685462788,Fri Jul 30 15:51:02 PDT 2021,127,343,-1
1627691868193,Fri Jul 30 17:37:48 PDT 2021,127,357,1
1627671065421,Fri Jul 30 11:51:05 PDT 2021,127,382,1
1627666344188,Fri Jul 30 10:32:24 PDT 2021,127,384,-1
1627673682987,Fri Jul 30 12:34:42 PDT 2021,127,385,-1
1627675298732,Fri Jul 30 13:01:38 PDT 2021,127,386,1
1627675791940,Fri Jul 30 13:09:51 PDT 2021,127,387,-1
1627680385443,Fri Jul 30 14:26:25 PDT 2021,127,388,0
1627681576324,Fri Jul 30 14:46:16 PDT 2021,127,389,1
1627684328629,Fri Jul 30 15:32:08 PDT 2021,127,391,1
1627684595077,Fri Jul 30 15:36:35 PDT 2021,127,392,1
1627685422348,Fri Jul 30 15:50:22 PDT 2021,127,393,1
1627686047726,Fri Jul 30 16:00:47 PDT 2021,127,394,1
1627702541811,Fri Jul 30 20:35:41 PDT 2021,127,396,0
1627752399475,Sat Jul 31 10:26:39 PDT 2021,127,397,1
1627770073000,Sat Jul 31 15:21:13 PDT 2021,127,401,1
1627771795613,Sat Jul 31 15:49:55 PDT 2021,127,402,1
1627776481813,Sat Jul 31 17:08:01 PDT 2021,127,403,1
1627838111487,Sun Aug 01 10:15:11 PDT 2021,127,404,1
1625160671461,Thu Jul 01 10:31:11 PDT 2021,128,71,1
1625160683052,Thu Jul 01 10:31:23 PDT 2021,129,71,1
1625160737806,Thu Jul 01 10:32:17 PDT 2021,130,71,1
1625160817753,Thu Jul 01 10:33:37 PDT 2021,131,71,1
1625160847252,Thu Jul 01 10:34:07 PDT 2021,132,71,1
1625167116317,Thu Jul 01 12:18:36 PDT 2021,133,0,0
1625600468570,Tue Jul 06 12:41:08 PDT 2021,133,12,1
1625160970144,Thu Jul 01 10:36:10 PDT 2021,133,26,0
1625951036108,Sat Jul 10 14:03:56 PDT 2021,133,50,1
1625257279897,Fri Jul 02 13:21:19 PDT 2021,133,64,0
1625410265269,Sun Jul 04 07:51:05 PDT 2021,133,66,1
1625167700711,Thu Jul 01 12:28:20 PDT 2021,133,70,1
1625160919109,Thu Jul 01 10:35:19 PDT 2021,133,71,1
1625163383336,Thu Jul 01 11:16:23 PDT 2021,133,73,1
1625163737725,Thu Jul 01 11:22:17 PDT 2021,133,74,0
1625163905852,Thu Jul 01 11:25:05 PDT 2021,133,80,1
1625164125667,Thu Jul 01 11:28:45 PDT 2021,133,83,1
1625164426486,Thu Jul 01 11:33:46 PDT 2021,133,84,1
1625164610195,Thu Jul 01 11:36:50 PDT 2021,133,85,1
1625165268685,Thu Jul 01 11:47:48 PDT 2021,133,86,1
1625168278443,Thu Jul 01 12:37:58 PDT 2021,133,92,1
1625173833001,Thu Jul 01 14:10:33 PDT 2021,133,93,0
1625175012017,Thu Jul 01 14:30:12 PDT 2021,133,94,0
1625179534980,Thu Jul 01 15:45:34 PDT 2021,133,95,1
1625183132139,Thu Jul 01 16:45:32 PDT 2021,133,96,1
1625185271634,Thu Jul 01 17:21:11 PDT 2021,133,97,1
1626139500326,Mon Jul 12 18:25:00 PDT 2021,133,98,1
1625189773272,Thu Jul 01 18:36:13 PDT 2021,133,99,0
1625190359908,Thu Jul 01 18:45:59 PDT 2021,133,100,1
1625191263881,Thu Jul 01 19:01:03 PDT 2021,133,101,1
1625199979097,Thu Jul 01 21:26:19 PDT 2021,133,102,0
1625238272444,Fri Jul 02 08:04:32 PDT 2021,133,103,1
1625241362525,Fri Jul 02 08:56:02 PDT 2021,133,104,1
1625242423749,Fri Jul 02 09:13:43 PDT 2021,133,106,1
1625246451699,Fri Jul 02 10:20:51 PDT 2021,133,107,-1
1625266900858,Fri Jul 02 16:01:40 PDT 2021,133,111,1
1625275049464,Fri Jul 02 18:17:29 PDT 2021,133,112,1
1625328985537,Sat Jul 03 09:16:25 PDT 2021,133,118,1
1625334120492,Sat Jul 03 10:42:00 PDT 2021,133,119,1
1625364523722,Sat Jul 03 19:08:43 PDT 2021,133,121,-1
1625365675709,Sat Jul 03 19:27:55 PDT 2021,133,122,1
1625366415782,Sat Jul 03 19:40:15 PDT 2021,133,123,0
1625376209897,Sat Jul 03 22:23:29 PDT 2021,133,124,0
1625414612578,Sun Jul 04 09:03:32 PDT 2021,133,127,1
1625424791615,Sun Jul 04 11:53:11 PDT 2021,133,131,1
1625428915251,Sun Jul 04 13:01:55 PDT 2021,133,132,0
1625436145609,Sun Jul 04 15:02:25 PDT 2021,133,135,1
1625436607673,Sun Jul 04 15:10:07 PDT 2021,133,136,1
1625437113855,Sun Jul 04 15:18:33 PDT 2021,133,137,1
1625452193383,Sun Jul 04 19:29:53 PDT 2021,133,141,1
1625454719962,Sun Jul 04 20:11:59 PDT 2021,133,142,0
1625462536421,Sun Jul 04 22:22:16 PDT 2021,133,145,1
1625495743928,Mon Jul 05 07:35:43 PDT 2021,133,147,1
1625528698259,Mon Jul 05 16:44:58 PDT 2021,133,148,0
1625593782208,Tue Jul 06 10:49:42 PDT 2021,133,151,0
1625602989881,Tue Jul 06 13:23:09 PDT 2021,133,152,-1
1625613902386,Tue Jul 06 16:25:02 PDT 2021,133,153,1
1625611655414,Tue Jul 06 15:47:35 PDT 2021,133,155,0
1625627433243,Tue Jul 06 20:10:33 PDT 2021,133,156,-1
1625635922419,Tue Jul 06 22:32:02 PDT 2021,133,157,1
1625673012452,Wed Jul 07 08:50:12 PDT 2021,133,160,0
1625674742989,Wed Jul 07 09:19:02 PDT 2021,133,161,1
1625675566634,Wed Jul 07 09:32:46 PDT 2021,133,162,1
1625676920619,Wed Jul 07 09:55:20 PDT 2021,133,163,1
1625678512251,Wed Jul 07 10:21:52 PDT 2021,133,166,1
1625690042774,Wed Jul 07 13:34:02 PDT 2021,133,172,1
1625694345545,Wed Jul 07 14:45:45 PDT 2021,133,173,1
1625694101273,Wed Jul 07 14:41:41 PDT 2021,133,174,1
1625696183185,Wed Jul 07 15:16:23 PDT 2021,133,180,1
1625696701568,Wed Jul 07 15:25:01 PDT 2021,133,181,-1
1625698040230,Wed Jul 07 15:47:20 PDT 2021,133,183,0
1625699677130,Wed Jul 07 16:14:37 PDT 2021,133,184,1
1625700075955,Wed Jul 07 16:21:15 PDT 2021,133,186,0
1625700076083,Wed Jul 07 16:21:16 PDT 2021,133,186,0
1625700558822,Wed Jul 07 16:29:18 PDT 2021,133,187,1
1625700882832,Wed Jul 07 16:34:42 PDT 2021,133,188,1
1625703023731,Wed Jul 07 17:10:23 PDT 2021,133,189,1
1625707303278,Wed Jul 07 18:21:43 PDT 2021,133,191,1
1625710142318,Wed Jul 07 19:09:02 PDT 2021,133,193,1
1625710142639,Wed Jul 07 19:09:02 PDT 2021,133,193,1
1625711036119,Wed Jul 07 19:23:56 PDT 2021,133,194,1
1625722987195,Wed Jul 07 22:43:07 PDT 2021,133,196,1
1625753229090,Thu Jul 08 07:07:09 PDT 2021,133,197,1
1625772804164,Thu Jul 08 12:33:24 PDT 2021,133,198,1
1625759388638,Thu Jul 08 08:49:48 PDT 2021,133,199,1
1625762397775,Thu Jul 08 09:39:57 PDT 2021,133,201,-1
1625762636933,Thu Jul 08 09:43:56 PDT 2021,133,202,-1
1625763631699,Thu Jul 08 10:00:31 PDT 2021,133,203,0
1625770696284,Thu Jul 08 11:58:16 PDT 2021,133,205,1
1625772388280,Thu Jul 08 12:26:28 PDT 2021,133,206,1
1625782187164,Thu Jul 08 15:09:47 PDT 2021,133,207,0
1625784133114,Thu Jul 08 15:42:13 PDT 2021,133,208,1
1625786208202,Thu Jul 08 16:16:48 PDT 2021,133,209,1
1625788068891,Thu Jul 08 16:47:48 PDT 2021,133,210,1
1625845260841,Fri Jul 09 08:41:00 PDT 2021,133,215,1
1625856055609,Fri Jul 09 11:40:55 PDT 2021,133,217,1
1625863978831,Fri Jul 09 13:52:58 PDT 2021,133,218,1
1625868055557,Fri Jul 09 15:00:55 PDT 2021,133,219,0
1625921210702,Sat Jul 10 05:46:50 PDT 2021,133,223,1
1625922548459,Sat Jul 10 06:09:08 PDT 2021,133,224,1
1625929011571,Sat Jul 10 07:56:51 PDT 2021,133,226,1
1625939419795,Sat Jul 10 10:50:19 PDT 2021,133,228,1
1625961601243,Sat Jul 10 17:00:01 PDT 2021,133,231,1
1625964301193,Sat Jul 10 17:45:01 PDT 2021,133,232,0
1625982489397,Sat Jul 10 22:48:09 PDT 2021,133,234,1
1626012296347,Sun Jul 11 07:04:56 PDT 2021,133,236,1
1626015324040,Sun Jul 11 07:55:24 PDT 2021,133,237,1
1626015278786,Sun Jul 11 07:54:38 PDT 2021,133,238,1
1626018576832,Sun Jul 11 08:49:36 PDT 2021,133,239,0
1626027554446,Sun Jul 11 11:19:14 PDT 2021,133,240,1
1626031843839,Sun Jul 11 12:30:43 PDT 2021,133,241,1
1626033143593,Sun Jul 11 12:52:23 PDT 2021,133,243,1
1626063241029,Sun Jul 11 21:14:01 PDT 2021,133,248,1
1626097205929,Mon Jul 12 06:40:05 PDT 2021,133,250,1
1626160286281,Tue Jul 13 00:11:26 PDT 2021,133,255,1
1626184160020,Tue Jul 13 06:49:20 PDT 2021,133,256,0
1626641150378,Sun Jul 18 13:45:50 PDT 2021,133,258,1
1626228125623,Tue Jul 13 19:02:05 PDT 2021,133,259,0
1626213996310,Tue Jul 13 15:06:36 PDT 2021,133,260,1
1626215325668,Tue Jul 13 15:28:45 PDT 2021,133,261,1
1626218904288,Tue Jul 13 16:28:24 PDT 2021,133,262,0
1626220670112,Tue Jul 13 16:57:50 PDT 2021,133,263,1
1626298240952,Wed Jul 14 14:30:40 PDT 2021,133,265,1
1626383917801,Thu Jul 15 14:18:37 PDT 2021,133,267,0
1626360774278,Thu Jul 15 07:52:54 PDT 2021,133,269,0
1626385881732,Thu Jul 15 14:51:21 PDT 2021,133,271,1
1626455703243,Fri Jul 16 10:15:03 PDT 2021,133,274,1
1626471238215,Fri Jul 16 14:33:58 PDT 2021,133,275,1
1626492600811,Fri Jul 16 20:30:00 PDT 2021,133,276,1
1626541390399,Sat Jul 17 10:03:10 PDT 2021,133,278,0
1626545873542,Sat Jul 17 11:17:53 PDT 2021,133,280,0
1626552726572,Sat Jul 17 13:12:06 PDT 2021,133,281,0
1626553759516,Sat Jul 17 13:29:19 PDT 2021,133,282,0
1626568352563,Sat Jul 17 17:32:32 PDT 2021,133,284,1
1626584703482,Sat Jul 17 22:05:03 PDT 2021,133,286,1
1626713001224,Mon Jul 19 09:43:21 PDT 2021,133,288,1
1626716439642,Mon Jul 19 10:40:39 PDT 2021,133,290,1
1626720442685,Mon Jul 19 11:47:22 PDT 2021,133,291,1
1626737481658,Mon Jul 19 16:31:21 PDT 2021,133,294,1
1626752110906,Mon Jul 19 20:35:10 PDT 2021,133,295,1
1626791612504,Tue Jul 20 07:33:32 PDT 2021,133,296,1
1626799007759,Tue Jul 20 09:36:47 PDT 2021,133,298,1
1626910242637,Wed Jul 21 16:30:42 PDT 2021,133,299,-1
1626965207707,Thu Jul 22 07:46:47 PDT 2021,133,300,0
1627001229513,Thu Jul 22 17:47:09 PDT 2021,133,302,1
1627002473625,Thu Jul 22 18:07:53 PDT 2021,133,303,-1
1627007780020,Thu Jul 22 19:36:20 PDT 2021,133,304,0
1627008683654,Thu Jul 22 19:51:23 PDT 2021,133,305,1
1627084306399,Fri Jul 23 16:51:46 PDT 2021,133,309,-1
1627085603444,Fri Jul 23 17:13:23 PDT 2021,133,310,1
1627086843157,Fri Jul 23 17:34:03 PDT 2021,133,311,-1
1627088410978,Fri Jul 23 18:00:10 PDT 2021,133,312,1
1627099811374,Fri Jul 23 21:10:11 PDT 2021,133,313,-1
1627101121064,Fri Jul 23 21:32:01 PDT 2021,133,314,-1
1627101543750,Fri Jul 23 21:39:03 PDT 2021,133,315,-1
1627163226092,Sat Jul 24 14:47:06 PDT 2021,133,317,0
1627187216298,Sat Jul 24 21:26:56 PDT 2021,133,318,-1
1627191313051,Sat Jul 24 22:35:13 PDT 2021,133,319,1
1627404967262,Tue Jul 27 09:56:07 PDT 2021,133,321,0
1627407941454,Tue Jul 27 10:45:41 PDT 2021,133,322,1
1627414913886,Tue Jul 27 12:41:53 PDT 2021,133,325,1
1627698773498,Fri Jul 30 19:32:53 PDT 2021,133,326,1
1627502552395,Wed Jul 28 13:02:32 PDT 2021,133,332,1
1627505206154,Wed Jul 28 13:46:46 PDT 2021,133,337,1
1627506011940,Wed Jul 28 14:00:11 PDT 2021,133,339,1
1627506731849,Wed Jul 28 14:12:11 PDT 2021,133,341,1
1627508900077,Wed Jul 28 14:48:20 PDT 2021,133,343,-1
1627515010767,Wed Jul 28 16:30:10 PDT 2021,133,348,-1
1627522408355,Wed Jul 28 18:33:28 PDT 2021,133,353,1
1627522160656,Wed Jul 28 18:29:20 PDT 2021,133,356,1
1627530173174,Wed Jul 28 20:42:53 PDT 2021,133,357,1
1627531766933,Wed Jul 28 21:09:26 PDT 2021,133,358,-1
1627532655817,Wed Jul 28 21:24:15 PDT 2021,133,359,0
1627535415104,Wed Jul 28 22:10:15 PDT 2021,133,361,0
1627544254966,Thu Jul 29 00:37:34 PDT 2021,133,364,1
1627573920384,Thu Jul 29 08:52:00 PDT 2021,133,366,-1
1627578608893,Thu Jul 29 10:10:08 PDT 2021,133,368,1
1627585170031,Thu Jul 29 11:59:30 PDT 2021,133,372,1
1627586761277,Thu Jul 29 12:26:01 PDT 2021,133,373,1
1627609022636,Thu Jul 29 18:37:02 PDT 2021,133,376,0
1627611810365,Thu Jul 29 19:23:30 PDT 2021,133,377,1
1627614030810,Thu Jul 29 20:00:30 PDT 2021,133,378,0
1627654834175,Fri Jul 30 07:20:34 PDT 2021,133,380,1
1627656185744,Fri Jul 30 07:43:05 PDT 2021,133,381,0
1627664245245,Fri Jul 30 09:57:25 PDT 2021,133,382,1
1627666995162,Fri Jul 30 10:43:15 PDT 2021,133,384,1
1627675896036,Fri Jul 30 13:11:36 PDT 2021,133,386,1
1627680717872,Fri Jul 30 14:31:57 PDT 2021,133,388,1
1627682656595,Fri Jul 30 15:04:16 PDT 2021,133,389,-1
1627684310994,Fri Jul 30 15:31:50 PDT 2021,133,391,1
1627684671687,Fri Jul 30 15:37:51 PDT 2021,133,392,1
1627685409926,Fri Jul 30 15:50:09 PDT 2021,133,393,1
1627690213710,Fri Jul 30 17:10:13 PDT 2021,133,395,1
1627702473859,Fri Jul 30 20:34:33 PDT 2021,133,396,1
1627752424446,Sat Jul 31 10:27:04 PDT 2021,133,397,1
1627770352084,Sat Jul 31 15:25:52 PDT 2021,133,401,1
1627771812253,Sat Jul 31 15:50:12 PDT 2021,133,402,1
1627776361607,Sat Jul 31 17:06:01 PDT 2021,133,403,1
1627837938802,Sun Aug 01 10:12:18 PDT 2021,133,404,1
1625167127938,Thu Jul 01 12:18:47 PDT 2021,134,0,-1
1625161448147,Thu Jul 01 10:44:08 PDT 2021,134,26,-1
1625951233617,Sat Jul 10 14:07:13 PDT 2021,134,50,0
1625257352408,Fri Jul 02 13:22:32 PDT 2021,134,64,0
1625410622921,Sun Jul 04 07:57:02 PDT 2021,134,66,0
1625167777988,Thu Jul 01 12:29:37 PDT 2021,134,70,-1
1625161013626,Thu Jul 01 10:36:53 PDT 2021,134,71,1
1625163297642,Thu Jul 01 11:14:57 PDT 2021,134,73,1
1625163670358,Thu Jul 01 11:21:10 PDT 2021,134,74,0
1625163910025,Thu Jul 01 11:25:10 PDT 2021,134,80,1
1625164025042,Thu Jul 01 11:27:05 PDT 2021,134,83,1
1625164397804,Thu Jul 01 11:33:17 PDT 2021,134,84,1
1625164574344,Thu Jul 01 11:36:14 PDT 2021,134,85,1
1625165253045,Thu Jul 01 11:47:33 PDT 2021,134,86,1
1625165614083,Thu Jul 01 11:53:34 PDT 2021,134,87,1
1625166003167,Thu Jul 01 12:00:03 PDT 2021,134,90,1
1625168104467,Thu Jul 01 12:35:04 PDT 2021,134,92,-1
1625173740084,Thu Jul 01 14:09:00 PDT 2021,134,93,0
1625174327562,Thu Jul 01 14:18:47 PDT 2021,134,94,0
1625174989681,Thu Jul 01 14:29:49 PDT 2021,134,95,-1
1625183021008,Thu Jul 01 16:43:41 PDT 2021,134,96,1
1626145025009,Mon Jul 12 19:57:05 PDT 2021,134,98,-1
1625191222673,Thu Jul 01 19:00:22 PDT 2021,134,100,-1
1625190851771,Thu Jul 01 18:54:11 PDT 2021,134,101,1
1625199813297,Thu Jul 01 21:23:33 PDT 2021,134,102,0
1625238132218,Fri Jul 02 08:02:12 PDT 2021,134,103,1
1625241339421,Fri Jul 02 08:55:39 PDT 2021,134,104,-1
1625242096544,Fri Jul 02 09:08:16 PDT 2021,134,106,-1
1625246318438,Fri Jul 02 10:18:38 PDT 2021,134,107,-1
1625251539425,Fri Jul 02 11:45:39 PDT 2021,134,108,0
1625266687434,Fri Jul 02 15:58:07 PDT 2021,134,111,-1
1625275916971,Fri Jul 02 18:31:56 PDT 2021,134,112,-1
1625329449152,Sat Jul 03 09:24:09 PDT 2021,134,118,1
1625333265774,Sat Jul 03 10:27:45 PDT 2021,134,119,-1
1625361803788,Sat Jul 03 18:23:23 PDT 2021,134,120,-1
1625364866471,Sat Jul 03 19:14:26 PDT 2021,134,121,1
1625365492716,Sat Jul 03 19:24:52 PDT 2021,134,122,1
1625366490599,Sat Jul 03 19:41:30 PDT 2021,134,123,0
1625375989026,Sat Jul 03 22:19:49 PDT 2021,134,124,0
1625384471914,Sun Jul 04 00:41:11 PDT 2021,134,125,1
1625410419776,Sun Jul 04 07:53:39 PDT 2021,134,126,-1
1625414854199,Sun Jul 04 09:07:34 PDT 2021,134,127,0
1625416075241,Sun Jul 04 09:27:55 PDT 2021,134,130,0
1625424996879,Sun Jul 04 11:56:36 PDT 2021,134,131,1
1625429182324,Sun Jul 04 13:06:22 PDT 2021,134,132,0
1625435983204,Sun Jul 04 14:59:43 PDT 2021,134,135,0
1625436584398,Sun Jul 04 15:09:44 PDT 2021,134,136,0
1625436815359,Sun Jul 04 15:13:35 PDT 2021,134,137,1
1625452222379,Sun Jul 04 19:30:22 PDT 2021,134,141,1
1625463385005,Sun Jul 04 22:36:25 PDT 2021,134,145,1
1625496317350,Mon Jul 05 07:45:17 PDT 2021,134,147,1
1625593881585,Tue Jul 06 10:51:21 PDT 2021,134,151,0
1625597486411,Tue Jul 06 11:51:26 PDT 2021,134,152,-1
1625614077833,Tue Jul 06 16:27:57 PDT 2021,134,153,-1
1625611683717,Tue Jul 06 15:48:03 PDT 2021,134,155,-1
1625627597538,Tue Jul 06 20:13:17 PDT 2021,134,156,-1
1625636035761,Tue Jul 06 22:33:55 PDT 2021,134,157,0
1625671529866,Wed Jul 07 08:25:29 PDT 2021,134,158,1
1625672548423,Wed Jul 07 08:42:28 PDT 2021,134,159,-1
1625673181929,Wed Jul 07 08:53:01 PDT 2021,134,160,0
1625674521901,Wed Jul 07 09:15:21 PDT 2021,134,161,0
1625675494684,Wed Jul 07 09:31:34 PDT 2021,134,162,0
1625676579697,Wed Jul 07 09:49:39 PDT 2021,134,163,-1
1625678010505,Wed Jul 07 10:13:30 PDT 2021,134,166,0
1625694241973,Wed Jul 07 14:44:01 PDT 2021,134,173,-1
1625694323332,Wed Jul 07 14:45:23 PDT 2021,134,174,-1
1625696769943,Wed Jul 07 15:26:09 PDT 2021,134,181,0
1625697793983,Wed Jul 07 15:43:13 PDT 2021,134,183,1
1625699530277,Wed Jul 07 16:12:10 PDT 2021,134,184,-1
1625699712156,Wed Jul 07 16:15:12 PDT 2021,134,186,0
1625700888375,Wed Jul 07 16:34:48 PDT 2021,134,187,1
1625700928614,Wed Jul 07 16:35:28 PDT 2021,134,188,1
1625703057284,Wed Jul 07 17:10:57 PDT 2021,134,189,1
1625710097038,Wed Jul 07 19:08:17 PDT 2021,134,193,0
1625711179477,Wed Jul 07 19:26:19 PDT 2021,134,194,-1
1625722908275,Wed Jul 07 22:41:48 PDT 2021,134,196,0
1625753153918,Thu Jul 08 07:05:53 PDT 2021,134,197,0
1625772924940,Thu Jul 08 12:35:24 PDT 2021,134,198,0
1625759547100,Thu Jul 08 08:52:27 PDT 2021,134,199,0
1625762977782,Thu Jul 08 09:49:37 PDT 2021,134,201,1
1625763622048,Thu Jul 08 10:00:22 PDT 2021,134,203,-1
1625770640203,Thu Jul 08 11:57:20 PDT 2021,134,205,-1
1625781442653,Thu Jul 08 14:57:22 PDT 2021,134,207,-1
1625784337051,Thu Jul 08 15:45:37 PDT 2021,134,208,-1
1625786823688,Thu Jul 08 16:27:03 PDT 2021,134,209,-1
1625801573245,Thu Jul 08 20:32:53 PDT 2021,134,213,1
1625845411417,Fri Jul 09 08:43:31 PDT 2021,134,215,-1
1625855907200,Fri Jul 09 11:38:27 PDT 2021,134,217,0
1625863906527,Fri Jul 09 13:51:46 PDT 2021,134,218,0
1625868527352,Fri Jul 09 15:08:47 PDT 2021,134,219,0
1625921836355,Sat Jul 10 05:57:16 PDT 2021,134,223,0
1625922328064,Sat Jul 10 06:05:28 PDT 2021,134,224,-1
1625926583553,Sat Jul 10 07:16:23 PDT 2021,134,225,-1
1625929321929,Sat Jul 10 08:02:01 PDT 2021,134,226,-1
1625961779415,Sat Jul 10 17:02:59 PDT 2021,134,231,-1
1625965558139,Sat Jul 10 18:05:58 PDT 2021,134,232,0
1625982150565,Sat Jul 10 22:42:30 PDT 2021,134,234,1
1626012618276,Sun Jul 11 07:10:18 PDT 2021,134,236,1
1626015195582,Sun Jul 11 07:53:15 PDT 2021,134,237,-1
1626015709759,Sun Jul 11 08:01:49 PDT 2021,134,238,-1
1626018602947,Sun Jul 11 08:50:02 PDT 2021,134,239,1
1626027498771,Sun Jul 11 11:18:18 PDT 2021,134,240,-1
1626031591656,Sun Jul 11 12:26:31 PDT 2021,134,241,0
1626033997968,Sun Jul 11 13:06:37 PDT 2021,134,243,0
1626063678343,Sun Jul 11 21:21:18 PDT 2021,134,248,-1
1626097842580,Mon Jul 12 06:50:42 PDT 2021,134,250,-1
1626160414471,Tue Jul 13 00:13:34 PDT 2021,134,255,-1
1626184934658,Tue Jul 13 07:02:14 PDT 2021,134,256,0
1626214420826,Tue Jul 13 15:13:40 PDT 2021,134,260,-1
1627752291879,Sat Jul 31 10:24:51 PDT 2021,134,261,1
1626298269662,Wed Jul 14 14:31:09 PDT 2021,134,265,-1
1626383864486,Thu Jul 15 14:17:44 PDT 2021,134,267,0
1626386319249,Thu Jul 15 14:58:39 PDT 2021,134,271,0
1626455484198,Fri Jul 16 10:11:24 PDT 2021,134,274,-1
1626471944452,Fri Jul 16 14:45:44 PDT 2021,134,275,1
1626493109684,Fri Jul 16 20:38:29 PDT 2021,134,276,0
1626540700796,Sat Jul 17 09:51:40 PDT 2021,134,278,-1
1626545550979,Sat Jul 17 11:12:30 PDT 2021,134,280,0
1626552508206,Sat Jul 17 13:08:28 PDT 2021,134,281,0
1626553879693,Sat Jul 17 13:31:19 PDT 2021,134,282,0
1626571025808,Sat Jul 17 18:17:05 PDT 2021,134,284,1
1626578265762,Sat Jul 17 20:17:45 PDT 2021,134,285,0
1626584891947,Sat Jul 17 22:08:11 PDT 2021,134,286,1
1626713117122,Mon Jul 19 09:45:17 PDT 2021,134,288,-1
1626716633831,Mon Jul 19 10:43:53 PDT 2021,134,290,1
1626720808345,Mon Jul 19 11:53:28 PDT 2021,134,291,0
1626733802287,Mon Jul 19 15:30:02 PDT 2021,134,292,0
1626737588412,Mon Jul 19 16:33:08 PDT 2021,134,294,-1
1626751970134,Mon Jul 19 20:32:50 PDT 2021,134,295,-1
1626792359662,Tue Jul 20 07:45:59 PDT 2021,134,296,0
1626798897539,Tue Jul 20 09:34:57 PDT 2021,134,298,0
1626910164180,Wed Jul 21 16:29:24 PDT 2021,134,299,0
1626965330424,Thu Jul 22 07:48:50 PDT 2021,134,300,0
1627001464993,Thu Jul 22 17:51:04 PDT 2021,134,302,0
1627002514021,Thu Jul 22 18:08:34 PDT 2021,134,303,1
1627008860732,Thu Jul 22 19:54:20 PDT 2021,134,305,-1
1627084145242,Fri Jul 23 16:49:05 PDT 2021,134,309,-1
1627085788367,Fri Jul 23 17:16:28 PDT 2021,134,310,-1
1627087072250,Fri Jul 23 17:37:52 PDT 2021,134,311,0
1627088566806,Fri Jul 23 18:02:46 PDT 2021,134,312,-1
1627100084673,Fri Jul 23 21:14:44 PDT 2021,134,313,-1
1627101139415,Fri Jul 23 21:32:19 PDT 2021,134,314,-1
1627101875876,Fri Jul 23 21:44:35 PDT 2021,134,315,-1
1627163092446,Sat Jul 24 14:44:52 PDT 2021,134,317,0
1627187719198,Sat Jul 24 21:35:19 PDT 2021,134,318,0
1627192235403,Sat Jul 24 22:50:35 PDT 2021,134,319,0
1627407296644,Tue Jul 27 10:34:56 PDT 2021,134,322,0
1627699526038,Fri Jul 30 19:45:26 PDT 2021,134,326,0
1627505256205,Wed Jul 28 13:47:36 PDT 2021,134,337,1
1627508816911,Wed Jul 28 14:46:56 PDT 2021,134,343,-1
1627515453623,Wed Jul 28 16:37:33 PDT 2021,134,348,-1
1627523091650,Wed Jul 28 18:44:51 PDT 2021,134,353,-1
1627522042809,Wed Jul 28 18:27:22 PDT 2021,134,356,0
1627530671242,Wed Jul 28 20:51:11 PDT 2021,134,357,1
1627573523477,Thu Jul 29 08:45:23 PDT 2021,134,366,1
1627587309738,Thu Jul 29 12:35:09 PDT 2021,134,373,-1
1627609130098,Thu Jul 29 18:38:50 PDT 2021,134,376,0
1627656369418,Fri Jul 30 07:46:09 PDT 2021,134,380,-1
1627664357872,Fri Jul 30 09:59:17 PDT 2021,134,382,0
1627667219077,Fri Jul 30 10:46:59 PDT 2021,134,384,-1
1627675879679,Fri Jul 30 13:11:19 PDT 2021,134,386,1
1627681266290,Fri Jul 30 14:41:06 PDT 2021,134,388,-1
1627682807632,Fri Jul 30 15:06:47 PDT 2021,134,389,-1
1627686333342,Fri Jul 30 16:05:33 PDT 2021,134,394,1
1627703221704,Fri Jul 30 20:47:01 PDT 2021,134,396,-1
1627770580244,Sat Jul 31 15:29:40 PDT 2021,134,401,1
1627772351491,Sat Jul 31 15:59:11 PDT 2021,134,402,0
1627776896915,Sat Jul 31 17:14:56 PDT 2021,134,403,1
1627838222390,Sun Aug 01 10:17:02 PDT 2021,134,404,1
1625167140276,Thu Jul 01 12:19:00 PDT 2021,135,0,0
1625161457225,Thu Jul 01 10:44:17 PDT 2021,135,26,0
1625951672610,Sat Jul 10 14:14:32 PDT 2021,135,50,0
1625257385286,Fri Jul 02 13:23:05 PDT 2021,135,64,0
1625410695055,Sun Jul 04 07:58:15 PDT 2021,135,66,0
1625167744558,Thu Jul 01 12:29:04 PDT 2021,135,70,0
1625161101043,Thu Jul 01 10:38:21 PDT 2021,135,71,1
1625163115212,Thu Jul 01 11:11:55 PDT 2021,135,72,1
1625163336467,Thu Jul 01 11:15:36 PDT 2021,135,73,1
1625163684892,Thu Jul 01 11:21:24 PDT 2021,135,74,0
1625163941543,Thu Jul 01 11:25:41 PDT 2021,135,81,1
1625164051983,Thu Jul 01 11:27:31 PDT 2021,135,83,1
1625164601389,Thu Jul 01 11:36:41 PDT 2021,135,85,1
1625165262691,Thu Jul 01 11:47:42 PDT 2021,135,86,1
1625165653137,Thu Jul 01 11:54:13 PDT 2021,135,87,1
1625168600823,Thu Jul 01 12:43:20 PDT 2021,135,92,-1
1625173964786,Thu Jul 01 14:12:44 PDT 2021,135,93,0
1625175082448,Thu Jul 01 14:31:22 PDT 2021,135,94,0
1625179571764,Thu Jul 01 15:46:11 PDT 2021,135,95,-1
1625182941399,Thu Jul 01 16:42:21 PDT 2021,135,96,0
1626145479930,Mon Jul 12 20:04:39 PDT 2021,135,98,1
1625190761948,Thu Jul 01 18:52:41 PDT 2021,135,100,0
1625191169584,Thu Jul 01 18:59:29 PDT 2021,135,101,0
1625200206101,Thu Jul 01 21:30:06 PDT 2021,135,102,0
1625238322004,Fri Jul 02 08:05:22 PDT 2021,135,103,1
1625241944193,Fri Jul 02 09:05:44 PDT 2021,135,104,0
1625242456564,Fri Jul 02 09:14:16 PDT 2021,135,106,0
1625246549205,Fri Jul 02 10:22:29 PDT 2021,135,107,-1
1625266715035,Fri Jul 02 15:58:35 PDT 2021,135,111,-1
1625275597393,Fri Jul 02 18:26:37 PDT 2021,135,112,-1
1625329697915,Sat Jul 03 09:28:17 PDT 2021,135,118,0
1625334365490,Sat Jul 03 10:46:05 PDT 2021,135,119,0
1625365064385,Sat Jul 03 19:17:44 PDT 2021,135,121,-1
1625365690502,Sat Jul 03 19:28:10 PDT 2021,135,122,0
1625366525765,Sat Jul 03 19:42:05 PDT 2021,135,123,-1
1625376291244,Sat Jul 03 22:24:51 PDT 2021,135,124,-1
1625415013632,Sun Jul 04 09:10:13 PDT 2021,135,127,1
1625425175980,Sun Jul 04 11:59:35 PDT 2021,135,131,1
1625429222129,Sun Jul 04 13:07:02 PDT 2021,135,132,-1
1625436432980,Sun Jul 04 15:07:12 PDT 2021,135,135,0
1625436990944,Sun Jul 04 15:16:30 PDT 2021,135,136,0
1625437408372,Sun Jul 04 15:23:28 PDT 2021,135,137,0
1625452486257,Sun Jul 04 19:34:46 PDT 2021,135,141,0
1625463534087,Sun Jul 04 22:38:54 PDT 2021,135,145,0
1625496977327,Mon Jul 05 07:56:17 PDT 2021,135,147,0
1625594153757,Tue Jul 06 10:55:53 PDT 2021,135,151,-1
1625602929451,Tue Jul 06 13:22:09 PDT 2021,135,152,0
1625598200192,Tue Jul 06 12:03:20 PDT 2021,135,153,0
1625611974047,Tue Jul 06 15:52:54 PDT 2021,135,155,-1
1625627696916,Tue Jul 06 20:14:56 PDT 2021,135,156,-1
1625636083877,Tue Jul 06 22:34:43 PDT 2021,135,157,1
1625673527113,Wed Jul 07 08:58:47 PDT 2021,135,160,0
1625675019455,Wed Jul 07 09:23:39 PDT 2021,135,161,-1
1625675616098,Wed Jul 07 09:33:36 PDT 2021,135,162,0
1625676909444,Wed Jul 07 09:55:09 PDT 2021,135,163,0
1625678886866,Wed Jul 07 10:28:06 PDT 2021,135,166,0
1625677775413,Wed Jul 07 10:09:35 PDT 2021,135,168,0
1625693210414,Wed Jul 07 14:26:50 PDT 2021,135,173,0
1625694399681,Wed Jul 07 14:46:39 PDT 2021,135,174,0
1625696887775,Wed Jul 07 15:28:07 PDT 2021,135,181,0
1625698959436,Wed Jul 07 16:02:39 PDT 2021,135,183,0
1625700116559,Wed Jul 07 16:21:56 PDT 2021,135,186,0
1625701272097,Wed Jul 07 16:41:12 PDT 2021,135,187,0
1625700994508,Wed Jul 07 16:36:34 PDT 2021,135,188,0
1625703147799,Wed Jul 07 17:12:27 PDT 2021,135,189,1
1625710388685,Wed Jul 07 19:13:08 PDT 2021,135,191,0
1625710473918,Wed Jul 07 19:14:33 PDT 2021,135,193,0
1625710856744,Wed Jul 07 19:20:56 PDT 2021,135,194,0
1625723254612,Wed Jul 07 22:47:34 PDT 2021,135,196,0
1625773019525,Thu Jul 08 12:36:59 PDT 2021,135,198,0
1625759695667,Thu Jul 08 08:54:55 PDT 2021,135,199,-1
1625763102568,Thu Jul 08 09:51:42 PDT 2021,135,201,1
1625763906532,Thu Jul 08 10:05:06 PDT 2021,135,203,0
1625770765200,Thu Jul 08 11:59:25 PDT 2021,135,205,1
1625782641213,Thu Jul 08 15:17:21 PDT 2021,135,207,0
1625784512823,Thu Jul 08 15:48:32 PDT 2021,135,208,0
1625787151392,Thu Jul 08 16:32:31 PDT 2021,135,209,-1
1625790054567,Thu Jul 08 17:20:54 PDT 2021,135,210,0
1625844954864,Fri Jul 09 08:35:54 PDT 2021,135,215,-1
1625856083195,Fri Jul 09 11:41:23 PDT 2021,135,217,0
1625864933980,Fri Jul 09 14:08:53 PDT 2021,135,218,0
1625868660209,Fri Jul 09 15:11:00 PDT 2021,135,219,-1
1625921922425,Sat Jul 10 05:58:42 PDT 2021,135,223,0
1625922580428,Sat Jul 10 06:09:40 PDT 2021,135,224,0
1625930027930,Sat Jul 10 08:13:47 PDT 2021,135,226,0
1625939540158,Sat Jul 10 10:52:20 PDT 2021,135,228,1
1625965817307,Sat Jul 10 18:10:17 PDT 2021,135,232,-1
1625982658590,Sat Jul 10 22:50:58 PDT 2021,135,234,0
1626012832794,Sun Jul 11 07:13:52 PDT 2021,135,236,0
1626015777167,Sun Jul 11 08:02:57 PDT 2021,135,237,0
1626015923719,Sun Jul 11 08:05:23 PDT 2021,135,238,-1
1626018990085,Sun Jul 11 08:56:30 PDT 2021,135,239,0
1626027773297,Sun Jul 11 11:22:53 PDT 2021,135,240,0
1626032084681,Sun Jul 11 12:34:44 PDT 2021,135,241,0
1626034167494,Sun Jul 11 13:09:27 PDT 2021,135,243,0
1626063963995,Sun Jul 11 21:26:03 PDT 2021,135,248,-1
1626097866249,Mon Jul 12 06:51:06 PDT 2021,135,250,0
1626160591677,Tue Jul 13 00:16:31 PDT 2021,135,255,0
1626185080600,Tue Jul 13 07:04:40 PDT 2021,135,256,0
1626214449992,Tue Jul 13 15:14:09 PDT 2021,135,260,-1
1626298487118,Wed Jul 14 14:34:47 PDT 2021,135,265,-1
1626384448791,Thu Jul 15 14:27:28 PDT 2021,135,267,0
1626386514042,Thu Jul 15 15:01:54 PDT 2021,135,271,0
1626456379987,Fri Jul 16 10:26:19 PDT 2021,135,274,0
1626472194076,Fri Jul 16 14:49:54 PDT 2021,135,275,-1
1626492471356,Fri Jul 16 20:27:51 PDT 2021,135,276,0
1626541528751,Sat Jul 17 10:05:28 PDT 2021,135,278,-1
1626546447946,Sat Jul 17 11:27:27 PDT 2021,135,280,1
1626552878022,Sat Jul 17 13:14:38 PDT 2021,135,281,-1
1626554105493,Sat Jul 17 13:35:05 PDT 2021,135,282,-1
1626571168686,Sat Jul 17 18:19:28 PDT 2021,135,284,1
1626584950325,Sat Jul 17 22:09:10 PDT 2021,135,286,1
1626713391713,Mon Jul 19 09:49:51 PDT 2021,135,288,-1
1626716575074,Mon Jul 19 10:42:55 PDT 2021,135,290,1
1626720977084,Mon Jul 19 11:56:17 PDT 2021,135,291,0
1626738004303,Mon Jul 19 16:40:04 PDT 2021,135,294,0
1626752657249,Mon Jul 19 20:44:17 PDT 2021,135,295,0
1626792689342,Tue Jul 20 07:51:29 PDT 2021,135,296,1
1626799400527,Tue Jul 20 09:43:20 PDT 2021,135,298,-1
1626910383570,Wed Jul 21 16:33:03 PDT 2021,135,299,0
1626965448212,Thu Jul 22 07:50:48 PDT 2021,135,300,0
1627001612435,Thu Jul 22 17:53:32 PDT 2021,135,302,0
1627002682797,Thu Jul 22 18:11:22 PDT 2021,135,303,1
1627009236547,Thu Jul 22 20:00:36 PDT 2021,135,305,0
1627084541761,Fri Jul 23 16:55:41 PDT 2021,135,309,1
1627085934124,Fri Jul 23 17:18:54 PDT 2021,135,310,-1
1627087368222,Fri Jul 23 17:42:48 PDT 2021,135,311,-1
1627088653873,Fri Jul 23 18:04:13 PDT 2021,135,312,-1
1627100158918,Fri Jul 23 21:15:58 PDT 2021,135,313,-1
1627101298318,Fri Jul 23 21:34:58 PDT 2021,135,314,-1
1627102147219,Fri Jul 23 21:49:07 PDT 2021,135,315,-1
1627163435016,Sat Jul 24 14:50:35 PDT 2021,135,317,0
1627188328430,Sat Jul 24 21:45:28 PDT 2021,135,318,0
1627192275987,Sat Jul 24 22:51:15 PDT 2021,135,319,0
1627408054272,Tue Jul 27 10:47:34 PDT 2021,135,322,0
1627699846259,Fri Jul 30 19:50:46 PDT 2021,135,326,0
1627505384306,Wed Jul 28 13:49:44 PDT 2021,135,337,1
1627509284261,Wed Jul 28 14:54:44 PDT 2021,135,343,-1
1627515671226,Wed Jul 28 16:41:11 PDT 2021,135,348,-1
1627524355302,Wed Jul 28 19:05:55 PDT 2021,135,353,0
1627522457979,Wed Jul 28 18:34:17 PDT 2021,135,356,0
1627530768329,Wed Jul 28 20:52:48 PDT 2021,135,357,1
1627544157932,Thu Jul 29 00:35:57 PDT 2021,135,364,0
1627574104636,Thu Jul 29 08:55:04 PDT 2021,135,366,1
1627587420797,Thu Jul 29 12:37:00 PDT 2021,135,373,0
1627609560133,Thu Jul 29 18:46:00 PDT 2021,135,376,0
1627656190468,Fri Jul 30 07:43:10 PDT 2021,135,380,-1
1627664188032,Fri Jul 30 09:56:28 PDT 2021,135,382,1
1627668089200,Fri Jul 30 11:01:29 PDT 2021,135,384,0
1627676711376,Fri Jul 30 13:25:11 PDT 2021,135,386,0
1627681978723,Fri Jul 30 14:52:58 PDT 2021,135,388,0
1627682074128,Fri Jul 30 14:54:34 PDT 2021,135,389,0
1627703554016,Fri Jul 30 20:52:34 PDT 2021,135,396,0
1627770540053,Sat Jul 31 15:29:00 PDT 2021,135,401,0
1627772443838,Sat Jul 31 16:00:43 PDT 2021,135,402,0
1627777390343,Sat Jul 31 17:23:10 PDT 2021,135,403,-1
1627838285343,Sun Aug 01 10:18:05 PDT 2021,135,404,1
1625167120583,Thu Jul 01 12:18:40 PDT 2021,136,0,1
1625161442863,Thu Jul 01 10:44:02 PDT 2021,136,26,1
1625951153394,Sat Jul 10 14:05:53 PDT 2021,136,50,1
1625257355825,Fri Jul 02 13:22:35 PDT 2021,136,64,1
1625410649893,Sun Jul 04 07:57:29 PDT 2021,136,66,1
1625167703026,Thu Jul 01 12:28:23 PDT 2021,136,70,1
1625161149777,Thu Jul 01 10:39:09 PDT 2021,136,71,1
1625163064474,Thu Jul 01 11:11:04 PDT 2021,136,72,1
1625163400607,Thu Jul 01 11:16:40 PDT 2021,136,73,1
1625163708752,Thu Jul 01 11:21:48 PDT 2021,136,74,0
1625163750283,Thu Jul 01 11:22:30 PDT 2021,136,75,1
1625163923339,Thu Jul 01 11:25:23 PDT 2021,136,80,1
1625164004560,Thu Jul 01 11:26:44 PDT 2021,136,83,1
1625164424148,Thu Jul 01 11:33:44 PDT 2021,136,84,1
1625164942117,Thu Jul 01 11:42:22 PDT 2021,136,85,1
1625165307236,Thu Jul 01 11:48:27 PDT 2021,136,86,1
1625165650381,Thu Jul 01 11:54:10 PDT 2021,136,87,1
1625165985036,Thu Jul 01 11:59:45 PDT 2021,136,90,1
1625168188048,Thu Jul 01 12:36:28 PDT 2021,136,92,1
1625173867575,Thu Jul 01 14:11:07 PDT 2021,136,93,1
1625174609407,Thu Jul 01 14:23:29 PDT 2021,136,94,1
1625175336972,Thu Jul 01 14:35:36 PDT 2021,136,95,1
1625182781618,Thu Jul 01 16:39:41 PDT 2021,136,96,1
1626142007535,Mon Jul 12 19:06:47 PDT 2021,136,98,1
1625190804033,Thu Jul 01 18:53:24 PDT 2021,136,100,1
1625190998496,Thu Jul 01 18:56:38 PDT 2021,136,101,1
1625199797991,Thu Jul 01 21:23:17 PDT 2021,136,102,1
1625238080096,Fri Jul 02 08:01:20 PDT 2021,136,103,1
1625241433436,Fri Jul 02 08:57:13 PDT 2021,136,104,1
1625241672617,Fri Jul 02 09:01:12 PDT 2021,136,105,1
1625242194578,Fri Jul 02 09:09:54 PDT 2021,136,106,1
1625246277801,Fri Jul 02 10:17:57 PDT 2021,136,107,1
1625251656358,Fri Jul 02 11:47:36 PDT 2021,136,108,1
1625266345579,Fri Jul 02 15:52:25 PDT 2021,136,111,1
1625273985314,Fri Jul 02 17:59:45 PDT 2021,136,112,1
1625329600307,Sat Jul 03 09:26:40 PDT 2021,136,118,1
1625333218198,Sat Jul 03 10:26:58 PDT 2021,136,119,1
1625362276129,Sat Jul 03 18:31:16 PDT 2021,136,120,1
1625364582209,Sat Jul 03 19:09:42 PDT 2021,136,121,1
1625365639500,Sat Jul 03 19:27:19 PDT 2021,136,122,1
1625366348821,Sat Jul 03 19:39:08 PDT 2021,136,123,1
1625375567626,Sat Jul 03 22:12:47 PDT 2021,136,124,0
1625384180300,Sun Jul 04 00:36:20 PDT 2021,136,125,1
1625410496304,Sun Jul 04 07:54:56 PDT 2021,136,126,1
1625413852956,Sun Jul 04 08:50:52 PDT 2021,136,127,1
1625424547858,Sun Jul 04 11:49:07 PDT 2021,136,131,1
1625429071125,Sun Jul 04 13:04:31 PDT 2021,136,132,0
1625435209444,Sun Jul 04 14:46:49 PDT 2021,136,135,1
1625436174663,Sun Jul 04 15:02:54 PDT 2021,136,136,1
1625437128693,Sun Jul 04 15:18:48 PDT 2021,136,137,1
1625452104957,Sun Jul 04 19:28:24 PDT 2021,136,141,1
1625461397983,Sun Jul 04 22:03:17 PDT 2021,136,144,1
1625462045980,Sun Jul 04 22:14:05 PDT 2021,136,145,1
1625495589418,Mon Jul 05 07:33:09 PDT 2021,136,147,1
1625528638468,Mon Jul 05 16:43:58 PDT 2021,136,148,1
1625593943836,Tue Jul 06 10:52:23 PDT 2021,136,151,1
1625602599330,Tue Jul 06 13:16:39 PDT 2021,136,152,1
1625613367731,Tue Jul 06 16:16:07 PDT 2021,136,153,1
1625611451625,Tue Jul 06 15:44:11 PDT 2021,136,155,1
1625627133140,Tue Jul 06 20:05:33 PDT 2021,136,156,1
1625636053687,Tue Jul 06 22:34:13 PDT 2021,136,157,1
1625672951670,Wed Jul 07 08:49:11 PDT 2021,136,160,1
1625674631550,Wed Jul 07 09:17:11 PDT 2021,136,161,1
1625675293300,Wed Jul 07 09:28:13 PDT 2021,136,162,1
1625676739162,Wed Jul 07 09:52:19 PDT 2021,136,163,1
1625678481867,Wed Jul 07 10:21:21 PDT 2021,136,166,1
1625677807595,Wed Jul 07 10:10:07 PDT 2021,136,168,1
1625686146869,Wed Jul 07 12:29:06 PDT 2021,136,170,1
1625693130106,Wed Jul 07 14:25:30 PDT 2021,136,173,1
1625694017336,Wed Jul 07 14:40:17 PDT 2021,136,174,1
1625695328016,Wed Jul 07 15:02:08 PDT 2021,136,178,0
1625696406767,Wed Jul 07 15:20:06 PDT 2021,136,181,1
1625697850387,Wed Jul 07 15:44:10 PDT 2021,136,183,1
1625699691463,Wed Jul 07 16:14:51 PDT 2021,136,184,1
1625700079233,Wed Jul 07 16:21:19 PDT 2021,136,186,1
1625700239559,Wed Jul 07 16:23:59 PDT 2021,136,187,1
1625700471447,Wed Jul 07 16:27:51 PDT 2021,136,188,1
1625702803135,Wed Jul 07 17:06:43 PDT 2021,136,189,1
1625709600801,Wed Jul 07 19:00:00 PDT 2021,136,191,1
1625710376630,Wed Jul 07 19:12:56 PDT 2021,136,193,1
1625710308080,Wed Jul 07 19:11:48 PDT 2021,136,194,1
1625723182944,Wed Jul 07 22:46:22 PDT 2021,136,196,1
1625752598428,Thu Jul 08 06:56:38 PDT 2021,136,197,1
1625756091687,Thu Jul 08 07:54:51 PDT 2021,136,198,1
1625759189751,Thu Jul 08 08:46:29 PDT 2021,136,199,1
1625762889236,Thu Jul 08 09:48:09 PDT 2021,136,201,1
1625763541939,Thu Jul 08 09:59:01 PDT 2021,136,203,1
1625770255376,Thu Jul 08 11:50:55 PDT 2021,136,205,1
1625781924776,Thu Jul 08 15:05:24 PDT 2021,136,207,0
1625783797959,Thu Jul 08 15:36:37 PDT 2021,136,208,1
1625786232193,Thu Jul 08 16:17:12 PDT 2021,136,209,1
1625788308809,Thu Jul 08 16:51:48 PDT 2021,136,210,1
1625796311875,Thu Jul 08 19:05:11 PDT 2021,136,212,1
1625805498092,Thu Jul 08 21:38:18 PDT 2021,136,214,1
1625844687411,Fri Jul 09 08:31:27 PDT 2021,136,215,1
1625856153940,Fri Jul 09 11:42:33 PDT 2021,136,217,1
1625864287537,Fri Jul 09 13:58:07 PDT 2021,136,218,1
1625868574076,Fri Jul 09 15:09:34 PDT 2021,136,219,0
1625921157415,Sat Jul 10 05:45:57 PDT 2021,136,223,1
1625921905350,Sat Jul 10 05:58:25 PDT 2021,136,224,1
1625929076595,Sat Jul 10 07:57:56 PDT 2021,136,226,1
1625939733422,Sat Jul 10 10:55:33 PDT 2021,136,228,1
1625961402421,Sat Jul 10 16:56:42 PDT 2021,136,231,1
1625964162178,Sat Jul 10 17:42:42 PDT 2021,136,232,1
1625971781954,Sat Jul 10 19:49:41 PDT 2021,136,233,1
1625982020009,Sat Jul 10 22:40:20 PDT 2021,136,234,1
1626012118928,Sun Jul 11 07:01:58 PDT 2021,136,236,1
1626015387407,Sun Jul 11 07:56:27 PDT 2021,136,237,1
1626015682364,Sun Jul 11 08:01:22 PDT 2021,136,238,1
1626018304961,Sun Jul 11 08:45:04 PDT 2021,136,239,1
1626027458875,Sun Jul 11 11:17:38 PDT 2021,136,240,1
1626031488106,Sun Jul 11 12:24:48 PDT 2021,136,241,1
1626033941886,Sun Jul 11 13:05:41 PDT 2021,136,243,1
1626063787490,Sun Jul 11 21:23:07 PDT 2021,136,248,1
1626097247661,Mon Jul 12 06:40:47 PDT 2021,136,249,1
1626097315800,Mon Jul 12 06:41:55 PDT 2021,136,250,1
1626100888080,Mon Jul 12 07:41:28 PDT 2021,136,251,1
1626160379304,Tue Jul 13 00:12:59 PDT 2021,136,255,1
1626184080571,Tue Jul 13 06:48:00 PDT 2021,136,256,1
1626641074465,Sun Jul 18 13:44:34 PDT 2021,136,258,1
1626213812934,Tue Jul 13 15:03:32 PDT 2021,136,260,0
1626215451653,Tue Jul 13 15:30:51 PDT 2021,136,261,1
1626218829496,Tue Jul 13 16:27:09 PDT 2021,136,262,1
1626234559728,Tue Jul 13 20:49:19 PDT 2021,136,264,1
1626298173105,Wed Jul 14 14:29:33 PDT 2021,136,265,1
1626384059719,Thu Jul 15 14:20:59 PDT 2021,136,267,1
1626328262567,Wed Jul 14 22:51:02 PDT 2021,136,268,1
1626361064664,Thu Jul 15 07:57:44 PDT 2021,136,269,1
1626385754627,Thu Jul 15 14:49:14 PDT 2021,136,271,1
1626455738423,Fri Jul 16 10:15:38 PDT 2021,136,274,1
1626471286670,Fri Jul 16 14:34:46 PDT 2021,136,275,1
1626492892921,Fri Jul 16 20:34:52 PDT 2021,136,276,1
1626541093028,Sat Jul 17 09:58:13 PDT 2021,136,278,0
1626540570221,Sat Jul 17 09:49:30 PDT 2021,136,279,1
1626545392708,Sat Jul 17 11:09:52 PDT 2021,136,280,1
1626552511482,Sat Jul 17 13:08:31 PDT 2021,136,281,1
1626553732330,Sat Jul 17 13:28:52 PDT 2021,136,282,-1
1626568263584,Sat Jul 17 17:31:03 PDT 2021,136,284,1
1626584860948,Sat Jul 17 22:07:40 PDT 2021,136,286,1
1626712765181,Mon Jul 19 09:39:25 PDT 2021,136,288,1
1626716318232,Mon Jul 19 10:38:38 PDT 2021,136,290,1
1626720644820,Mon Jul 19 11:50:44 PDT 2021,136,291,1
1626724152967,Mon Jul 19 12:49:12 PDT 2021,136,292,1
1626737539265,Mon Jul 19 16:32:19 PDT 2021,136,294,1
1626752258858,Mon Jul 19 20:37:38 PDT 2021,136,295,1
1626792131889,Tue Jul 20 07:42:11 PDT 2021,136,296,1
1626799073254,Tue Jul 20 09:37:53 PDT 2021,136,298,1
1626909254959,Wed Jul 21 16:14:14 PDT 2021,136,299,1
1626964975704,Thu Jul 22 07:42:55 PDT 2021,136,300,1
1627001272486,Thu Jul 22 17:47:52 PDT 2021,136,302,1
1627002424264,Thu Jul 22 18:07:04 PDT 2021,136,303,1
1627008516060,Thu Jul 22 19:48:36 PDT 2021,136,305,1
1627084446302,Fri Jul 23 16:54:06 PDT 2021,136,309,1
1627085338096,Fri Jul 23 17:08:58 PDT 2021,136,310,1
1627086578706,Fri Jul 23 17:29:38 PDT 2021,136,311,1
1627088028698,Fri Jul 23 17:53:48 PDT 2021,136,312,1
1627100254695,Fri Jul 23 21:17:34 PDT 2021,136,313,1
1627100706442,Fri Jul 23 21:25:06 PDT 2021,136,314,1
1627101487290,Fri Jul 23 21:38:07 PDT 2021,136,315,1
1627163397372,Sat Jul 24 14:49:57 PDT 2021,136,317,0
1627187186094,Sat Jul 24 21:26:26 PDT 2021,136,318,1
1627191728608,Sat Jul 24 22:42:08 PDT 2021,136,319,1
1627407535903,Tue Jul 27 10:38:55 PDT 2021,136,322,1
1627415030858,Tue Jul 27 12:43:50 PDT 2021,136,325,1
1627698127389,Fri Jul 30 19:22:07 PDT 2021,136,326,1
1627439352349,Tue Jul 27 19:29:12 PDT 2021,136,327,0
1627451154104,Tue Jul 27 22:45:54 PDT 2021,136,328,1
1627451542502,Tue Jul 27 22:52:22 PDT 2021,136,329,-1
1627502894476,Wed Jul 28 13:08:14 PDT 2021,136,332,1
1627503074964,Wed Jul 28 13:11:14 PDT 2021,136,333,1
1627504185019,Wed Jul 28 13:29:45 PDT 2021,136,335,1
1627504856888,Wed Jul 28 13:40:56 PDT 2021,136,337,1
1627505860744,Wed Jul 28 13:57:40 PDT 2021,136,339,1
1627506683832,Wed Jul 28 14:11:23 PDT 2021,136,341,1
1627508924896,Wed Jul 28 14:48:44 PDT 2021,136,343,1
1627509339143,Wed Jul 28 14:55:39 PDT 2021,136,345,1
1627509955793,Wed Jul 28 15:05:55 PDT 2021,136,346,1
1627514977123,Wed Jul 28 16:29:37 PDT 2021,136,348,1
1627520183761,Wed Jul 28 17:56:23 PDT 2021,136,353,1
1627521766584,Wed Jul 28 18:22:46 PDT 2021,136,356,1
1627529600272,Wed Jul 28 20:33:20 PDT 2021,136,357,1
1627531832859,Wed Jul 28 21:10:32 PDT 2021,136,358,1
1627544878283,Thu Jul 29 00:47:58 PDT 2021,136,364,1
1627573279416,Thu Jul 29 08:41:19 PDT 2021,136,366,1
1627577718716,Thu Jul 29 09:55:18 PDT 2021,136,368,1
1627582635136,Thu Jul 29 11:17:15 PDT 2021,136,369,1
1627586550290,Thu Jul 29 12:22:30 PDT 2021,136,373,1
1627608682502,Thu Jul 29 18:31:22 PDT 2021,136,376,1
1627613542038,Thu Jul 29 19:52:22 PDT 2021,136,378,1
1627617975625,Thu Jul 29 21:06:15 PDT 2021,136,379,1
1627655876592,Fri Jul 30 07:37:56 PDT 2021,136,380,1
1627663661265,Fri Jul 30 09:47:41 PDT 2021,136,382,1
1627667525521,Fri Jul 30 10:52:05 PDT 2021,136,384,1
1627675954246,Fri Jul 30 13:12:34 PDT 2021,136,386,1
1627681028187,Fri Jul 30 14:37:08 PDT 2021,136,388,1
1627682661580,Fri Jul 30 15:04:21 PDT 2021,136,389,1
1627686367052,Fri Jul 30 16:06:07 PDT 2021,136,394,1
1627690219184,Fri Jul 30 17:10:19 PDT 2021,136,395,1
1627703066693,Fri Jul 30 20:44:26 PDT 2021,136,396,1
1627752554272,Sat Jul 31 10:29:14 PDT 2021,136,398,1
1627760012327,Sat Jul 31 12:33:32 PDT 2021,136,400,1
1627770265788,Sat Jul 31 15:24:25 PDT 2021,136,401,1
1627771972263,Sat Jul 31 15:52:52 PDT 2021,136,402,1
1627776691748,Sat Jul 31 17:11:31 PDT 2021,136,403,1
1627837765034,Sun Aug 01 10:09:25 PDT 2021,136,404,1
1625161242828,Thu Jul 01 10:40:42 PDT 2021,137,71,1
1625167123114,Thu Jul 01 12:18:43 PDT 2021,138,0,1
1625184490019,Thu Jul 01 17:08:10 PDT 2021,138,26,0
1625951284786,Sat Jul 10 14:08:04 PDT 2021,138,50,0
1625257378627,Fri Jul 02 13:22:58 PDT 2021,138,64,1
1625410153517,Sun Jul 04 07:49:13 PDT 2021,138,66,-1
1625167894051,Thu Jul 01 12:31:34 PDT 2021,138,70,-1
1625161297702,Thu Jul 01 10:41:37 PDT 2021,138,71,1
1625163196298,Thu Jul 01 11:13:16 PDT 2021,138,73,1
1625163692917,Thu Jul 01 11:21:32 PDT 2021,138,74,0
1625163872666,Thu Jul 01 11:24:32 PDT 2021,138,80,1
1625164033720,Thu Jul 01 11:27:13 PDT 2021,138,83,1
1625164428907,Thu Jul 01 11:33:48 PDT 2021,138,84,1
1625164579271,Thu Jul 01 11:36:19 PDT 2021,138,85,1
1625165284909,Thu Jul 01 11:48:04 PDT 2021,138,86,1
1625165631099,Thu Jul 01 11:53:51 PDT 2021,138,87,1
1625165982536,Thu Jul 01 11:59:42 PDT 2021,138,90,1
1625168194496,Thu Jul 01 12:36:34 PDT 2021,138,92,-1
1625173905045,Thu Jul 01 14:11:45 PDT 2021,138,93,-1
1625174563764,Thu Jul 01 14:22:43 PDT 2021,138,94,0
1625179643672,Thu Jul 01 15:47:23 PDT 2021,138,95,-1
1625182968820,Thu Jul 01 16:42:48 PDT 2021,138,96,0
1626144995379,Mon Jul 12 19:56:35 PDT 2021,138,98,1
1625189855755,Thu Jul 01 18:37:35 PDT 2021,138,99,1
1625191159736,Thu Jul 01 18:59:19 PDT 2021,138,100,-1
1625190835444,Thu Jul 01 18:53:55 PDT 2021,138,101,0
1625199994681,Thu Jul 01 21:26:34 PDT 2021,138,102,1
1625237984540,Fri Jul 02 07:59:44 PDT 2021,138,103,1
1625241119629,Fri Jul 02 08:51:59 PDT 2021,138,104,0
1625241692620,Fri Jul 02 09:01:32 PDT 2021,138,105,-1
1625242262325,Fri Jul 02 09:11:02 PDT 2021,138,106,1
1625245787645,Fri Jul 02 10:09:47 PDT 2021,138,107,-1
1625266417651,Fri Jul 02 15:53:37 PDT 2021,138,111,-1
1625275879917,Fri Jul 02 18:31:19 PDT 2021,138,112,-1
1625320286398,Sat Jul 03 06:51:26 PDT 2021,138,116,0
1625329336304,Sat Jul 03 09:22:16 PDT 2021,138,118,1
1625333224141,Sat Jul 03 10:27:04 PDT 2021,138,119,-1
1625362304560,Sat Jul 03 18:31:44 PDT 2021,138,120,1
1625364634835,Sat Jul 03 19:10:34 PDT 2021,138,121,1
1625365531595,Sat Jul 03 19:25:31 PDT 2021,138,122,1
1625366328099,Sat Jul 03 19:38:48 PDT 2021,138,123,-1
1625374865846,Sat Jul 03 22:01:05 PDT 2021,138,124,-1
1625384217024,Sun Jul 04 00:36:57 PDT 2021,138,125,1
1625410392481,Sun Jul 04 07:53:12 PDT 2021,138,126,-1
1625413991003,Sun Jul 04 08:53:11 PDT 2021,138,127,0
1625424783280,Sun Jul 04 11:53:03 PDT 2021,138,131,0
1625428729785,Sun Jul 04 12:58:49 PDT 2021,138,132,-1
1625435761316,Sun Jul 04 14:56:01 PDT 2021,138,135,-1
1625436177874,Sun Jul 04 15:02:57 PDT 2021,138,136,-1
1625437136625,Sun Jul 04 15:18:56 PDT 2021,138,137,0
1625452017782,Sun Jul 04 19:26:57 PDT 2021,138,141,-1
1625454450213,Sun Jul 04 20:07:30 PDT 2021,138,142,0
1625462993919,Sun Jul 04 22:29:53 PDT 2021,138,145,-1
1625496384817,Mon Jul 05 07:46:24 PDT 2021,138,147,0
1625593899718,Tue Jul 06 10:51:39 PDT 2021,138,151,-1
1625602773243,Tue Jul 06 13:19:33 PDT 2021,138,152,-1
1625598222385,Tue Jul 06 12:03:42 PDT 2021,138,153,-1
1625611632390,Tue Jul 06 15:47:12 PDT 2021,138,155,-1
1625626950254,Tue Jul 06 20:02:30 PDT 2021,138,156,1
1625635941883,Tue Jul 06 22:32:21 PDT 2021,138,157,1
1625673186022,Wed Jul 07 08:53:06 PDT 2021,138,160,0
1625674595136,Wed Jul 07 09:16:35 PDT 2021,138,161,-1
1625675158969,Wed Jul 07 09:25:58 PDT 2021,138,162,0
1625676704481,Wed Jul 07 09:51:44 PDT 2021,138,163,-1
1625678314867,Wed Jul 07 10:18:34 PDT 2021,138,166,0
1625693999342,Wed Jul 07 14:39:59 PDT 2021,138,173,0
1625694029197,Wed Jul 07 14:40:29 PDT 2021,138,174,-1
1625694741915,Wed Jul 07 14:52:21 PDT 2021,138,177,0
1625696481455,Wed Jul 07 15:21:21 PDT 2021,138,181,-1
1625698540389,Wed Jul 07 15:55:40 PDT 2021,138,183,0
1625699631646,Wed Jul 07 16:13:51 PDT 2021,138,184,-1
1625700052031,Wed Jul 07 16:20:52 PDT 2021,138,186,-1
1625700578237,Wed Jul 07 16:29:38 PDT 2021,138,187,0
1625700921554,Wed Jul 07 16:35:21 PDT 2021,138,188,0
1625702905910,Wed Jul 07 17:08:25 PDT 2021,138,189,1
1625710544354,Wed Jul 07 19:15:44 PDT 2021,138,191,0
1625710394511,Wed Jul 07 19:13:14 PDT 2021,138,193,-1
1625710713505,Wed Jul 07 19:18:33 PDT 2021,138,194,-1
1625722831671,Wed Jul 07 22:40:31 PDT 2021,138,196,0
1625752914628,Thu Jul 08 07:01:54 PDT 2021,138,197,0
1625755373463,Thu Jul 08 07:42:53 PDT 2021,138,198,0
1625759382092,Thu Jul 08 08:49:42 PDT 2021,138,199,-1
1625762494557,Thu Jul 08 09:41:34 PDT 2021,138,201,1
1625763400388,Thu Jul 08 09:56:40 PDT 2021,138,203,0
1625770195181,Thu Jul 08 11:49:55 PDT 2021,138,205,1
1625781966393,Thu Jul 08 15:06:06 PDT 2021,138,207,-1
1625784229335,Thu Jul 08 15:43:49 PDT 2021,138,208,0
1625786253428,Thu Jul 08 16:17:33 PDT 2021,138,209,-1
1625845339577,Fri Jul 09 08:42:19 PDT 2021,138,215,-1
1625855917232,Fri Jul 09 11:38:37 PDT 2021,138,217,-1
1625864331743,Fri Jul 09 13:58:51 PDT 2021,138,218,0
1625868043828,Fri Jul 09 15:00:43 PDT 2021,138,219,-1
1625921047555,Sat Jul 10 05:44:07 PDT 2021,138,223,-1
1625922055068,Sat Jul 10 06:00:55 PDT 2021,138,224,-1
1625926554270,Sat Jul 10 07:15:54 PDT 2021,138,225,1
1625928717186,Sat Jul 10 07:51:57 PDT 2021,138,226,0
1625939713439,Sat Jul 10 10:55:13 PDT 2021,138,228,0
1625961770755,Sat Jul 10 17:02:50 PDT 2021,138,231,0
1625964761110,Sat Jul 10 17:52:41 PDT 2021,138,232,-1
1625982326066,Sat Jul 10 22:45:26 PDT 2021,138,234,1
1626012224205,Sun Jul 11 07:03:44 PDT 2021,138,236,0
1626015337788,Sun Jul 11 07:55:37 PDT 2021,138,237,-1
1626015424041,Sun Jul 11 07:57:04 PDT 2021,138,238,-1
1626018873217,Sun Jul 11 08:54:33 PDT 2021,138,239,0
1626027659793,Sun Jul 11 11:20:59 PDT 2021,138,240,-1
1626031716703,Sun Jul 11 12:28:36 PDT 2021,138,241,1
1626034035801,Sun Jul 11 13:07:15 PDT 2021,138,243,0
1626055833087,Sun Jul 11 19:10:33 PDT 2021,138,247,-1
1626063621661,Sun Jul 11 21:20:21 PDT 2021,138,248,-1
1626097075677,Mon Jul 12 06:37:55 PDT 2021,138,249,0
1626097474878,Mon Jul 12 06:44:34 PDT 2021,138,250,0
1626160196563,Tue Jul 13 00:09:56 PDT 2021,138,255,1
1626184669385,Tue Jul 13 06:57:49 PDT 2021,138,256,-1
1626641096235,Sun Jul 18 13:44:56 PDT 2021,138,258,1
1626213724333,Tue Jul 13 15:02:04 PDT 2021,138,260,-1
1626220682338,Tue Jul 13 16:58:02 PDT 2021,138,263,1
1626298233442,Wed Jul 14 14:30:33 PDT 2021,138,265,-1
1626384013318,Thu Jul 15 14:20:13 PDT 2021,138,267,1
1626360599187,Thu Jul 15 07:49:59 PDT 2021,138,269,-1
1626385892981,Thu Jul 15 14:51:32 PDT 2021,138,271,0
1626456266065,Fri Jul 16 10:24:26 PDT 2021,138,274,-1
1626471878608,Fri Jul 16 14:44:38 PDT 2021,138,275,-1
1626492670095,Fri Jul 16 20:31:10 PDT 2021,138,276,1
1626540299151,Sat Jul 17 09:44:59 PDT 2021,138,278,-1
1626540690206,Sat Jul 17 09:51:30 PDT 2021,138,279,-1
1626545021333,Sat Jul 17 11:03:41 PDT 2021,138,280,1
1626552286684,Sat Jul 17 13:04:46 PDT 2021,138,281,-1
1626553943906,Sat Jul 17 13:32:23 PDT 2021,138,282,-1
1626568284017,Sat Jul 17 17:31:24 PDT 2021,138,284,-1
1626584689948,Sat Jul 17 22:04:49 PDT 2021,138,286,1
1626584690136,Sat Jul 17 22:04:50 PDT 2021,138,286,1
1626712994463,Mon Jul 19 09:43:14 PDT 2021,138,288,0
1626716604307,Mon Jul 19 10:43:24 PDT 2021,138,290,1
1626720062273,Mon Jul 19 11:41:02 PDT 2021,138,291,0
1626724283799,Mon Jul 19 12:51:23 PDT 2021,138,292,0
1626737867697,Mon Jul 19 16:37:47 PDT 2021,138,294,0
1626752286276,Mon Jul 19 20:38:06 PDT 2021,138,295,-1
1626792094719,Tue Jul 20 07:41:34 PDT 2021,138,296,0
1626798929057,Tue Jul 20 09:35:29 PDT 2021,138,298,-1
1626909359460,Wed Jul 21 16:15:59 PDT 2021,138,299,1
1626965383406,Thu Jul 22 07:49:43 PDT 2021,138,300,0
1627001297527,Thu Jul 22 17:48:17 PDT 2021,138,302,-1
1627002561648,Thu Jul 22 18:09:21 PDT 2021,138,303,1
1627007795649,Thu Jul 22 19:36:35 PDT 2021,138,304,-1
1627009063462,Thu Jul 22 19:57:43 PDT 2021,138,305,-1
1627084096003,Fri Jul 23 16:48:16 PDT 2021,138,309,1
1627085096589,Fri Jul 23 17:04:56 PDT 2021,138,310,1
1627086906606,Fri Jul 23 17:35:06 PDT 2021,138,311,1
1627088149307,Fri Jul 23 17:55:49 PDT 2021,138,312,1
1627100099465,Fri Jul 23 21:14:59 PDT 2021,138,313,-1
1627100823283,Fri Jul 23 21:27:03 PDT 2021,138,314,1
1627101836881,Fri Jul 23 21:43:56 PDT 2021,138,315,1
1627162902345,Sat Jul 24 14:41:42 PDT 2021,138,317,-1
1627187201255,Sat Jul 24 21:26:41 PDT 2021,138,318,1
1627192012223,Sat Jul 24 22:46:52 PDT 2021,138,319,1
1627407356401,Tue Jul 27 10:35:56 PDT 2021,138,322,1
1627414972733,Tue Jul 27 12:42:52 PDT 2021,138,325,1
1627424608327,Tue Jul 27 15:23:28 PDT 2021,138,326,0
1627451246324,Tue Jul 27 22:47:26 PDT 2021,138,328,1
1627451549445,Tue Jul 27 22:52:29 PDT 2021,138,329,1
1627502906998,Wed Jul 28 13:08:26 PDT 2021,138,332,1
1627503244582,Wed Jul 28 13:14:04 PDT 2021,138,334,1
1627504828945,Wed Jul 28 13:40:28 PDT 2021,138,337,1
1627505759142,Wed Jul 28 13:55:59 PDT 2021,138,339,1
1627506064687,Wed Jul 28 14:01:04 PDT 2021,138,340,1
1627506774963,Wed Jul 28 14:12:54 PDT 2021,138,341,1
1627509063870,Wed Jul 28 14:51:03 PDT 2021,138,343,1
1627508838186,Wed Jul 28 14:47:18 PDT 2021,138,345,1
1627515305850,Wed Jul 28 16:35:05 PDT 2021,138,348,-1
1627515492415,Wed Jul 28 16:38:12 PDT 2021,138,350,0
1627522661895,Wed Jul 28 18:37:41 PDT 2021,138,353,-1
1627522080202,Wed Jul 28 18:28:00 PDT 2021,138,356,-1
1627529781146,Wed Jul 28 20:36:21 PDT 2021,138,357,1
1627531967009,Wed Jul 28 21:12:47 PDT 2021,138,358,1
1627532512537,Wed Jul 28 21:21:52 PDT 2021,138,359,1
1627536454148,Wed Jul 28 22:27:34 PDT 2021,138,363,0
1627573516549,Thu Jul 29 08:45:16 PDT 2021,138,366,1
1627577176252,Thu Jul 29 09:46:16 PDT 2021,138,367,0
1627583214591,Thu Jul 29 11:26:54 PDT 2021,138,369,1
1627587037836,Thu Jul 29 12:30:37 PDT 2021,138,373,-1
1627608288049,Thu Jul 29 18:24:48 PDT 2021,138,376,-1
1627613881576,Thu Jul 29 19:58:01 PDT 2021,138,378,0
1627617960996,Thu Jul 29 21:06:00 PDT 2021,138,379,1
1627656158899,Fri Jul 30 07:42:38 PDT 2021,138,380,-1
1627656479983,Fri Jul 30 07:47:59 PDT 2021,138,381,-1
1627663680446,Fri Jul 30 09:48:00 PDT 2021,138,382,1
1627667477207,Fri Jul 30 10:51:17 PDT 2021,138,384,0
1627675678091,Fri Jul 30 13:07:58 PDT 2021,138,386,-1
1627680189718,Fri Jul 30 14:23:09 PDT 2021,138,388,0
1627681643842,Fri Jul 30 14:47:23 PDT 2021,138,389,-1
1627684466338,Fri Jul 30 15:34:26 PDT 2021,138,392,1
1627685099371,Fri Jul 30 15:44:59 PDT 2021,138,393,1
1627686362550,Fri Jul 30 16:06:02 PDT 2021,138,394,1
1627690292603,Fri Jul 30 17:11:32 PDT 2021,138,395,1
1627702565359,Fri Jul 30 20:36:05 PDT 2021,138,396,0
1627769514208,Sat Jul 31 15:11:54 PDT 2021,138,401,-1
1627771896307,Sat Jul 31 15:51:36 PDT 2021,138,402,1
1627776296387,Sat Jul 31 17:04:56 PDT 2021,138,403,-1
1627837795759,Sun Aug 01 10:09:55 PDT 2021,138,404,1
1625167145508,Thu Jul 01 12:19:05 PDT 2021,139,0,1
1625161438050,Thu Jul 01 10:43:58 PDT 2021,139,71,1
1625163325068,Thu Jul 01 11:15:25 PDT 2021,139,73,1
1625163868284,Thu Jul 01 11:24:28 PDT 2021,139,74,0
1625163765748,Thu Jul 01 11:22:45 PDT 2021,139,76,1
1625163884910,Thu Jul 01 11:24:44 PDT 2021,139,80,1
1625163970839,Thu Jul 01 11:26:10 PDT 2021,139,82,1
1625163990098,Thu Jul 01 11:26:30 PDT 2021,139,83,1
1625164565808,Thu Jul 01 11:36:05 PDT 2021,139,85,1
1625165286841,Thu Jul 01 11:48:06 PDT 2021,139,86,1
1625165611179,Thu Jul 01 11:53:31 PDT 2021,139,87,1
1625166007953,Thu Jul 01 12:00:07 PDT 2021,139,90,1
1625184454737,Thu Jul 01 17:07:34 PDT 2021,140,26,0
1625161545693,Thu Jul 01 10:45:45 PDT 2021,140,71,1
1625161607643,Thu Jul 01 10:46:47 PDT 2021,141,71,1
1625161662402,Thu Jul 01 10:47:42 PDT 2021,142,71,1
1625161759026,Thu Jul 01 10:49:19 PDT 2021,143,71,1
1625161843641,Thu Jul 01 10:50:43 PDT 2021,144,71,1
1627583373363,Thu Jul 29 11:29:33 PDT 2021,145,0,1
1625162004422,Thu Jul 01 10:53:24 PDT 2021,145,71,1
1627607432799,Thu Jul 29 18:10:32 PDT 2021,145,100,-1
1627569475062,Thu Jul 29 07:37:55 PDT 2021,145,152,-1
1627604021674,Thu Jul 29 17:13:41 PDT 2021,145,265,-1
1627608216595,Thu Jul 29 18:23:36 PDT 2021,145,322,1
1627699661826,Fri Jul 30 19:47:41 PDT 2021,145,326,0
1627685557197,Fri Jul 30 15:52:37 PDT 2021,145,343,-1
1627518029983,Wed Jul 28 17:20:29 PDT 2021,145,352,0
1627522712301,Wed Jul 28 18:38:32 PDT 2021,145,353,-1
1627521749118,Wed Jul 28 18:22:29 PDT 2021,145,356,-1
1627528945747,Wed Jul 28 20:22:25 PDT 2021,145,357,1
1627531726315,Wed Jul 28 21:08:46 PDT 2021,145,358,-1
1627532460088,Wed Jul 28 21:21:00 PDT 2021,145,359,-1
1627535144803,Wed Jul 28 22:05:44 PDT 2021,145,361,0
1627573883547,Thu Jul 29 08:51:23 PDT 2021,145,366,-1
1627583293370,Thu Jul 29 11:28:13 PDT 2021,145,369,1
1627583772038,Thu Jul 29 11:36:12 PDT 2021,145,371,-1
1627587432649,Thu Jul 29 12:37:12 PDT 2021,145,373,0
1627609162058,Thu Jul 29 18:39:22 PDT 2021,145,376,0
1627656436615,Fri Jul 30 07:47:16 PDT 2021,145,380,-1
1627664328538,Fri Jul 30 09:58:48 PDT 2021,145,382,1
1627667657683,Fri Jul 30 10:54:17 PDT 2021,145,384,-1
1627676400905,Fri Jul 30 13:20:00 PDT 2021,145,386,0
1627681731219,Fri Jul 30 14:48:51 PDT 2021,145,388,-1
1627681983986,Fri Jul 30 14:53:03 PDT 2021,145,389,-1
1627690320391,Fri Jul 30 17:12:00 PDT 2021,145,395,0
1627703538974,Fri Jul 30 20:52:18 PDT 2021,145,396,0
1627770687401,Sat Jul 31 15:31:27 PDT 2021,145,401,1
1627772386715,Sat Jul 31 15:59:46 PDT 2021,145,402,0
1627777262757,Sat Jul 31 17:21:02 PDT 2021,145,403,-1
1627838290050,Sun Aug 01 10:18:10 PDT 2021,145,404,1
1625162077748,Thu Jul 01 10:54:37 PDT 2021,146,71,1
1625162107410,Thu Jul 01 10:55:07 PDT 2021,147,71,1
1625167111704,Thu Jul 01 12:18:31 PDT 2021,148,0,1
1625184485553,Thu Jul 01 17:08:05 PDT 2021,148,26,1
1625951201061,Sat Jul 10 14:06:41 PDT 2021,148,50,0
1625257327918,Fri Jul 02 13:22:07 PDT 2021,148,64,1
1625410233632,Sun Jul 04 07:50:33 PDT 2021,148,66,-1
1625167782553,Thu Jul 01 12:29:42 PDT 2021,148,70,-1
1625162227088,Thu Jul 01 10:57:07 PDT 2021,148,71,1
1625163035324,Thu Jul 01 11:10:35 PDT 2021,148,72,1
1625163339769,Thu Jul 01 11:15:39 PDT 2021,148,73,1
1625163723928,Thu Jul 01 11:22:03 PDT 2021,148,74,0
1625163794944,Thu Jul 01 11:23:14 PDT 2021,148,78,1
1625163917156,Thu Jul 01 11:25:17 PDT 2021,148,80,1
1625164096130,Thu Jul 01 11:28:16 PDT 2021,148,83,1
1625164459492,Thu Jul 01 11:34:19 PDT 2021,148,84,1
1625165011548,Thu Jul 01 11:43:31 PDT 2021,148,85,1
1625165265204,Thu Jul 01 11:47:45 PDT 2021,148,86,1
1625165660983,Thu Jul 01 11:54:20 PDT 2021,148,87,1
1625165782749,Thu Jul 01 11:56:22 PDT 2021,148,88,1
1625168163530,Thu Jul 01 12:36:03 PDT 2021,148,92,-1
1625173817001,Thu Jul 01 14:10:17 PDT 2021,148,93,-1
1625174833918,Thu Jul 01 14:27:13 PDT 2021,148,94,1
1625174961259,Thu Jul 01 14:29:21 PDT 2021,148,95,-1
1625182762348,Thu Jul 01 16:39:22 PDT 2021,148,96,-1
1625185569559,Thu Jul 01 17:26:09 PDT 2021,148,97,0
1625185915275,Thu Jul 01 17:31:55 PDT 2021,148,98,1
1625190565458,Thu Jul 01 18:49:25 PDT 2021,148,100,-1
1625190864079,Thu Jul 01 18:54:24 PDT 2021,148,101,-1
1625199819402,Thu Jul 01 21:23:39 PDT 2021,148,102,1
1625238179443,Fri Jul 02 08:02:59 PDT 2021,148,103,1
1625241086733,Fri Jul 02 08:51:26 PDT 2021,148,104,-1
1625241710667,Fri Jul 02 09:01:50 PDT 2021,148,105,-1
1625242078673,Fri Jul 02 09:07:58 PDT 2021,148,106,0
1625245769648,Fri Jul 02 10:09:29 PDT 2021,148,107,-1
1625251767653,Fri Jul 02 11:49:27 PDT 2021,148,108,0
1625266296394,Fri Jul 02 15:51:36 PDT 2021,148,111,-1
1625274919368,Fri Jul 02 18:15:19 PDT 2021,148,112,-1
1625329487336,Sat Jul 03 09:24:47 PDT 2021,148,118,1
1625333519425,Sat Jul 03 10:31:59 PDT 2021,148,119,-1
1625361962412,Sat Jul 03 18:26:02 PDT 2021,148,120,0
1625364761841,Sat Jul 03 19:12:41 PDT 2021,148,121,1
1625365591319,Sat Jul 03 19:26:31 PDT 2021,148,122,1
1625366421637,Sat Jul 03 19:40:21 PDT 2021,148,123,-1
1625374425310,Sat Jul 03 21:53:45 PDT 2021,148,124,-1
1625384291986,Sun Jul 04 00:38:11 PDT 2021,148,125,-1
1625410538151,Sun Jul 04 07:55:38 PDT 2021,148,126,-1
1625414205050,Sun Jul 04 08:56:45 PDT 2021,148,127,0
1625416103068,Sun Jul 04 09:28:23 PDT 2021,148,130,-1
1625424625494,Sun Jul 04 11:50:25 PDT 2021,148,131,0
1625428972574,Sun Jul 04 13:02:52 PDT 2021,148,132,-1
1625435453465,Sun Jul 04 14:50:53 PDT 2021,148,135,-1
1625436106935,Sun Jul 04 15:01:46 PDT 2021,148,136,-1
1625436896762,Sun Jul 04 15:14:56 PDT 2021,148,137,0
1625451882370,Sun Jul 04 19:24:42 PDT 2021,148,141,-1
1625454824226,Sun Jul 04 20:13:44 PDT 2021,148,142,0
1625462946129,Sun Jul 04 22:29:06 PDT 2021,148,145,-1
1625495597234,Mon Jul 05 07:33:17 PDT 2021,148,147,-1
1625528635140,Mon Jul 05 16:43:55 PDT 2021,148,148,0
1625593927449,Tue Jul 06 10:52:07 PDT 2021,148,151,-1
1625602720815,Tue Jul 06 13:18:40 PDT 2021,148,152,-1
1625598155079,Tue Jul 06 12:02:35 PDT 2021,148,153,-1
1625611487944,Tue Jul 06 15:44:47 PDT 2021,148,155,0
1625627616795,Tue Jul 06 20:13:36 PDT 2021,148,156,-1
1625635633173,Tue Jul 06 22:27:13 PDT 2021,148,157,1
1625672985871,Wed Jul 07 08:49:45 PDT 2021,148,160,0
1625674360746,Wed Jul 07 09:12:40 PDT 2021,148,161,-1
1625675077322,Wed Jul 07 09:24:37 PDT 2021,148,162,0
1625676819394,Wed Jul 07 09:53:39 PDT 2021,148,163,0
1625678321634,Wed Jul 07 10:18:41 PDT 2021,148,166,0
1625686331121,Wed Jul 07 12:32:11 PDT 2021,148,170,0
1625690069948,Wed Jul 07 13:34:29 PDT 2021,148,172,0
1625694230741,Wed Jul 07 14:43:50 PDT 2021,148,173,-1
1625694050966,Wed Jul 07 14:40:50 PDT 2021,148,174,-1
1625695716734,Wed Jul 07 15:08:36 PDT 2021,148,178,-1
1625696243199,Wed Jul 07 15:17:23 PDT 2021,148,180,0
1625696506525,Wed Jul 07 15:21:46 PDT 2021,148,181,-1
1625697189286,Wed Jul 07 15:33:09 PDT 2021,148,182,0
1625698389309,Wed Jul 07 15:53:09 PDT 2021,148,183,0
1625699641623,Wed Jul 07 16:14:01 PDT 2021,148,184,-1
1625700067655,Wed Jul 07 16:21:07 PDT 2021,148,186,0
1625700387966,Wed Jul 07 16:26:27 PDT 2021,148,187,-1
1625700404287,Wed Jul 07 16:26:44 PDT 2021,148,188,-1
1625702570228,Wed Jul 07 17:02:50 PDT 2021,148,189,1
1625710370462,Wed Jul 07 19:12:50 PDT 2021,148,191,0
1625710067290,Wed Jul 07 19:07:47 PDT 2021,148,193,-1
1625710913381,Wed Jul 07 19:21:53 PDT 2021,148,194,0
1625722703441,Wed Jul 07 22:38:23 PDT 2021,148,196,0
1625752801599,Thu Jul 08 07:00:01 PDT 2021,148,197,0
1625772811051,Thu Jul 08 12:33:31 PDT 2021,148,198,0
1625759138331,Thu Jul 08 08:45:38 PDT 2021,148,199,-1
1625762885842,Thu Jul 08 09:48:05 PDT 2021,148,201,1
1625763850663,Thu Jul 08 10:04:10 PDT 2021,148,203,0
1625770656118,Thu Jul 08 11:57:36 PDT 2021,148,205,1
1625782388409,Thu Jul 08 15:13:08 PDT 2021,148,207,-1
1625784188922,Thu Jul 08 15:43:08 PDT 2021,148,208,-1
1625786501195,Thu Jul 08 16:21:41 PDT 2021,148,209,-1
1625801463711,Thu Jul 08 20:31:03 PDT 2021,148,213,0
1625844668651,Fri Jul 09 08:31:08 PDT 2021,148,215,-1
1625855671017,Fri Jul 09 11:34:31 PDT 2021,148,217,-1
1625863925542,Fri Jul 09 13:52:05 PDT 2021,148,218,-1
1625868216709,Fri Jul 09 15:03:36 PDT 2021,148,219,-1
1625921764121,Sat Jul 10 05:56:04 PDT 2021,148,223,-1
1625922395022,Sat Jul 10 06:06:35 PDT 2021,148,224,-1
1625928678640,Sat Jul 10 07:51:18 PDT 2021,148,226,0
1625939875276,Sat Jul 10 10:57:55 PDT 2021,148,228,1
1625957590989,Sat Jul 10 15:53:10 PDT 2021,148,230,1
1625964866557,Sat Jul 10 17:54:26 PDT 2021,148,232,-1
1625982225339,Sat Jul 10 22:43:45 PDT 2021,148,234,1
1626011405064,Sun Jul 11 06:50:05 PDT 2021,148,236,0
1626015401816,Sun Jul 11 07:56:41 PDT 2021,148,237,-1
1626015888817,Sun Jul 11 08:04:48 PDT 2021,148,238,-1
1626018879330,Sun Jul 11 08:54:39 PDT 2021,148,239,1
1626027352008,Sun Jul 11 11:15:52 PDT 2021,148,240,-1
1626029890484,Sun Jul 11 11:58:10 PDT 2021,148,241,0
1626033688827,Sun Jul 11 13:01:28 PDT 2021,148,243,0
1626050867828,Sun Jul 11 17:47:47 PDT 2021,148,246,1
1626063658975,Sun Jul 11 21:20:58 PDT 2021,148,248,-1
1626097504897,Mon Jul 12 06:45:04 PDT 2021,148,250,1
1626103838249,Mon Jul 12 08:30:38 PDT 2021,148,252,-1
1626160242815,Tue Jul 13 00:10:42 PDT 2021,148,255,1
1626184510444,Tue Jul 13 06:55:10 PDT 2021,148,256,-1
1626640977155,Sun Jul 18 13:42:57 PDT 2021,148,258,1
1626213907731,Tue Jul 13 15:05:07 PDT 2021,148,260,-1
1627698339893,Fri Jul 30 19:25:39 PDT 2021,148,261,1
1626298237239,Wed Jul 14 14:30:37 PDT 2021,148,265,-1
1626384203725,Thu Jul 15 14:23:23 PDT 2021,148,267,0
1626386333480,Thu Jul 15 14:58:53 PDT 2021,148,271,0
1626456244026,Fri Jul 16 10:24:04 PDT 2021,148,274,-1
1626472047899,Fri Jul 16 14:47:27 PDT 2021,148,275,-1
1626492732310,Fri Jul 16 20:32:12 PDT 2021,148,276,1
1626540368336,Sat Jul 17 09:46:08 PDT 2021,148,278,-1
1626540322297,Sat Jul 17 09:45:22 PDT 2021,148,279,-1
1626546050663,Sat Jul 17 11:20:50 PDT 2021,148,280,1
1626552423041,Sat Jul 17 13:07:03 PDT 2021,148,281,-1
1626553754294,Sat Jul 17 13:29:14 PDT 2021,148,282,-1
1626568092529,Sat Jul 17 17:28:12 PDT 2021,148,284,1
1626584714402,Sat Jul 17 22:05:14 PDT 2021,148,286,1
1626712963656,Mon Jul 19 09:42:43 PDT 2021,148,288,-1
1626716466493,Mon Jul 19 10:41:06 PDT 2021,148,290,1
1626720210652,Mon Jul 19 11:43:30 PDT 2021,148,291,0
1626737536776,Mon Jul 19 16:32:16 PDT 2021,148,294,0
1626751870849,Mon Jul 19 20:31:10 PDT 2021,148,295,-1
1626792328150,Tue Jul 20 07:45:28 PDT 2021,148,296,1
1626798853699,Tue Jul 20 09:34:13 PDT 2021,148,298,-1
1626910145892,Wed Jul 21 16:29:05 PDT 2021,148,299,1
1626965262673,Thu Jul 22 07:47:42 PDT 2021,148,300,0
1627001016062,Thu Jul 22 17:43:36 PDT 2021,148,302,-1
1627002443754,Thu Jul 22 18:07:23 PDT 2021,148,303,1
1627008311771,Thu Jul 22 19:45:11 PDT 2021,148,305,-1
1627082484793,Fri Jul 23 16:21:24 PDT 2021,148,308,1
1627084074442,Fri Jul 23 16:47:54 PDT 2021,148,309,1
1627085291872,Fri Jul 23 17:08:11 PDT 2021,148,310,1
1627086701838,Fri Jul 23 17:31:41 PDT 2021,148,311,1
1627088310287,Fri Jul 23 17:58:30 PDT 2021,148,312,1
1627099658943,Fri Jul 23 21:07:38 PDT 2021,148,313,1
1627100818466,Fri Jul 23 21:26:58 PDT 2021,148,314,1
1627101492234,Fri Jul 23 21:38:12 PDT 2021,148,315,1
1627162458812,Sat Jul 24 14:34:18 PDT 2021,148,317,-1
1627187413633,Sat Jul 24 21:30:13 PDT 2021,148,318,1
1627191373207,Sat Jul 24 22:36:13 PDT 2021,148,319,1
1627407418104,Tue Jul 27 10:36:58 PDT 2021,148,322,1
1627414971136,Tue Jul 27 12:42:51 PDT 2021,148,325,1
1627425656418,Tue Jul 27 15:40:56 PDT 2021,148,326,0
1627439499039,Tue Jul 27 19:31:39 PDT 2021,148,327,0
1627451481414,Tue Jul 27 22:51:21 PDT 2021,148,329,1
1627503073211,Wed Jul 28 13:11:13 PDT 2021,148,333,1
1627503924783,Wed Jul 28 13:25:24 PDT 2021,148,335,0
1627504859347,Wed Jul 28 13:40:59 PDT 2021,148,337,1
1627505816628,Wed Jul 28 13:56:56 PDT 2021,148,339,1
1627506624050,Wed Jul 28 14:10:24 PDT 2021,148,341,1
1627508540473,Wed Jul 28 14:42:20 PDT 2021,148,343,1
1627515064239,Wed Jul 28 16:31:04 PDT 2021,148,348,-1
1627522355906,Wed Jul 28 18:32:35 PDT 2021,148,353,-1
1627522053583,Wed Jul 28 18:27:33 PDT 2021,148,356,-1
1627529093284,Wed Jul 28 20:24:53 PDT 2021,148,357,1
1627531587463,Wed Jul 28 21:06:27 PDT 2021,148,358,1
1627532158967,Wed Jul 28 21:15:58 PDT 2021,148,359,-1
1627535718432,Wed Jul 28 22:15:18 PDT 2021,148,361,0
1627542893238,Thu Jul 29 00:14:53 PDT 2021,148,364,-1
1627573775947,Thu Jul 29 08:49:35 PDT 2021,148,366,1
1627578204375,Thu Jul 29 10:03:24 PDT 2021,148,368,-1
1627586495153,Thu Jul 29 12:21:35 PDT 2021,148,373,-1
1627608044343,Thu Jul 29 18:20:44 PDT 2021,148,376,-1
1627611875779,Thu Jul 29 19:24:35 PDT 2021,148,377,-1
1627613675462,Thu Jul 29 19:54:35 PDT 2021,148,378,0
1627655162785,Fri Jul 30 07:26:02 PDT 2021,148,380,-1
1627663729125,Fri Jul 30 09:48:49 PDT 2021,148,382,1
1627666824898,Fri Jul 30 10:40:24 PDT 2021,148,384,0
1627675554529,Fri Jul 30 13:05:54 PDT 2021,148,386,-1
1627680090653,Fri Jul 30 14:21:30 PDT 2021,148,388,0
1627681817562,Fri Jul 30 14:50:17 PDT 2021,148,389,-1
1627682252617,Fri Jul 30 14:57:32 PDT 2021,148,390,0
1627685427788,Fri Jul 30 15:50:27 PDT 2021,148,393,1
1627686256601,Fri Jul 30 16:04:16 PDT 2021,148,394,1
1627702753432,Fri Jul 30 20:39:13 PDT 2021,148,396,0
1627752530939,Sat Jul 31 10:28:50 PDT 2021,148,398,1
1627759638764,Sat Jul 31 12:27:18 PDT 2021,148,400,0
1627770282121,Sat Jul 31 15:24:42 PDT 2021,148,401,-1
1627772117339,Sat Jul 31 15:55:17 PDT 2021,148,402,1
1627775978655,Sat Jul 31 16:59:38 PDT 2021,148,403,-1
1627837654222,Sun Aug 01 10:07:34 PDT 2021,148,404,1
1625162272532,Thu Jul 01 10:57:52 PDT 2021,149,71,1
1625162424203,Thu Jul 01 11:00:24 PDT 2021,150,71,1
1625162541584,Thu Jul 01 11:02:21 PDT 2021,151,71,1
1625163092028,Thu Jul 01 11:11:32 PDT 2021,152,72,1
1625163129383,Thu Jul 01 11:12:09 PDT 2021,153,72,1
1625163287590,Thu Jul 01 11:14:47 PDT 2021,154,73,1
1625167074226,Thu Jul 01 12:17:54 PDT 2021,155,0,0
1625184497994,Thu Jul 01 17:08:17 PDT 2021,155,26,-1
1625951082719,Sat Jul 10 14:04:42 PDT 2021,155,50,0
1625257398408,Fri Jul 02 13:23:18 PDT 2021,155,64,0
1625410636398,Sun Jul 04 07:57:16 PDT 2021,155,66,-1
1625167713000,Thu Jul 01 12:28:33 PDT 2021,155,70,-1
1625166971716,Thu Jul 01 12:16:11 PDT 2021,155,74,0
1625164895035,Thu Jul 01 11:41:35 PDT 2021,155,85,1
1625165567906,Thu Jul 01 11:52:47 PDT 2021,155,86,1
1625165657863,Thu Jul 01 11:54:17 PDT 2021,155,87,1
1625165867211,Thu Jul 01 11:57:47 PDT 2021,155,89,1
1625165964772,Thu Jul 01 11:59:24 PDT 2021,155,90,1
1625166095460,Thu Jul 01 12:01:35 PDT 2021,155,91,-1
1625168331117,Thu Jul 01 12:38:51 PDT 2021,155,92,-1
1625173712871,Thu Jul 01 14:08:32 PDT 2021,155,93,-1
1625174553170,Thu Jul 01 14:22:33 PDT 2021,155,94,0
1625179553259,Thu Jul 01 15:45:53 PDT 2021,155,95,-1
1625182660247,Thu Jul 01 16:37:40 PDT 2021,155,96,-1
1626145267169,Mon Jul 12 20:01:07 PDT 2021,155,98,0
1625191452295,Thu Jul 01 19:04:12 PDT 2021,155,100,-1
1625191184463,Thu Jul 01 18:59:44 PDT 2021,155,101,-1
1625199875243,Thu Jul 01 21:24:35 PDT 2021,155,102,0
1625237967544,Fri Jul 02 07:59:27 PDT 2021,155,103,1
1625241508378,Fri Jul 02 08:58:28 PDT 2021,155,104,-1
1625241858395,Fri Jul 02 09:04:18 PDT 2021,155,105,-1
1625242202852,Fri Jul 02 09:10:02 PDT 2021,155,106,0
1625246230655,Fri Jul 02 10:17:10 PDT 2021,155,107,-1
1625266986853,Fri Jul 02 16:03:06 PDT 2021,155,111,-1
1625275953436,Fri Jul 02 18:32:33 PDT 2021,155,112,-1
1625329248333,Sat Jul 03 09:20:48 PDT 2021,155,118,1
1625333971204,Sat Jul 03 10:39:31 PDT 2021,155,119,-1
1625362049619,Sat Jul 03 18:27:29 PDT 2021,155,120,-1
1625365032363,Sat Jul 03 19:17:12 PDT 2021,155,121,1
1625365762919,Sat Jul 03 19:29:22 PDT 2021,155,122,1
1625366458205,Sat Jul 03 19:40:58 PDT 2021,155,123,-1
1625376032518,Sat Jul 03 22:20:32 PDT 2021,155,124,-1
1625384148980,Sun Jul 04 00:35:48 PDT 2021,155,125,-1
1625413551879,Sun Jul 04 08:45:51 PDT 2021,155,127,0
1625424340837,Sun Jul 04 11:45:40 PDT 2021,155,131,-1
1625429241000,Sun Jul 04 13:07:21 PDT 2021,155,132,-1
1625435934975,Sun Jul 04 14:58:54 PDT 2021,155,135,0
1625436440541,Sun Jul 04 15:07:20 PDT 2021,155,136,0
1625437343291,Sun Jul 04 15:22:23 PDT 2021,155,137,1
1625452454594,Sun Jul 04 19:34:14 PDT 2021,155,141,-1
1625462306351,Sun Jul 04 22:18:26 PDT 2021,155,145,0
1625495872439,Mon Jul 05 07:37:52 PDT 2021,155,147,0
1625593696525,Tue Jul 06 10:48:16 PDT 2021,155,151,-1
1625602968649,Tue Jul 06 13:22:48 PDT 2021,155,152,-1
1625613581779,Tue Jul 06 16:19:41 PDT 2021,155,153,-1
1625611211187,Tue Jul 06 15:40:11 PDT 2021,155,155,-1
1625627731487,Tue Jul 06 20:15:31 PDT 2021,155,156,-1
1625635911058,Tue Jul 06 22:31:51 PDT 2021,155,157,0
1625673104599,Wed Jul 07 08:51:44 PDT 2021,155,160,-1
1625674615843,Wed Jul 07 09:16:55 PDT 2021,155,161,-1
1625675243208,Wed Jul 07 09:27:23 PDT 2021,155,162,0
1625676830307,Wed Jul 07 09:53:50 PDT 2021,155,163,0
1625677402033,Wed Jul 07 10:03:22 PDT 2021,155,165,0
1625677683317,Wed Jul 07 10:08:03 PDT 2021,155,166,0
1625694384779,Wed Jul 07 14:46:24 PDT 2021,155,173,-1
1625694379109,Wed Jul 07 14:46:19 PDT 2021,155,174,-1
1625696834924,Wed Jul 07 15:27:14 PDT 2021,155,181,-1
1625697653205,Wed Jul 07 15:40:53 PDT 2021,155,183,-1
1625699479896,Wed Jul 07 16:11:19 PDT 2021,155,184,-1
1625700151438,Wed Jul 07 16:22:31 PDT 2021,155,186,0
1625701173367,Wed Jul 07 16:39:33 PDT 2021,155,187,-1
1625700954047,Wed Jul 07 16:35:54 PDT 2021,155,188,-1
1625703180103,Wed Jul 07 17:13:00 PDT 2021,155,189,1
1625710567751,Wed Jul 07 19:16:07 PDT 2021,155,191,-1
1625710540842,Wed Jul 07 19:15:40 PDT 2021,155,193,-1
1625711145778,Wed Jul 07 19:25:45 PDT 2021,155,194,-1
1625723205224,Wed Jul 07 22:46:45 PDT 2021,155,196,0
1625753070706,Thu Jul 08 07:04:30 PDT 2021,155,197,0
1625772968801,Thu Jul 08 12:36:08 PDT 2021,155,198,0
1625759520381,Thu Jul 08 08:52:00 PDT 2021,155,199,-1
1625762925508,Thu Jul 08 09:48:45 PDT 2021,155,201,1
1625763882135,Thu Jul 08 10:04:42 PDT 2021,155,203,-1
1625770713942,Thu Jul 08 11:58:33 PDT 2021,155,205,0
1625782232322,Thu Jul 08 15:10:32 PDT 2021,155,207,-1
1625784284229,Thu Jul 08 15:44:44 PDT 2021,155,208,-1
1625786896305,Thu Jul 08 16:28:16 PDT 2021,155,209,-1
1625845507642,Fri Jul 09 08:45:07 PDT 2021,155,215,-1
1625855970114,Fri Jul 09 11:39:30 PDT 2021,155,217,0
1625864366686,Fri Jul 09 13:59:26 PDT 2021,155,218,0
1625868606186,Fri Jul 09 15:10:06 PDT 2021,155,219,-1
1625921878245,Sat Jul 10 05:57:58 PDT 2021,155,223,-1
1625921809236,Sat Jul 10 05:56:49 PDT 2021,155,224,-1
1625929968565,Sat Jul 10 08:12:48 PDT 2021,155,226,0
1625939439778,Sat Jul 10 10:50:39 PDT 2021,155,228,0
1625961516830,Sat Jul 10 16:58:36 PDT 2021,155,231,-1
1625964792526,Sat Jul 10 17:53:12 PDT 2021,155,232,-1
1625982685605,Sat Jul 10 22:51:25 PDT 2021,155,234,-1
1626012245262,Sun Jul 11 07:04:05 PDT 2021,155,236,-1
1626015737098,Sun Jul 11 08:02:17 PDT 2021,155,237,-1
1626015911738,Sun Jul 11 08:05:11 PDT 2021,155,238,-1
1626018981671,Sun Jul 11 08:56:21 PDT 2021,155,239,1
1626027687571,Sun Jul 11 11:21:27 PDT 2021,155,240,-1
1626031772803,Sun Jul 11 12:29:32 PDT 2021,155,241,-1
1626033464319,Sun Jul 11 12:57:44 PDT 2021,155,243,-1
1626063103095,Sun Jul 11 21:11:43 PDT 2021,155,248,-1
1626097267783,Mon Jul 12 06:41:07 PDT 2021,155,250,-1
1626160357561,Tue Jul 13 00:12:37 PDT 2021,155,255,0
1626184955700,Tue Jul 13 07:02:35 PDT 2021,155,256,-1
1626641147196,Sun Jul 18 13:45:47 PDT 2021,155,258,-1
1626214507351,Tue Jul 13 15:15:07 PDT 2021,155,260,-1
1626218911777,Tue Jul 13 16:28:31 PDT 2021,155,262,0
1626298439832,Wed Jul 14 14:33:59 PDT 2021,155,265,-1
1626384139821,Thu Jul 15 14:22:19 PDT 2021,155,267,0
1626360655201,Thu Jul 15 07:50:55 PDT 2021,155,269,0
1626385838262,Thu Jul 15 14:50:38 PDT 2021,155,271,0
1626456302611,Fri Jul 16 10:25:02 PDT 2021,155,274,-1
1626471990901,Fri Jul 16 14:46:30 PDT 2021,155,275,-1
1626493191319,Fri Jul 16 20:39:51 PDT 2021,155,276,0
1626541571162,Sat Jul 17 10:06:11 PDT 2021,155,278,-1
1626546355756,Sat Jul 17 11:25:55 PDT 2021,155,280,-1
1626552854327,Sat Jul 17 13:14:14 PDT 2021,155,281,-1
1626554171750,Sat Jul 17 13:36:11 PDT 2021,155,282,-1
1626571161095,Sat Jul 17 18:19:21 PDT 2021,155,284,1
1626584801753,Sat Jul 17 22:06:41 PDT 2021,155,286,0
1626713395481,Mon Jul 19 09:49:55 PDT 2021,155,288,-1
1626716412340,Mon Jul 19 10:40:12 PDT 2021,155,290,0
1626720933964,Mon Jul 19 11:55:33 PDT 2021,155,291,1
1626738034739,Mon Jul 19 16:40:34 PDT 2021,155,294,-1
1626752564152,Mon Jul 19 20:42:44 PDT 2021,155,295,0
1626791959537,Tue Jul 20 07:39:19 PDT 2021,155,296,-1
1626799346544,Tue Jul 20 09:42:26 PDT 2021,155,298,-1
1626910270669,Wed Jul 21 16:31:10 PDT 2021,155,299,-1
1626965465284,Thu Jul 22 07:51:05 PDT 2021,155,300,-1
1627001495238,Thu Jul 22 17:51:35 PDT 2021,155,302,-1
1627002672045,Thu Jul 22 18:11:12 PDT 2021,155,303,1
1627009166299,Thu Jul 22 19:59:26 PDT 2021,155,305,-1
1627084254579,Fri Jul 23 16:50:54 PDT 2021,155,309,-1
1627085795642,Fri Jul 23 17:16:35 PDT 2021,155,310,-1
1627087301870,Fri Jul 23 17:41:41 PDT 2021,155,311,-1
1627088620609,Fri Jul 23 18:03:40 PDT 2021,155,312,-1
1627100370865,Fri Jul 23 21:19:30 PDT 2021,155,313,-1
1627101242834,Fri Jul 23 21:34:02 PDT 2021,155,314,-1
1627101902489,Fri Jul 23 21:45:02 PDT 2021,155,315,-1
1627163407184,Sat Jul 24 14:50:07 PDT 2021,155,317,-1
1627188422074,Sat Jul 24 21:47:02 PDT 2021,155,318,1
1627192263537,Sat Jul 24 22:51:03 PDT 2021,155,319,0
1627408002456,Tue Jul 27 10:46:42 PDT 2021,155,322,1
1627699498186,Fri Jul 30 19:44:58 PDT 2021,155,326,0
1627502939644,Wed Jul 28 13:08:59 PDT 2021,155,332,1
1627505307132,Wed Jul 28 13:48:27 PDT 2021,155,337,1
1627509227341,Wed Jul 28 14:53:47 PDT 2021,155,343,-1
1627515572179,Wed Jul 28 16:39:32 PDT 2021,155,348,-1
1627524165333,Wed Jul 28 19:02:45 PDT 2021,155,353,-1
1627522424902,Wed Jul 28 18:33:44 PDT 2021,155,356,-1
1627530014213,Wed Jul 28 20:40:14 PDT 2021,155,357,1
1627535749043,Wed Jul 28 22:15:49 PDT 2021,155,361,-1
1627573976711,Thu Jul 29 08:52:56 PDT 2021,155,366,1
1627579248847,Thu Jul 29 10:20:48 PDT 2021,155,368,-1
1627582679358,Thu Jul 29 11:17:59 PDT 2021,155,369,0
1627587390688,Thu Jul 29 12:36:30 PDT 2021,155,373,-1
1627608330288,Thu Jul 29 18:25:30 PDT 2021,155,376,0
1627656075126,Fri Jul 30 07:41:15 PDT 2021,155,380,-1
1627664138130,Fri Jul 30 09:55:38 PDT 2021,155,382,0
1627666643420,Fri Jul 30 10:37:23 PDT 2021,155,384,-1
1627676717156,Fri Jul 30 13:25:17 PDT 2021,155,386,-1
1627681835996,Fri Jul 30 14:50:35 PDT 2021,155,388,-1
1627683018004,Fri Jul 30 15:10:18 PDT 2021,155,389,-1
1627702413607,Fri Jul 30 20:33:33 PDT 2021,155,396,-1
1627770750336,Sat Jul 31 15:32:30 PDT 2021,155,401,0
1627772285459,Sat Jul 31 15:58:05 PDT 2021,155,402,0
1627777133294,Sat Jul 31 17:18:53 PDT 2021,155,403,-1
1627838090098,Sun Aug 01 10:14:50 PDT 2021,155,404,1
1625165199908,Thu Jul 01 11:46:39 PDT 2021,156,85,1
1625169051367,Thu Jul 01 12:50:51 PDT 2021,157,92,1
1627508602058,Wed Jul 28 14:43:22 PDT 2021,158,0,1
1625173640000,Thu Jul 01 14:07:20 PDT 2021,158,93,1
1627607418788,Thu Jul 29 18:10:18 PDT 2021,158,100,1
1627569478187,Thu Jul 29 07:37:58 PDT 2021,158,152,1
1627752298819,Sat Jul 31 10:24:58 PDT 2021,158,261,1
1627603902580,Thu Jul 29 17:11:42 PDT 2021,158,265,1
1627608171013,Thu Jul 29 18:22:51 PDT 2021,158,322,-1
1627698956522,Fri Jul 30 19:35:56 PDT 2021,158,326,0
1627508475554,Wed Jul 28 14:41:15 PDT 2021,158,343,1
1627508622744,Wed Jul 28 14:43:42 PDT 2021,158,344,-1
1627508893223,Wed Jul 28 14:48:13 PDT 2021,158,345,0
1627509881646,Wed Jul 28 15:04:41 PDT 2021,158,346,1
1627679615990,Fri Jul 30 14:13:35 PDT 2021,158,347,1
1627514955091,Wed Jul 28 16:29:15 PDT 2021,158,348,1
1627515000982,Wed Jul 28 16:30:00 PDT 2021,158,349,1
1627515396573,Wed Jul 28 16:36:36 PDT 2021,158,350,1
1627522582832,Wed Jul 28 18:36:22 PDT 2021,158,353,1
1627521888158,Wed Jul 28 18:24:48 PDT 2021,158,356,1
1627529543988,Wed Jul 28 20:32:23 PDT 2021,158,357,-1
1627531535019,Wed Jul 28 21:05:35 PDT 2021,158,358,-1
1627532136488,Wed Jul 28 21:15:36 PDT 2021,158,359,1
1627536083302,Wed Jul 28 22:21:23 PDT 2021,158,361,0
1627535574273,Wed Jul 28 22:12:54 PDT 2021,158,362,1
1627542871436,Thu Jul 29 00:14:31 PDT 2021,158,364,1
1627573281380,Thu Jul 29 08:41:21 PDT 2021,158,366,-1
1627578660691,Thu Jul 29 10:11:00 PDT 2021,158,368,1
1627585125606,Thu Jul 29 11:58:45 PDT 2021,158,372,1
1627586790237,Thu Jul 29 12:26:30 PDT 2021,158,373,1
1627609394473,Thu Jul 29 18:43:14 PDT 2021,158,376,1
1627612013517,Thu Jul 29 19:26:53 PDT 2021,158,377,1
1627613969502,Thu Jul 29 19:59:29 PDT 2021,158,378,1
1627656195735,Fri Jul 30 07:43:15 PDT 2021,158,380,1
1627655949436,Fri Jul 30 07:39:09 PDT 2021,158,381,1
1627664332155,Fri Jul 30 09:58:52 PDT 2021,158,382,-1
1627667367105,Fri Jul 30 10:49:27 PDT 2021,158,384,1
1627676221092,Fri Jul 30 13:17:01 PDT 2021,158,386,1
1627680860786,Fri Jul 30 14:34:20 PDT 2021,158,388,1
1627682274011,Fri Jul 30 14:57:54 PDT 2021,158,389,1
1627684367227,Fri Jul 30 15:32:47 PDT 2021,158,391,1
1627690358883,Fri Jul 30 17:12:38 PDT 2021,158,395,0
1627703600492,Fri Jul 30 20:53:20 PDT 2021,158,396,1
1627752595702,Sat Jul 31 10:29:55 PDT 2021,158,398,1
1627770429160,Sat Jul 31 15:27:09 PDT 2021,158,401,1
1627771820761,Sat Jul 31 15:50:20 PDT 2021,158,402,-1
1627775744821,Sat Jul 31 16:55:44 PDT 2021,158,403,1
1627837959270,Sun Aug 01 10:12:39 PDT 2021,158,404,-1
1625202870486,Thu Jul 01 22:14:30 PDT 2021,159,0,0
1625951128664,Sat Jul 10 14:05:28 PDT 2021,159,50,1
1625257286017,Fri Jul 02 13:21:26 PDT 2021,159,64,1
1625410757350,Sun Jul 04 07:59:17 PDT 2021,159,66,-1
1625183419176,Thu Jul 01 16:50:19 PDT 2021,159,96,1
1626145404603,Mon Jul 12 20:03:24 PDT 2021,159,98,-1
1625259985616,Fri Jul 02 14:06:25 PDT 2021,159,100,1
1625237972449,Fri Jul 02 07:59:32 PDT 2021,159,103,1
1625241093971,Fri Jul 02 08:51:33 PDT 2021,159,104,1
1625241728651,Fri Jul 02 09:02:08 PDT 2021,159,105,-1
1625241871967,Fri Jul 02 09:04:31 PDT 2021,159,106,-1
1625245503812,Fri Jul 02 10:05:03 PDT 2021,159,107,-1
1625251445256,Fri Jul 02 11:44:05 PDT 2021,159,108,0
1625265327823,Fri Jul 02 15:35:27 PDT 2021,159,110,1
1625266332540,Fri Jul 02 15:52:12 PDT 2021,159,111,-1
1625274420690,Fri Jul 02 18:07:00 PDT 2021,159,112,-1
1625281853161,Fri Jul 02 20:10:53 PDT 2021,159,113,0
1625329281538,Sat Jul 03 09:21:21 PDT 2021,159,118,0
1625333903584,Sat Jul 03 10:38:23 PDT 2021,159,119,0
1625365049187,Sat Jul 03 19:17:29 PDT 2021,159,121,-1
1625365655671,Sat Jul 03 19:27:35 PDT 2021,159,122,-1
1625366388142,Sat Jul 03 19:39:48 PDT 2021,159,123,1
1625376202093,Sat Jul 03 22:23:22 PDT 2021,159,124,-1
1625414149403,Sun Jul 04 08:55:49 PDT 2021,159,127,1
1625424716060,Sun Jul 04 11:51:56 PDT 2021,159,131,1
1625429166006,Sun Jul 04 13:06:06 PDT 2021,159,132,-1
1625435198961,Sun Jul 04 14:46:38 PDT 2021,159,135,1
1625436491873,Sun Jul 04 15:08:11 PDT 2021,159,136,-1
1625437304633,Sun Jul 04 15:21:44 PDT 2021,159,137,1
1625452378373,Sun Jul 04 19:32:58 PDT 2021,159,141,1
1625454770018,Sun Jul 04 20:12:50 PDT 2021,159,142,-1
1625461248725,Sun Jul 04 22:00:48 PDT 2021,159,144,0
1625463157035,Sun Jul 04 22:32:37 PDT 2021,159,145,0
1625496804296,Mon Jul 05 07:53:24 PDT 2021,159,147,-1
1625594019864,Tue Jul 06 10:53:39 PDT 2021,159,151,0
1625602644916,Tue Jul 06 13:17:24 PDT 2021,159,152,-1
1625613667071,Tue Jul 06 16:21:07 PDT 2021,159,153,0
1625611713041,Tue Jul 06 15:48:33 PDT 2021,159,155,-1
1625627197303,Tue Jul 06 20:06:37 PDT 2021,159,156,-1
1625635970884,Tue Jul 06 22:32:50 PDT 2021,159,157,0
1625673217169,Wed Jul 07 08:53:37 PDT 2021,159,160,-1
1625674435454,Wed Jul 07 09:13:55 PDT 2021,159,161,0
1625675180927,Wed Jul 07 09:26:20 PDT 2021,159,162,0
1625676935232,Wed Jul 07 09:55:35 PDT 2021,159,163,-1
1625678200678,Wed Jul 07 10:16:40 PDT 2021,159,166,1
1625694308589,Wed Jul 07 14:45:08 PDT 2021,159,173,-1
1625694245796,Wed Jul 07 14:44:05 PDT 2021,159,174,-1
1625696866096,Wed Jul 07 15:27:46 PDT 2021,159,181,-1
1625698899566,Wed Jul 07 16:01:39 PDT 2021,159,183,-1
1625700204015,Wed Jul 07 16:23:24 PDT 2021,159,186,0
1625700915443,Wed Jul 07 16:35:15 PDT 2021,159,187,0
1625700873418,Wed Jul 07 16:34:33 PDT 2021,159,188,-1
1625703265786,Wed Jul 07 17:14:25 PDT 2021,159,189,-1
1625710539918,Wed Jul 07 19:15:39 PDT 2021,159,191,0
1625710112498,Wed Jul 07 19:08:32 PDT 2021,159,193,-1
1625711287542,Wed Jul 07 19:28:07 PDT 2021,159,194,1
1625723221548,Wed Jul 07 22:47:01 PDT 2021,159,196,1
1625753107125,Thu Jul 08 07:05:07 PDT 2021,159,197,-1
1625772909499,Thu Jul 08 12:35:09 PDT 2021,159,198,0
1625759429293,Thu Jul 08 08:50:29 PDT 2021,159,199,-1
1625762919883,Thu Jul 08 09:48:39 PDT 2021,159,201,-1
1625763813997,Thu Jul 08 10:03:33 PDT 2021,159,203,0
1625770756295,Thu Jul 08 11:59:16 PDT 2021,159,205,1
1625782258022,Thu Jul 08 15:10:58 PDT 2021,159,207,-1
1625784154423,Thu Jul 08 15:42:34 PDT 2021,159,208,0
1625787117544,Thu Jul 08 16:31:57 PDT 2021,159,209,-1
1625789768190,Thu Jul 08 17:16:08 PDT 2021,159,210,1
1625844907766,Fri Jul 09 08:35:07 PDT 2021,159,215,-1
1625856254789,Fri Jul 09 11:44:14 PDT 2021,159,217,1
1625864037816,Fri Jul 09 13:53:57 PDT 2021,159,218,1
1625868704861,Fri Jul 09 15:11:44 PDT 2021,159,219,0
1625921831076,Sat Jul 10 05:57:11 PDT 2021,159,223,-1
1625922705470,Sat Jul 10 06:11:45 PDT 2021,159,224,1
1625929696668,Sat Jul 10 08:08:16 PDT 2021,159,226,1
1625965860967,Sat Jul 10 18:11:00 PDT 2021,159,232,-1
1625982398910,Sat Jul 10 22:46:38 PDT 2021,159,234,-1
1626012591592,Sun Jul 11 07:09:51 PDT 2021,159,236,-1
1626015433266,Sun Jul 11 07:57:13 PDT 2021,159,237,-1
1626015978694,Sun Jul 11 08:06:18 PDT 2021,159,238,-1
1626018916631,Sun Jul 11 08:55:16 PDT 2021,159,239,-1
1626027704638,Sun Jul 11 11:21:44 PDT 2021,159,240,-1
1626031913353,Sun Jul 11 12:31:53 PDT 2021,159,241,1
1626034123992,Sun Jul 11 13:08:43 PDT 2021,159,243,-1
1626063760037,Sun Jul 11 21:22:40 PDT 2021,159,248,1
1626097188561,Mon Jul 12 06:39:48 PDT 2021,159,250,1
1626160497561,Tue Jul 13 00:14:57 PDT 2021,159,255,1
1626184698065,Tue Jul 13 06:58:18 PDT 2021,159,256,0
1626214369210,Tue Jul 13 15:12:49 PDT 2021,159,260,-1
1626235425990,Tue Jul 13 21:03:45 PDT 2021,159,265,1
1626383829009,Thu Jul 15 14:17:09 PDT 2021,159,267,0
1626386147243,Thu Jul 15 14:55:47 PDT 2021,159,271,0
1626456325237,Fri Jul 16 10:25:25 PDT 2021,159,274,0
1626472151858,Fri Jul 16 14:49:11 PDT 2021,159,275,-1
1626493156104,Fri Jul 16 20:39:16 PDT 2021,159,276,0
1626541231907,Sat Jul 17 10:00:31 PDT 2021,159,278,-1
1626546399752,Sat Jul 17 11:26:39 PDT 2021,159,280,0
1626552781540,Sat Jul 17 13:13:01 PDT 2021,159,281,-1
1626553408558,Sat Jul 17 13:23:28 PDT 2021,159,282,-1
1626568328368,Sat Jul 17 17:32:08 PDT 2021,159,284,1
1626584783512,Sat Jul 17 22:06:23 PDT 2021,159,286,1
1626713376094,Mon Jul 19 09:49:36 PDT 2021,159,288,-1
1626720918752,Mon Jul 19 11:55:18 PDT 2021,159,291,0
1626738103947,Mon Jul 19 16:41:43 PDT 2021,159,294,0
1626752647419,Mon Jul 19 20:44:07 PDT 2021,159,295,0
1626792450897,Tue Jul 20 07:47:30 PDT 2021,159,296,-1
1626799367146,Tue Jul 20 09:42:47 PDT 2021,159,298,-1
1626909962264,Wed Jul 21 16:26:02 PDT 2021,159,299,-1
1626965474606,Thu Jul 22 07:51:14 PDT 2021,159,300,-1
1626919316189,Wed Jul 21 19:01:56 PDT 2021,159,301,-1
1627001603109,Thu Jul 22 17:53:23 PDT 2021,159,302,-1
1627002504979,Thu Jul 22 18:08:24 PDT 2021,159,303,-1
1627009140725,Thu Jul 22 19:59:00 PDT 2021,159,305,1
1627084511980,Fri Jul 23 16:55:11 PDT 2021,159,309,-1
1627085405463,Fri Jul 23 17:10:05 PDT 2021,159,310,-1
1627087179798,Fri Jul 23 17:39:39 PDT 2021,159,311,-1
1627088437359,Fri Jul 23 18:00:37 PDT 2021,159,312,-1
1627100192425,Fri Jul 23 21:16:32 PDT 2021,159,313,-1
1627101051353,Fri Jul 23 21:30:51 PDT 2021,159,314,-1
1627102066462,Fri Jul 23 21:47:46 PDT 2021,159,315,-1
1627163416451,Sat Jul 24 14:50:16 PDT 2021,159,317,1
1627187993454,Sat Jul 24 21:39:53 PDT 2021,159,318,1
1627192267097,Sat Jul 24 22:51:07 PDT 2021,159,319,1
1627407838816,Tue Jul 27 10:43:58 PDT 2021,159,322,1
1627415070110,Tue Jul 27 12:44:30 PDT 2021,159,325,0
1627698497169,Fri Jul 30 19:28:17 PDT 2021,159,326,-1
1627505354417,Wed Jul 28 13:49:14 PDT 2021,159,337,1
1627505822388,Wed Jul 28 13:57:02 PDT 2021,159,339,1
1627509275520,Wed Jul 28 14:54:35 PDT 2021,159,343,-1
1627515265063,Wed Jul 28 16:34:25 PDT 2021,159,348,-1
1627523574497,Wed Jul 28 18:52:54 PDT 2021,159,353,-1
1627522462757,Wed Jul 28 18:34:22 PDT 2021,159,356,-1
1627529964546,Wed Jul 28 20:39:24 PDT 2021,159,357,-1
1627531841894,Wed Jul 28 21:10:41 PDT 2021,159,358,-1
1627573607783,Thu Jul 29 08:46:47 PDT 2021,159,366,1
1627586952903,Thu Jul 29 12:29:12 PDT 2021,159,373,0
1627609924336,Thu Jul 29 18:52:04 PDT 2021,159,376,1
1627656581633,Fri Jul 30 07:49:41 PDT 2021,159,380,-1
1627663601502,Fri Jul 30 09:46:41 PDT 2021,159,382,1
1627664905010,Fri Jul 30 10:08:25 PDT 2021,159,383,0
1627668079926,Fri Jul 30 11:01:19 PDT 2021,159,384,0
1627676114227,Fri Jul 30 13:15:14 PDT 2021,159,386,0
1627681057596,Fri Jul 30 14:37:37 PDT 2021,159,388,0
1627682966401,Fri Jul 30 15:09:26 PDT 2021,159,389,-1
1627686253093,Fri Jul 30 16:04:13 PDT 2021,159,394,1
1627703843328,Fri Jul 30 20:57:23 PDT 2021,159,396,0
1627770833430,Sat Jul 31 15:33:53 PDT 2021,159,401,1
1627772301064,Sat Jul 31 15:58:21 PDT 2021,159,402,1
1627776621298,Sat Jul 31 17:10:21 PDT 2021,159,403,0
1627838241218,Sun Aug 01 10:17:21 PDT 2021,159,404,1
1625190739170,Thu Jul 01 18:52:19 PDT 2021,160,101,1
1625202864136,Thu Jul 01 22:14:24 PDT 2021,161,0,1
1625951692739,Sat Jul 10 14:14:52 PDT 2021,161,50,0
1625257369249,Fri Jul 02 13:22:49 PDT 2021,161,64,1
1625410549639,Sun Jul 04 07:55:49 PDT 2021,161,66,-1
1626145423479,Mon Jul 12 20:03:43 PDT 2021,161,98,1
1625260053532,Fri Jul 02 14:07:33 PDT 2021,161,100,-1
1625201376190,Thu Jul 01 21:49:36 PDT 2021,161,102,1
1625237954159,Fri Jul 02 07:59:14 PDT 2021,161,103,0
1625241253392,Fri Jul 02 08:54:13 PDT 2021,161,104,0
1625242211935,Fri Jul 02 09:10:11 PDT 2021,161,106,0
1625245633392,Fri Jul 02 10:07:13 PDT 2021,161,107,-1
1625251484042,Fri Jul 02 11:44:44 PDT 2021,161,108,0
1625266083123,Fri Jul 02 15:48:03 PDT 2021,161,111,-1
1625275450348,Fri Jul 02 18:24:10 PDT 2021,161,112,-1
1625295503603,Fri Jul 02 23:58:23 PDT 2021,161,115,0
1625329687977,Sat Jul 03 09:28:07 PDT 2021,161,118,1
1625333236928,Sat Jul 03 10:27:16 PDT 2021,161,119,-1
1625361943692,Sat Jul 03 18:25:43 PDT 2021,161,120,0
1625364485514,Sat Jul 03 19:08:05 PDT 2021,161,121,1
1625365393304,Sat Jul 03 19:23:13 PDT 2021,161,122,1
1625366030199,Sat Jul 03 19:33:50 PDT 2021,161,123,-1
1625375460147,Sat Jul 03 22:11:00 PDT 2021,161,124,-1
1625414529840,Sun Jul 04 09:02:09 PDT 2021,161,127,0
1625424290038,Sun Jul 04 11:44:50 PDT 2021,161,131,0
1625429244559,Sun Jul 04 13:07:24 PDT 2021,161,132,-1
1625436446153,Sun Jul 04 15:07:26 PDT 2021,161,135,-1
1625436480517,Sun Jul 04 15:08:00 PDT 2021,161,136,0
1625437349726,Sun Jul 04 15:22:29 PDT 2021,161,137,0
1625452345624,Sun Jul 04 19:32:25 PDT 2021,161,141,0
1625463358817,Sun Jul 04 22:35:58 PDT 2021,161,145,0
1625496759911,Mon Jul 05 07:52:39 PDT 2021,161,147,0
1625594124251,Tue Jul 06 10:55:24 PDT 2021,161,151,-1
1625602651545,Tue Jul 06 13:17:31 PDT 2021,161,152,-1
1625613967617,Tue Jul 06 16:26:07 PDT 2021,161,153,-1
1625611831662,Tue Jul 06 15:50:31 PDT 2021,161,155,-1
1625627552050,Tue Jul 06 20:12:32 PDT 2021,161,156,-1
1625636063919,Tue Jul 06 22:34:23 PDT 2021,161,157,1
1625673266640,Wed Jul 07 08:54:26 PDT 2021,161,160,0
1625674897267,Wed Jul 07 09:21:37 PDT 2021,161,161,0
1625675480109,Wed Jul 07 09:31:20 PDT 2021,161,162,-1
1625676771636,Wed Jul 07 09:52:51 PDT 2021,161,163,0
1625678519407,Wed Jul 07 10:21:59 PDT 2021,161,166,0
1625694010990,Wed Jul 07 14:40:10 PDT 2021,161,173,-1
1625694349709,Wed Jul 07 14:45:49 PDT 2021,161,174,-1
1625696878351,Wed Jul 07 15:27:58 PDT 2021,161,181,-1
1625698843954,Wed Jul 07 16:00:43 PDT 2021,161,183,0
1625700238964,Wed Jul 07 16:23:58 PDT 2021,161,186,0
1625701106995,Wed Jul 07 16:38:26 PDT 2021,161,187,0
1625700985563,Wed Jul 07 16:36:25 PDT 2021,161,188,0
1625702766631,Wed Jul 07 17:06:06 PDT 2021,161,189,1
1625710518233,Wed Jul 07 19:15:18 PDT 2021,161,191,1
1625711224496,Wed Jul 07 19:27:04 PDT 2021,161,194,0
1625722765339,Wed Jul 07 22:39:25 PDT 2021,161,196,1
1625772882362,Thu Jul 08 12:34:42 PDT 2021,161,198,0
1625759176913,Thu Jul 08 08:46:16 PDT 2021,161,199,-1
1625763060190,Thu Jul 08 09:51:00 PDT 2021,161,201,1
1625763928202,Thu Jul 08 10:05:28 PDT 2021,161,203,0
1625770767962,Thu Jul 08 11:59:27 PDT 2021,161,205,1
1625782434408,Thu Jul 08 15:13:54 PDT 2021,161,207,-1
1625784254913,Thu Jul 08 15:44:14 PDT 2021,161,208,0
1625786833424,Thu Jul 08 16:27:13 PDT 2021,161,209,-1
1625789933452,Thu Jul 08 17:18:53 PDT 2021,161,210,-1
1625844410602,Fri Jul 09 08:26:50 PDT 2021,161,215,-1
1625855436409,Fri Jul 09 11:30:36 PDT 2021,161,217,0
1625864985155,Fri Jul 09 14:09:45 PDT 2021,161,218,-1
1625868158966,Fri Jul 09 15:02:38 PDT 2021,161,219,-1
1625921538178,Sat Jul 10 05:52:18 PDT 2021,161,223,0
1625922624779,Sat Jul 10 06:10:24 PDT 2021,161,224,-1
1625929674128,Sat Jul 10 08:07:54 PDT 2021,161,226,0
1625961739728,Sat Jul 10 17:02:19 PDT 2021,161,231,0
1625965904023,Sat Jul 10 18:11:44 PDT 2021,161,232,0
1625971832465,Sat Jul 10 19:50:32 PDT 2021,161,233,0
1625982713611,Sat Jul 10 22:51:53 PDT 2021,161,234,1
1626012515771,Sun Jul 11 07:08:35 PDT 2021,161,236,0
1626015235416,Sun Jul 11 07:53:55 PDT 2021,161,237,-1
1626015948222,Sun Jul 11 08:05:48 PDT 2021,161,238,-1
1626019025001,Sun Jul 11 08:57:05 PDT 2021,161,239,1
1626027605536,Sun Jul 11 11:20:05 PDT 2021,161,240,-1
1626032028941,Sun Jul 11 12:33:48 PDT 2021,161,241,1
1626034050224,Sun Jul 11 13:07:30 PDT 2021,161,243,0
1626063854834,Sun Jul 11 21:24:14 PDT 2021,161,248,-1
1626097402376,Mon Jul 12 06:43:22 PDT 2021,161,250,0
1626160272189,Tue Jul 13 00:11:12 PDT 2021,161,255,0
1626184676542,Tue Jul 13 06:57:56 PDT 2021,161,256,0
1626214501776,Tue Jul 13 15:15:01 PDT 2021,161,260,-1
1626215494379,Tue Jul 13 15:31:34 PDT 2021,161,261,1
1626298435761,Wed Jul 14 14:33:55 PDT 2021,161,265,-1
1626383614598,Thu Jul 15 14:13:34 PDT 2021,161,267,0
1626386042639,Thu Jul 15 14:54:02 PDT 2021,161,271,0
1626456248718,Fri Jul 16 10:24:08 PDT 2021,161,274,-1
1626472119957,Fri Jul 16 14:48:39 PDT 2021,161,275,-1
1626492766447,Fri Jul 16 20:32:46 PDT 2021,161,276,0
1626540446728,Sat Jul 17 09:47:26 PDT 2021,161,278,-1
1626546361048,Sat Jul 17 11:26:01 PDT 2021,161,280,1
1626552593413,Sat Jul 17 13:09:53 PDT 2021,161,281,-1
1626554155350,Sat Jul 17 13:35:55 PDT 2021,161,282,-1
1626571146986,Sat Jul 17 18:19:06 PDT 2021,161,284,1
1626584572608,Sat Jul 17 22:02:52 PDT 2021,161,286,1
1626713418438,Mon Jul 19 09:50:18 PDT 2021,161,288,0
1626716443739,Mon Jul 19 10:40:43 PDT 2021,161,290,1
1626720943141,Mon Jul 19 11:55:43 PDT 2021,161,291,0
1626738073485,Mon Jul 19 16:41:13 PDT 2021,161,294,-1
1626752636157,Mon Jul 19 20:43:56 PDT 2021,161,295,-1
1626792675169,Tue Jul 20 07:51:15 PDT 2021,161,296,0
1626799308264,Tue Jul 20 09:41:48 PDT 2021,161,298,-1
1626909529481,Wed Jul 21 16:18:49 PDT 2021,161,299,0
1626965405165,Thu Jul 22 07:50:05 PDT 2021,161,300,0
1627001587097,Thu Jul 22 17:53:07 PDT 2021,161,302,-1
1627002705869,Thu Jul 22 18:11:45 PDT 2021,161,303,-1
1627008543664,Thu Jul 22 19:49:03 PDT 2021,161,305,-1
1627084550666,Fri Jul 23 16:55:50 PDT 2021,161,309,0
1627085623642,Fri Jul 23 17:13:43 PDT 2021,161,310,1
1627087234167,Fri Jul 23 17:40:34 PDT 2021,161,311,1
1627087970523,Fri Jul 23 17:52:50 PDT 2021,161,312,1
1627100296745,Fri Jul 23 21:18:16 PDT 2021,161,313,1
1627101089639,Fri Jul 23 21:31:29 PDT 2021,161,314,1
1627101891582,Fri Jul 23 21:44:51 PDT 2021,161,315,1
1627163204166,Sat Jul 24 14:46:44 PDT 2021,161,317,0
1627187980178,Sat Jul 24 21:39:40 PDT 2021,161,318,1
1627192083750,Sat Jul 24 22:48:03 PDT 2021,161,319,1
1627407577178,Tue Jul 27 10:39:37 PDT 2021,161,322,1
1627698642846,Fri Jul 30 19:30:42 PDT 2021,161,326,0
1627439372522,Tue Jul 27 19:29:32 PDT 2021,161,327,0
1627504862921,Wed Jul 28 13:41:02 PDT 2021,161,337,1
1627505983340,Wed Jul 28 13:59:43 PDT 2021,161,339,1
1627506644459,Wed Jul 28 14:10:44 PDT 2021,161,341,1
1627508631525,Wed Jul 28 14:43:51 PDT 2021,161,343,1
1627509962843,Wed Jul 28 15:06:02 PDT 2021,161,346,1
1627515313112,Wed Jul 28 16:35:13 PDT 2021,161,348,-1
1627523913244,Wed Jul 28 18:58:33 PDT 2021,161,353,-1
1627521774328,Wed Jul 28 18:22:54 PDT 2021,161,356,0
1627530139970,Wed Jul 28 20:42:19 PDT 2021,161,357,1
1627535769816,Wed Jul 28 22:16:09 PDT 2021,161,361,0
1627544021869,Thu Jul 29 00:33:41 PDT 2021,161,364,-1
1627573969819,Thu Jul 29 08:52:49 PDT 2021,161,366,1
1627578335486,Thu Jul 29 10:05:35 PDT 2021,161,368,-1
1627583301710,Thu Jul 29 11:28:21 PDT 2021,161,369,1
1627586959873,Thu Jul 29 12:29:19 PDT 2021,161,373,0
1627609725635,Thu Jul 29 18:48:45 PDT 2021,161,376,0
1627656419619,Fri Jul 30 07:46:59 PDT 2021,161,380,-1
1627656273997,Fri Jul 30 07:44:33 PDT 2021,161,381,0
1627664157883,Fri Jul 30 09:55:57 PDT 2021,161,382,1
1627667570826,Fri Jul 30 10:52:50 PDT 2021,161,384,0
1627676574135,Fri Jul 30 13:22:54 PDT 2021,161,386,-1
1627681765384,Fri Jul 30 14:49:25 PDT 2021,161,388,0
1627682115098,Fri Jul 30 14:55:15 PDT 2021,161,389,-1
1627684662476,Fri Jul 30 15:37:42 PDT 2021,161,392,1
1627702977259,Fri Jul 30 20:42:57 PDT 2021,161,396,0
1627770557583,Sat Jul 31 15:29:17 PDT 2021,161,401,0
1627772103674,Sat Jul 31 15:55:03 PDT 2021,161,402,1
1627776855630,Sat Jul 31 17:14:15 PDT 2021,161,403,-1
1627837574919,Sun Aug 01 10:06:14 PDT 2021,161,404,1
1625242166137,Fri Jul 02 09:09:26 PDT 2021,162,104,1
1625252469277,Fri Jul 02 12:01:09 PDT 2021,163,0,0
1625951158379,Sat Jul 10 14:05:58 PDT 2021,163,50,1
1625257291132,Fri Jul 02 13:21:31 PDT 2021,163,64,1
1625410025833,Sun Jul 04 07:47:05 PDT 2021,163,66,1
1626144952039,Mon Jul 12 19:55:52 PDT 2021,163,98,1
1625260031504,Fri Jul 02 14:07:11 PDT 2021,163,100,1
1625242332584,Fri Jul 02 09:12:12 PDT 2021,163,104,1
1625245430447,Fri Jul 02 10:03:50 PDT 2021,163,107,1
1625251355106,Fri Jul 02 11:42:35 PDT 2021,163,108,0
1625266094815,Fri Jul 02 15:48:14 PDT 2021,163,111,1
1625274413877,Fri Jul 02 18:06:53 PDT 2021,163,112,1
1625281763471,Fri Jul 02 20:09:23 PDT 2021,163,113,0
1625295674801,Sat Jul 03 00:01:14 PDT 2021,163,115,0
1625329480298,Sat Jul 03 09:24:40 PDT 2021,163,118,1
1625333624382,Sat Jul 03 10:33:44 PDT 2021,163,119,1
1625361809218,Sat Jul 03 18:23:29 PDT 2021,163,120,1
1625364812610,Sat Jul 03 19:13:32 PDT 2021,163,121,-1
1625365260352,Sat Jul 03 19:21:00 PDT 2021,163,122,1
1625365794180,Sat Jul 03 19:29:54 PDT 2021,163,123,1
1625375625672,Sat Jul 03 22:13:45 PDT 2021,163,124,-1
1625410287740,Sun Jul 04 07:51:27 PDT 2021,163,126,1
1625414566359,Sun Jul 04 09:02:46 PDT 2021,163,127,1
1625424346541,Sun Jul 04 11:45:46 PDT 2021,163,131,1
1625428778113,Sun Jul 04 12:59:38 PDT 2021,163,132,-1
1625435505480,Sun Jul 04 14:51:45 PDT 2021,163,135,1
1625436497049,Sun Jul 04 15:08:17 PDT 2021,163,136,1
1625437059379,Sun Jul 04 15:17:39 PDT 2021,163,137,1
1625452277148,Sun Jul 04 19:31:17 PDT 2021,163,141,1
1625461424937,Sun Jul 04 22:03:44 PDT 2021,163,144,1
1625462695092,Sun Jul 04 22:24:55 PDT 2021,163,145,1
1625496290195,Mon Jul 05 07:44:50 PDT 2021,163,147,0
1625528674824,Mon Jul 05 16:44:34 PDT 2021,163,148,1
1625594062941,Tue Jul 06 10:54:22 PDT 2021,163,151,1
1625602790914,Tue Jul 06 13:19:50 PDT 2021,163,152,1
1625613504219,Tue Jul 06 16:18:24 PDT 2021,163,153,1
1625611689574,Tue Jul 06 15:48:09 PDT 2021,163,155,1
1625627515811,Tue Jul 06 20:11:55 PDT 2021,163,156,1
1625635720869,Tue Jul 06 22:28:40 PDT 2021,163,157,1
1625672814612,Wed Jul 07 08:46:54 PDT 2021,163,160,0
1625674510352,Wed Jul 07 09:15:10 PDT 2021,163,161,0
1625675356775,Wed Jul 07 09:29:16 PDT 2021,163,162,1
1625676604114,Wed Jul 07 09:50:04 PDT 2021,163,163,1
1625678646559,Wed Jul 07 10:24:06 PDT 2021,163,166,1
1625677752868,Wed Jul 07 10:09:12 PDT 2021,163,168,1
1625693834446,Wed Jul 07 14:37:14 PDT 2021,163,173,1
1625694169635,Wed Jul 07 14:42:49 PDT 2021,163,174,1
1625696433414,Wed Jul 07 15:20:33 PDT 2021,163,180,1
1625696355513,Wed Jul 07 15:19:15 PDT 2021,163,181,-1
1625697169157,Wed Jul 07 15:32:49 PDT 2021,163,182,-1
1625698551000,Wed Jul 07 15:55:51 PDT 2021,163,183,0
1625700020674,Wed Jul 07 16:20:20 PDT 2021,163,186,-1
1625700363954,Wed Jul 07 16:26:03 PDT 2021,163,187,0
1625700850423,Wed Jul 07 16:34:10 PDT 2021,163,188,-1
1625702675629,Wed Jul 07 17:04:35 PDT 2021,163,189,-1
1625707142198,Wed Jul 07 18:19:02 PDT 2021,163,191,1
1625710220707,Wed Jul 07 19:10:20 PDT 2021,163,193,1
1625710425778,Wed Jul 07 19:13:45 PDT 2021,163,194,1
1625722964275,Wed Jul 07 22:42:44 PDT 2021,163,196,1
1625753099314,Thu Jul 08 07:04:59 PDT 2021,163,197,1
1625756068866,Thu Jul 08 07:54:28 PDT 2021,163,198,1
1625759167067,Thu Jul 08 08:46:07 PDT 2021,163,199,1
1625760326148,Thu Jul 08 09:05:26 PDT 2021,163,200,0
1625762966718,Thu Jul 08 09:49:26 PDT 2021,163,201,1
1625763437107,Thu Jul 08 09:57:17 PDT 2021,163,203,1
1625770643480,Thu Jul 08 11:57:23 PDT 2021,163,205,1
1625772329757,Thu Jul 08 12:25:29 PDT 2021,163,206,1
1625782143157,Thu Jul 08 15:09:03 PDT 2021,163,207,1
1625784216872,Thu Jul 08 15:43:36 PDT 2021,163,208,1
1625786846130,Thu Jul 08 16:27:26 PDT 2021,163,209,1
1625789759360,Thu Jul 08 17:15:59 PDT 2021,163,210,0
1625796235423,Thu Jul 08 19:03:55 PDT 2021,163,212,1
1625801588221,Thu Jul 08 20:33:08 PDT 2021,163,213,1
1625844475286,Fri Jul 09 08:27:55 PDT 2021,163,215,1
1625855333488,Fri Jul 09 11:28:53 PDT 2021,163,217,1
1625864327650,Fri Jul 09 13:58:47 PDT 2021,163,218,0
1625867997504,Fri Jul 09 14:59:57 PDT 2021,163,219,0
1625921516425,Sat Jul 10 05:51:56 PDT 2021,163,223,1
1625922348573,Sat Jul 10 06:05:48 PDT 2021,163,224,0
1625926599824,Sat Jul 10 07:16:39 PDT 2021,163,225,1
1625929194048,Sat Jul 10 07:59:54 PDT 2021,163,226,1
1625937705422,Sat Jul 10 10:21:45 PDT 2021,163,227,1
1625939625502,Sat Jul 10 10:53:45 PDT 2021,163,228,1
1625961721785,Sat Jul 10 17:02:01 PDT 2021,163,231,1
1625964930798,Sat Jul 10 17:55:30 PDT 2021,163,232,0
1625971670700,Sat Jul 10 19:47:50 PDT 2021,163,233,0
1625982601816,Sat Jul 10 22:50:01 PDT 2021,163,234,1
1626012102220,Sun Jul 11 07:01:42 PDT 2021,163,236,-1
1626015289133,Sun Jul 11 07:54:49 PDT 2021,163,237,1
1626015907046,Sun Jul 11 08:05:07 PDT 2021,163,238,1
1626016534160,Sun Jul 11 08:15:34 PDT 2021,163,239,-1
1626027520040,Sun Jul 11 11:18:40 PDT 2021,163,240,1
1626031456448,Sun Jul 11 12:24:16 PDT 2021,163,241,1
1626033371290,Sun Jul 11 12:56:11 PDT 2021,163,243,0
1626055754572,Sun Jul 11 19:09:14 PDT 2021,163,247,1
1626063137399,Sun Jul 11 21:12:17 PDT 2021,163,248,1
1626097631472,Mon Jul 12 06:47:11 PDT 2021,163,250,1
1626100709872,Mon Jul 12 07:38:29 PDT 2021,163,251,1
1626103856121,Mon Jul 12 08:30:56 PDT 2021,163,252,-1
1626160468363,Tue Jul 13 00:14:28 PDT 2021,163,255,0
1626184296552,Tue Jul 13 06:51:36 PDT 2021,163,256,0
1626198001690,Tue Jul 13 10:40:01 PDT 2021,163,257,1
1626641272819,Sun Jul 18 13:47:52 PDT 2021,163,258,1
1626228136723,Tue Jul 13 19:02:16 PDT 2021,163,259,1
1626214253045,Tue Jul 13 15:10:53 PDT 2021,163,260,0
1626215454068,Tue Jul 13 15:30:54 PDT 2021,163,261,1
1626220980508,Tue Jul 13 17:03:00 PDT 2021,163,263,1
1626235410422,Tue Jul 13 21:03:30 PDT 2021,163,265,1
1626383999814,Thu Jul 15 14:19:59 PDT 2021,163,267,0
1626386251290,Thu Jul 15 14:57:31 PDT 2021,163,271,1
1626455550006,Fri Jul 16 10:12:30 PDT 2021,163,274,1
1626471982912,Fri Jul 16 14:46:22 PDT 2021,163,275,1
1626492975505,Fri Jul 16 20:36:15 PDT 2021,163,276,0
1626540969265,Sat Jul 17 09:56:09 PDT 2021,163,278,1
1626540464249,Sat Jul 17 09:47:44 PDT 2021,163,279,1
1626545736554,Sat Jul 17 11:15:36 PDT 2021,163,280,1
1626552624913,Sat Jul 17 13:10:24 PDT 2021,163,281,1
1626553646845,Sat Jul 17 13:27:26 PDT 2021,163,282,-1
1626568389467,Sat Jul 17 17:33:09 PDT 2021,163,284,1
1626584463938,Sat Jul 17 22:01:03 PDT 2021,163,286,-1
1626713237447,Mon Jul 19 09:47:17 PDT 2021,163,288,1
1626720579243,Mon Jul 19 11:49:39 PDT 2021,163,291,1
1626733958134,Mon Jul 19 15:32:38 PDT 2021,163,292,0
1626737571618,Mon Jul 19 16:32:51 PDT 2021,163,294,0
1626751912458,Mon Jul 19 20:31:52 PDT 2021,163,295,1
1626792382945,Tue Jul 20 07:46:22 PDT 2021,163,296,1
1626798992806,Tue Jul 20 09:36:32 PDT 2021,163,298,1
1626909374044,Wed Jul 21 16:16:14 PDT 2021,163,299,1
1626965408722,Thu Jul 22 07:50:08 PDT 2021,163,300,1
1627001458890,Thu Jul 22 17:50:58 PDT 2021,163,302,0
1627002609472,Thu Jul 22 18:10:09 PDT 2021,163,303,-1
1627008742012,Thu Jul 22 19:52:22 PDT 2021,163,305,1
1627084069185,Fri Jul 23 16:47:49 PDT 2021,163,309,-1
1627085206128,Fri Jul 23 17:06:46 PDT 2021,163,310,-1
1627086951530,Fri Jul 23 17:35:51 PDT 2021,163,311,-1
1627088320533,Fri Jul 23 17:58:40 PDT 2021,163,312,-1
1627099646320,Fri Jul 23 21:07:26 PDT 2021,163,313,-1
1627100642203,Fri Jul 23 21:24:02 PDT 2021,163,314,-1
1627101767127,Fri Jul 23 21:42:47 PDT 2021,163,315,-1
1627163257494,Sat Jul 24 14:47:37 PDT 2021,163,317,1
1627187086364,Sat Jul 24 21:24:46 PDT 2021,163,318,1
1627191493505,Sat Jul 24 22:38:13 PDT 2021,163,319,1
1627407390720,Tue Jul 27 10:36:30 PDT 2021,163,322,1
1627414957272,Tue Jul 27 12:42:37 PDT 2021,163,325,1
1627698557826,Fri Jul 30 19:29:17 PDT 2021,163,326,1
1627439469917,Tue Jul 27 19:31:09 PDT 2021,163,327,1
1627451169614,Tue Jul 27 22:46:09 PDT 2021,163,328,1
1627502662978,Wed Jul 28 13:04:22 PDT 2021,163,332,1
1627505211021,Wed Jul 28 13:46:51 PDT 2021,163,337,-1
1627505797230,Wed Jul 28 13:56:37 PDT 2021,163,339,1
1627506729260,Wed Jul 28 14:12:09 PDT 2021,163,341,1
1627509123698,Wed Jul 28 14:52:03 PDT 2021,163,343,-1
1627515242212,Wed Jul 28 16:34:02 PDT 2021,163,348,1
1627522803529,Wed Jul 28 18:40:03 PDT 2021,163,353,1
1627521800271,Wed Jul 28 18:23:20 PDT 2021,163,356,-1
1627529266016,Wed Jul 28 20:27:46 PDT 2021,163,357,1
1627531516363,Wed Jul 28 21:05:16 PDT 2021,163,358,1
1627532693625,Wed Jul 28 21:24:53 PDT 2021,163,359,1
1627535810407,Wed Jul 28 22:16:50 PDT 2021,163,361,1
1627544240221,Thu Jul 29 00:37:20 PDT 2021,163,364,1
1627573611819,Thu Jul 29 08:46:51 PDT 2021,163,366,1
1627578967104,Thu Jul 29 10:16:07 PDT 2021,163,368,0
1627582755771,Thu Jul 29 11:19:15 PDT 2021,163,369,0
1627586654406,Thu Jul 29 12:24:14 PDT 2021,163,373,1
1627608461812,Thu Jul 29 18:27:41 PDT 2021,163,376,1
1627613512252,Thu Jul 29 19:51:52 PDT 2021,163,378,1
1627617959317,Thu Jul 29 21:05:59 PDT 2021,163,379,1
1627655147937,Fri Jul 30 07:25:47 PDT 2021,163,380,1
1627663632675,Fri Jul 30 09:47:12 PDT 2021,163,382,1
1627666441258,Fri Jul 30 10:34:01 PDT 2021,163,384,1
1627675860661,Fri Jul 30 13:11:00 PDT 2021,163,386,1
1627680970431,Fri Jul 30 14:36:10 PDT 2021,163,388,1
1627682513094,Fri Jul 30 15:01:53 PDT 2021,163,389,1
1627684356843,Fri Jul 30 15:32:36 PDT 2021,163,391,-1
1627686365275,Fri Jul 30 16:06:05 PDT 2021,163,394,-1
1627690303997,Fri Jul 30 17:11:43 PDT 2021,163,395,1
1627702479962,Fri Jul 30 20:34:39 PDT 2021,163,396,0
1627770630100,Sat Jul 31 15:30:30 PDT 2021,163,401,1
1627771942670,Sat Jul 31 15:52:22 PDT 2021,163,402,1
1627776185588,Sat Jul 31 17:03:05 PDT 2021,163,403,1
1627837918640,Sun Aug 01 10:11:58 PDT 2021,163,404,1
1625252429768,Fri Jul 02 12:00:29 PDT 2021,164,0,0
1625951075867,Sat Jul 10 14:04:35 PDT 2021,164,50,1
1625257309595,Fri Jul 02 13:21:49 PDT 2021,164,64,1
1625410121900,Sun Jul 04 07:48:41 PDT 2021,164,66,1
1626145033332,Mon Jul 12 19:57:13 PDT 2021,164,98,1
1625260003101,Fri Jul 02 14:06:43 PDT 2021,164,100,1
1625242606030,Fri Jul 02 09:16:46 PDT 2021,164,104,1
1625245306429,Fri Jul 02 10:01:46 PDT 2021,164,107,1
1625251460620,Fri Jul 02 11:44:20 PDT 2021,164,108,0
1625266157691,Fri Jul 02 15:49:17 PDT 2021,164,111,1
1625274074634,Fri Jul 02 18:01:14 PDT 2021,164,112,1
1625281797916,Fri Jul 02 20:09:57 PDT 2021,164,113,0
1625295607735,Sat Jul 03 00:00:07 PDT 2021,164,115,1
1625329426736,Sat Jul 03 09:23:46 PDT 2021,164,118,0
1625333385177,Sat Jul 03 10:29:45 PDT 2021,164,119,1
1625361995104,Sat Jul 03 18:26:35 PDT 2021,164,120,0
1625364939553,Sat Jul 03 19:15:39 PDT 2021,164,121,-1
1625365344124,Sat Jul 03 19:22:24 PDT 2021,164,122,1
1625365785136,Sat Jul 03 19:29:45 PDT 2021,164,123,1
1625375384710,Sat Jul 03 22:09:44 PDT 2021,164,124,-1
1625413931040,Sun Jul 04 08:52:11 PDT 2021,164,127,1
1625424364533,Sun Jul 04 11:46:04 PDT 2021,164,131,1
1625429091826,Sun Jul 04 13:04:51 PDT 2021,164,132,-1
1625435345072,Sun Jul 04 14:49:05 PDT 2021,164,135,1
1625436428975,Sun Jul 04 15:07:08 PDT 2021,164,136,1
1625437224109,Sun Jul 04 15:20:24 PDT 2021,164,137,1
1625451853105,Sun Jul 04 19:24:13 PDT 2021,164,141,1
1625454685093,Sun Jul 04 20:11:25 PDT 2021,164,142,1
1625462547425,Sun Jul 04 22:22:27 PDT 2021,164,145,1
1625496394077,Mon Jul 05 07:46:34 PDT 2021,164,147,1
1625593679301,Tue Jul 06 10:47:59 PDT 2021,164,151,1
1625597534336,Tue Jul 06 11:52:14 PDT 2021,164,152,1
1625598066578,Tue Jul 06 12:01:06 PDT 2021,164,153,1
1625611495009,Tue Jul 06 15:44:55 PDT 2021,164,155,1
1625627682362,Tue Jul 06 20:14:42 PDT 2021,164,156,1
1625635653598,Tue Jul 06 22:27:33 PDT 2021,164,157,1
1625672885455,Wed Jul 07 08:48:05 PDT 2021,164,160,-1
1625674561220,Wed Jul 07 09:16:01 PDT 2021,164,161,1
1625674876685,Wed Jul 07 09:21:16 PDT 2021,164,162,1
1625676478722,Wed Jul 07 09:47:58 PDT 2021,164,163,1
1625678554849,Wed Jul 07 10:22:34 PDT 2021,164,166,1
1625686305680,Wed Jul 07 12:31:45 PDT 2021,164,170,1
1625693855126,Wed Jul 07 14:37:35 PDT 2021,164,173,1
1625694022255,Wed Jul 07 14:40:22 PDT 2021,164,174,1
1625696248264,Wed Jul 07 15:17:28 PDT 2021,164,180,1
1625696363319,Wed Jul 07 15:19:23 PDT 2021,164,181,-1
1625698567983,Wed Jul 07 15:56:07 PDT 2021,164,183,0
1625700117288,Wed Jul 07 16:21:57 PDT 2021,164,186,0
1625700809502,Wed Jul 07 16:33:29 PDT 2021,164,187,1
1625700397152,Wed Jul 07 16:26:37 PDT 2021,164,188,1
1625703124353,Wed Jul 07 17:12:04 PDT 2021,164,189,1
1625710478273,Wed Jul 07 19:14:38 PDT 2021,164,191,1
1625710264854,Wed Jul 07 19:11:04 PDT 2021,164,193,1
1625710970394,Wed Jul 07 19:22:50 PDT 2021,164,194,1
1625723187543,Wed Jul 07 22:46:27 PDT 2021,164,196,1
1625752904230,Thu Jul 08 07:01:44 PDT 2021,164,197,1
1625755905040,Thu Jul 08 07:51:45 PDT 2021,164,198,1
1625759112666,Thu Jul 08 08:45:12 PDT 2021,164,199,1
1625762685622,Thu Jul 08 09:44:45 PDT 2021,164,201,-1
1625763304191,Thu Jul 08 09:55:04 PDT 2021,164,203,1
1625770286077,Thu Jul 08 11:51:26 PDT 2021,164,205,-1
1625781569935,Thu Jul 08 14:59:29 PDT 2021,164,207,1
1625783839870,Thu Jul 08 15:37:19 PDT 2021,164,208,1
1625786430603,Thu Jul 08 16:20:30 PDT 2021,164,209,1
1625788153771,Thu Jul 08 16:49:13 PDT 2021,164,210,0
1625801625148,Thu Jul 08 20:33:45 PDT 2021,164,213,1
1625845288866,Fri Jul 09 08:41:28 PDT 2021,164,215,1
1625855729660,Fri Jul 09 11:35:29 PDT 2021,164,217,1
1625864019118,Fri Jul 09 13:53:39 PDT 2021,164,218,0
1625868326526,Fri Jul 09 15:05:26 PDT 2021,164,219,1
1625921552607,Sat Jul 10 05:52:32 PDT 2021,164,223,0
1625922448228,Sat Jul 10 06:07:28 PDT 2021,164,224,0
1625926433558,Sat Jul 10 07:13:53 PDT 2021,164,225,1
1625929522318,Sat Jul 10 08:05:22 PDT 2021,164,226,1
1625937432052,Sat Jul 10 10:17:12 PDT 2021,164,227,1
1625939692853,Sat Jul 10 10:54:52 PDT 2021,164,228,1
1625961619501,Sat Jul 10 17:00:19 PDT 2021,164,231,1
1625964939627,Sat Jul 10 17:55:39 PDT 2021,164,232,1
1625971416981,Sat Jul 10 19:43:36 PDT 2021,164,233,0
1625982277103,Sat Jul 10 22:44:37 PDT 2021,164,234,1
1626012578510,Sun Jul 11 07:09:38 PDT 2021,164,236,-1
1626015120813,Sun Jul 11 07:52:00 PDT 2021,164,237,1
1626015507960,Sun Jul 11 07:58:27 PDT 2021,164,238,1
1626016582751,Sun Jul 11 08:16:22 PDT 2021,164,239,-1
1626027293182,Sun Jul 11 11:14:53 PDT 2021,164,240,1
1626031381146,Sun Jul 11 12:23:01 PDT 2021,164,241,1
1626033516339,Sun Jul 11 12:58:36 PDT 2021,164,243,0
1626050880677,Sun Jul 11 17:48:00 PDT 2021,164,246,1
1626055815210,Sun Jul 11 19:10:15 PDT 2021,164,247,1
1626063024839,Sun Jul 11 21:10:24 PDT 2021,164,248,1
1626097063598,Mon Jul 12 06:37:43 PDT 2021,164,249,1
1626097821282,Mon Jul 12 06:50:21 PDT 2021,164,250,1
1626100612614,Mon Jul 12 07:36:52 PDT 2021,164,251,1
1626103821184,Mon Jul 12 08:30:21 PDT 2021,164,252,0
1626160119321,Tue Jul 13 00:08:39 PDT 2021,164,255,0
1626184832466,Tue Jul 13 07:00:32 PDT 2021,164,256,0
1626198114839,Tue Jul 13 10:41:54 PDT 2021,164,257,1
1626641126527,Sun Jul 18 13:45:26 PDT 2021,164,258,1
1626214177466,Tue Jul 13 15:09:37 PDT 2021,164,260,1
1626215444005,Tue Jul 13 15:30:44 PDT 2021,164,261,-1
1626220562303,Tue Jul 13 16:56:02 PDT 2021,164,263,1
1626298199903,Wed Jul 14 14:29:59 PDT 2021,164,265,1
1626383665337,Thu Jul 15 14:14:25 PDT 2021,164,267,1
1626360641635,Thu Jul 15 07:50:41 PDT 2021,164,269,1
1626386128317,Thu Jul 15 14:55:28 PDT 2021,164,271,1
1626455699555,Fri Jul 16 10:14:59 PDT 2021,164,274,1
1626471824388,Fri Jul 16 14:43:44 PDT 2021,164,275,1
1626492532126,Fri Jul 16 20:28:52 PDT 2021,164,276,0
1626541050295,Sat Jul 17 09:57:30 PDT 2021,164,278,1
1626545467929,Sat Jul 17 11:11:07 PDT 2021,164,280,1
1626552404558,Sat Jul 17 13:06:44 PDT 2021,164,281,1
1626553244990,Sat Jul 17 13:20:44 PDT 2021,164,282,-1
1626568122100,Sat Jul 17 17:28:42 PDT 2021,164,284,1
1626584685308,Sat Jul 17 22:04:45 PDT 2021,164,286,-1
1626713098976,Mon Jul 19 09:44:58 PDT 2021,164,288,1
1626716308159,Mon Jul 19 10:38:28 PDT 2021,164,290,-1
1626719997858,Mon Jul 19 11:39:57 PDT 2021,164,291,0
1626733906715,Mon Jul 19 15:31:46 PDT 2021,164,292,0
1626737554423,Mon Jul 19 16:32:34 PDT 2021,164,294,1
1626752317950,Mon Jul 19 20:38:37 PDT 2021,164,295,1
1626792108330,Tue Jul 20 07:41:48 PDT 2021,164,296,1
1626798753755,Tue Jul 20 09:32:33 PDT 2021,164,298,1
1626909438541,Wed Jul 21 16:17:18 PDT 2021,164,299,1
1626965061292,Thu Jul 22 07:44:21 PDT 2021,164,300,0
1627001181413,Thu Jul 22 17:46:21 PDT 2021,164,302,1
1627002529829,Thu Jul 22 18:08:49 PDT 2021,164,303,-1
1627008485921,Thu Jul 22 19:48:05 PDT 2021,164,305,1
1627084105518,Fri Jul 23 16:48:25 PDT 2021,164,309,-1
1627085150048,Fri Jul 23 17:05:50 PDT 2021,164,310,-1
1627086494644,Fri Jul 23 17:28:14 PDT 2021,164,311,-1
1627088089787,Fri Jul 23 17:54:49 PDT 2021,164,312,-1
1627100175792,Fri Jul 23 21:16:15 PDT 2021,164,313,-1
1627100914852,Fri Jul 23 21:28:34 PDT 2021,164,314,-1
1627101610537,Fri Jul 23 21:40:10 PDT 2021,164,315,-1
1627163271169,Sat Jul 24 14:47:51 PDT 2021,164,317,1
1627187182902,Sat Jul 24 21:26:22 PDT 2021,164,318,1
1627191823556,Sat Jul 24 22:43:43 PDT 2021,164,319,1
1627407513288,Tue Jul 27 10:38:33 PDT 2021,164,322,1
1627414906053,Tue Jul 27 12:41:46 PDT 2021,164,325,-1
1627425777173,Tue Jul 27 15:42:57 PDT 2021,164,326,0
1627439298019,Tue Jul 27 19:28:18 PDT 2021,164,327,1
1627451150388,Tue Jul 27 22:45:50 PDT 2021,164,328,-1
1627451528694,Tue Jul 27 22:52:08 PDT 2021,164,329,-1
1627502582196,Wed Jul 28 13:03:02 PDT 2021,164,332,-1
1627504605398,Wed Jul 28 13:36:45 PDT 2021,164,336,0
1627504855279,Wed Jul 28 13:40:55 PDT 2021,164,337,-1
1627505458824,Wed Jul 28 13:50:58 PDT 2021,164,339,-1
1627506656256,Wed Jul 28 14:10:56 PDT 2021,164,341,1
1627506711059,Wed Jul 28 14:11:51 PDT 2021,164,342,1
1627508592294,Wed Jul 28 14:43:12 PDT 2021,164,343,-1
1627509409859,Wed Jul 28 14:56:49 PDT 2021,164,345,0
1627515280815,Wed Jul 28 16:34:40 PDT 2021,164,348,1
1627522622542,Wed Jul 28 18:37:02 PDT 2021,164,353,1
1627521912933,Wed Jul 28 18:25:12 PDT 2021,164,356,-1
1627529727451,Wed Jul 28 20:35:27 PDT 2021,164,357,-1
1627531845661,Wed Jul 28 21:10:45 PDT 2021,164,358,1
1627532612773,Wed Jul 28 21:23:32 PDT 2021,164,359,1
1627535397400,Wed Jul 28 22:09:57 PDT 2021,164,361,1
1627543257834,Thu Jul 29 00:20:57 PDT 2021,164,364,1
1627573728955,Thu Jul 29 08:48:48 PDT 2021,164,366,1
1627579053826,Thu Jul 29 10:17:33 PDT 2021,164,368,1
1627583231683,Thu Jul 29 11:27:11 PDT 2021,164,369,-1
1627587155972,Thu Jul 29 12:32:35 PDT 2021,164,373,1
1627608852055,Thu Jul 29 18:34:12 PDT 2021,164,376,1
1627612158694,Thu Jul 29 19:29:18 PDT 2021,164,377,1
1627613506714,Thu Jul 29 19:51:46 PDT 2021,164,378,1
1627655213838,Fri Jul 30 07:26:53 PDT 2021,164,380,1
1627656495728,Fri Jul 30 07:48:15 PDT 2021,164,381,0
1627663638380,Fri Jul 30 09:47:18 PDT 2021,164,382,1
1627667027941,Fri Jul 30 10:43:47 PDT 2021,164,384,1
1627675237776,Fri Jul 30 13:00:37 PDT 2021,164,386,1
1627680404475,Fri Jul 30 14:26:44 PDT 2021,164,388,1
1627681431019,Fri Jul 30 14:43:51 PDT 2021,164,389,1
1627684046524,Fri Jul 30 15:27:26 PDT 2021,164,391,-1
1627684665179,Fri Jul 30 15:37:45 PDT 2021,164,392,-1
1627686022263,Fri Jul 30 16:00:22 PDT 2021,164,394,-1
1627690006962,Fri Jul 30 17:06:46 PDT 2021,164,395,1
1627703051629,Fri Jul 30 20:44:11 PDT 2021,164,396,0
1627752607288,Sat Jul 31 10:30:07 PDT 2021,164,398,1
1627757049747,Sat Jul 31 11:44:09 PDT 2021,164,399,0
1627769919826,Sat Jul 31 15:18:39 PDT 2021,164,401,1
1627771661884,Sat Jul 31 15:47:41 PDT 2021,164,402,-1
1627776163496,Sat Jul 31 17:02:43 PDT 2021,164,403,1
1627837552660,Sun Aug 01 10:05:52 PDT 2021,164,404,1
1625252425854,Fri Jul 02 12:00:25 PDT 2021,165,0,0
1625951144798,Sat Jul 10 14:05:44 PDT 2021,165,50,0
1625257335545,Fri Jul 02 13:22:15 PDT 2021,165,64,1
1625410301321,Sun Jul 04 07:51:41 PDT 2021,165,66,0
1626145337799,Mon Jul 12 20:02:17 PDT 2021,165,98,1
1625259994421,Fri Jul 02 14:06:34 PDT 2021,165,100,1
1625242733705,Fri Jul 02 09:18:53 PDT 2021,165,104,1
1625245411832,Fri Jul 02 10:03:31 PDT 2021,165,107,1
1625251374524,Fri Jul 02 11:42:54 PDT 2021,165,108,-1
1625265220082,Fri Jul 02 15:33:40 PDT 2021,165,110,1
1625266276188,Fri Jul 02 15:51:16 PDT 2021,165,111,1
1625273950249,Fri Jul 02 17:59:10 PDT 2021,165,112,1
1625281803696,Fri Jul 02 20:10:03 PDT 2021,165,113,0
1625295490456,Fri Jul 02 23:58:10 PDT 2021,165,115,0
1625329208719,Sat Jul 03 09:20:08 PDT 2021,165,118,0
1625333753466,Sat Jul 03 10:35:53 PDT 2021,165,119,0
1625364559650,Sat Jul 03 19:09:19 PDT 2021,165,121,-1
1625365506302,Sat Jul 03 19:25:06 PDT 2021,165,122,1
1625366063551,Sat Jul 03 19:34:23 PDT 2021,165,123,0
1625375307325,Sat Jul 03 22:08:27 PDT 2021,165,124,-1
1625414045930,Sun Jul 04 08:54:05 PDT 2021,165,127,0
1625424484187,Sun Jul 04 11:48:04 PDT 2021,165,131,1
1625429301279,Sun Jul 04 13:08:21 PDT 2021,165,132,-1
1625435722444,Sun Jul 04 14:55:22 PDT 2021,165,135,1
1625436685657,Sun Jul 04 15:11:25 PDT 2021,165,136,0
1625437326867,Sun Jul 04 15:22:06 PDT 2021,165,137,0
1625452068737,Sun Jul 04 19:27:48 PDT 2021,165,141,1
1625454879705,Sun Jul 04 20:14:39 PDT 2021,165,142,1
1625460942126,Sun Jul 04 21:55:42 PDT 2021,165,144,1
1625462815775,Sun Jul 04 22:26:55 PDT 2021,165,145,1
1625495840947,Mon Jul 05 07:37:20 PDT 2021,165,147,0
1625593862904,Tue Jul 06 10:51:02 PDT 2021,165,151,-1
1625602854591,Tue Jul 06 13:20:54 PDT 2021,165,152,1
1625614096235,Tue Jul 06 16:28:16 PDT 2021,165,153,1
1625611647131,Tue Jul 06 15:47:27 PDT 2021,165,155,1
1625627719758,Tue Jul 06 20:15:19 PDT 2021,165,156,-1
1625635985331,Tue Jul 06 22:33:05 PDT 2021,165,157,1
1625673071071,Wed Jul 07 08:51:11 PDT 2021,165,160,0
1625674750470,Wed Jul 07 09:19:10 PDT 2021,165,161,0
1625675106310,Wed Jul 07 09:25:06 PDT 2021,165,162,0
1625676880103,Wed Jul 07 09:54:40 PDT 2021,165,163,0
1625678670341,Wed Jul 07 10:24:30 PDT 2021,165,166,1
1625694203481,Wed Jul 07 14:43:23 PDT 2021,165,173,1
1625694234540,Wed Jul 07 14:43:54 PDT 2021,165,174,1
1625695805089,Wed Jul 07 15:10:05 PDT 2021,165,178,0
1625696807378,Wed Jul 07 15:26:47 PDT 2021,165,181,-1
1625697863758,Wed Jul 07 15:44:23 PDT 2021,165,183,0
1625699871828,Wed Jul 07 16:17:51 PDT 2021,165,186,0
1625700935699,Wed Jul 07 16:35:35 PDT 2021,165,187,0
1625700351151,Wed Jul 07 16:25:51 PDT 2021,165,188,-1
1625703112740,Wed Jul 07 17:11:52 PDT 2021,165,189,1
1625710524682,Wed Jul 07 19:15:24 PDT 2021,165,191,0
1625710501572,Wed Jul 07 19:15:01 PDT 2021,165,193,0
1625710330161,Wed Jul 07 19:12:10 PDT 2021,165,194,1
1625723074155,Wed Jul 07 22:44:34 PDT 2021,165,196,0
1625756034355,Thu Jul 08 07:53:54 PDT 2021,165,198,0
1625759035515,Thu Jul 08 08:43:55 PDT 2021,165,199,1
1625762962024,Thu Jul 08 09:49:22 PDT 2021,165,201,1
1625763793019,Thu Jul 08 10:03:13 PDT 2021,165,203,0
1625770729408,Thu Jul 08 11:58:49 PDT 2021,165,205,1
1625782624997,Thu Jul 08 15:17:04 PDT 2021,165,207,0
1625783699378,Thu Jul 08 15:34:59 PDT 2021,165,208,1
1625786949585,Thu Jul 08 16:29:09 PDT 2021,165,209,0
1625844902068,Fri Jul 09 08:35:02 PDT 2021,165,215,1
1625856150621,Fri Jul 09 11:42:30 PDT 2021,165,217,1
1625865031218,Fri Jul 09 14:10:31 PDT 2021,165,218,0
1625868500811,Fri Jul 09 15:08:20 PDT 2021,165,219,0
1625921148137,Sat Jul 10 05:45:48 PDT 2021,165,223,-1
1625922633279,Sat Jul 10 06:10:33 PDT 2021,165,224,0
1625929955545,Sat Jul 10 08:12:35 PDT 2021,165,226,1
1625937695244,Sat Jul 10 10:21:35 PDT 2021,165,227,1
1625965965596,Sat Jul 10 18:12:45 PDT 2021,165,232,1
1625971591948,Sat Jul 10 19:46:31 PDT 2021,165,233,0
1625982522230,Sat Jul 10 22:48:42 PDT 2021,165,234,1
1626012389967,Sun Jul 11 07:06:29 PDT 2021,165,236,-1
1626015527432,Sun Jul 11 07:58:47 PDT 2021,165,237,1
1626015601438,Sun Jul 11 08:00:01 PDT 2021,165,238,-1
1626018375887,Sun Jul 11 08:46:15 PDT 2021,165,239,0
1626027732782,Sun Jul 11 11:22:12 PDT 2021,165,240,1
1626031736457,Sun Jul 11 12:28:56 PDT 2021,165,241,1
1626033446815,Sun Jul 11 12:57:26 PDT 2021,165,243,0
1626062955674,Sun Jul 11 21:09:15 PDT 2021,165,248,1
1626097370666,Mon Jul 12 06:42:50 PDT 2021,165,249,1
1626097740440,Mon Jul 12 06:49:00 PDT 2021,165,250,1
1626160576548,Tue Jul 13 00:16:16 PDT 2021,165,255,0
1626184848219,Tue Jul 13 07:00:48 PDT 2021,165,256,1
1626214468237,Tue Jul 13 15:14:28 PDT 2021,165,260,0
1626298324911,Wed Jul 14 14:32:04 PDT 2021,165,265,0
1626384007942,Thu Jul 15 14:20:07 PDT 2021,165,267,0
1626386434908,Thu Jul 15 15:00:34 PDT 2021,165,271,1
1626456210417,Fri Jul 16 10:23:30 PDT 2021,165,274,1
1626472012368,Fri Jul 16 14:46:52 PDT 2021,165,275,-1
1626493152996,Fri Jul 16 20:39:12 PDT 2021,165,276,0
1626541121486,Sat Jul 17 09:58:41 PDT 2021,165,278,-1
1626540804879,Sat Jul 17 09:53:24 PDT 2021,165,279,0
1626546374090,Sat Jul 17 11:26:14 PDT 2021,165,280,1
1626552674131,Sat Jul 17 13:11:14 PDT 2021,165,281,0
1626554120750,Sat Jul 17 13:35:20 PDT 2021,165,282,-1
1626571128542,Sat Jul 17 18:18:48 PDT 2021,165,284,0
1626584908573,Sat Jul 17 22:08:28 PDT 2021,165,286,1
1626713372013,Mon Jul 19 09:49:32 PDT 2021,165,288,0
1626720955298,Mon Jul 19 11:55:55 PDT 2021,165,291,0
1626738041931,Mon Jul 19 16:40:41 PDT 2021,165,294,0
1626752513461,Mon Jul 19 20:41:53 PDT 2021,165,295,0
1626792475020,Tue Jul 20 07:47:55 PDT 2021,165,296,0
1626799329929,Tue Jul 20 09:42:09 PDT 2021,165,298,0
1626910343362,Wed Jul 21 16:32:23 PDT 2021,165,299,-1
1626965479815,Thu Jul 22 07:51:19 PDT 2021,165,300,0
1627001261419,Thu Jul 22 17:47:41 PDT 2021,165,302,-1
1627002584445,Thu Jul 22 18:09:44 PDT 2021,165,303,-1
1627009040828,Thu Jul 22 19:57:20 PDT 2021,165,305,1
1627084193338,Fri Jul 23 16:49:53 PDT 2021,165,309,-1
1627085852172,Fri Jul 23 17:17:32 PDT 2021,165,310,-1
1627087120365,Fri Jul 23 17:38:40 PDT 2021,165,311,-1
1627088538147,Fri Jul 23 18:02:18 PDT 2021,165,312,-1
1627100198876,Fri Jul 23 21:16:38 PDT 2021,165,313,-1
1627100881748,Fri Jul 23 21:28:01 PDT 2021,165,314,-1
1627101863399,Fri Jul 23 21:44:23 PDT 2021,165,315,-1
1627163237765,Sat Jul 24 14:47:17 PDT 2021,165,317,1
1627188002586,Sat Jul 24 21:40:02 PDT 2021,165,318,1
1627191572661,Sat Jul 24 22:39:32 PDT 2021,165,319,1
1627407934365,Tue Jul 27 10:45:34 PDT 2021,165,322,0
1627414844287,Tue Jul 27 12:40:44 PDT 2021,165,325,1
1627699600836,Fri Jul 30 19:46:40 PDT 2021,165,326,0
1627505202180,Wed Jul 28 13:46:42 PDT 2021,165,337,-1
1627505981562,Wed Jul 28 13:59:41 PDT 2021,165,339,1
1627509128007,Wed Jul 28 14:52:08 PDT 2021,165,343,-1
1627509404544,Wed Jul 28 14:56:44 PDT 2021,165,345,0
1627515339221,Wed Jul 28 16:35:39 PDT 2021,165,348,0
1627524109472,Wed Jul 28 19:01:49 PDT 2021,165,353,1
1627522171031,Wed Jul 28 18:29:31 PDT 2021,165,356,-1
1627530580960,Wed Jul 28 20:49:40 PDT 2021,165,357,1
1627531864031,Wed Jul 28 21:11:04 PDT 2021,165,358,0
1627536223961,Wed Jul 28 22:23:43 PDT 2021,165,361,0
1627536441700,Wed Jul 28 22:27:21 PDT 2021,165,363,0
1627544887551,Thu Jul 29 00:48:07 PDT 2021,165,364,0
1627573964255,Thu Jul 29 08:52:44 PDT 2021,165,366,1
1627582933124,Thu Jul 29 11:22:13 PDT 2021,165,369,1
1627587161827,Thu Jul 29 12:32:41 PDT 2021,165,373,0
1627610073794,Thu Jul 29 18:54:33 PDT 2021,165,376,1
1627656505749,Fri Jul 30 07:48:25 PDT 2021,165,380,0
1627664342841,Fri Jul 30 09:59:02 PDT 2021,165,382,0
1627667790298,Fri Jul 30 10:56:30 PDT 2021,165,384,0
1627676297018,Fri Jul 30 13:18:17 PDT 2021,165,386,0
1627676297168,Fri Jul 30 13:18:17 PDT 2021,165,386,0
1627680961729,Fri Jul 30 14:36:01 PDT 2021,165,388,0
1627682990196,Fri Jul 30 15:09:50 PDT 2021,165,389,-1
1627685131842,Fri Jul 30 15:45:31 PDT 2021,165,393,0
1627703138994,Fri Jul 30 20:45:38 PDT 2021,165,396,0
1627752366665,Sat Jul 31 10:26:06 PDT 2021,165,397,1
1627770861686,Sat Jul 31 15:34:21 PDT 2021,165,401,1
1627772420400,Sat Jul 31 16:00:20 PDT 2021,165,402,0
1627777372436,Sat Jul 31 17:22:52 PDT 2021,165,403,1
1627838125077,Sun Aug 01 10:15:25 PDT 2021,165,404,0
1625252441903,Fri Jul 02 12:00:41 PDT 2021,166,0,1
1625951103081,Sat Jul 10 14:05:03 PDT 2021,166,50,0
1625257300101,Fri Jul 02 13:21:40 PDT 2021,166,64,1
1625410600143,Sun Jul 04 07:56:40 PDT 2021,166,66,1
1626134012992,Mon Jul 12 16:53:32 PDT 2021,166,98,0
1625259966755,Fri Jul 02 14:06:06 PDT 2021,166,100,1
1625242965719,Fri Jul 02 09:22:45 PDT 2021,166,104,1
1625245314826,Fri Jul 02 10:01:54 PDT 2021,166,107,1
1625251348588,Fri Jul 02 11:42:28 PDT 2021,166,108,1
1625265290773,Fri Jul 02 15:34:50 PDT 2021,166,110,1
1625266150824,Fri Jul 02 15:49:10 PDT 2021,166,111,1
1625273883224,Fri Jul 02 17:58:03 PDT 2021,166,112,1
1625281786892,Fri Jul 02 20:09:46 PDT 2021,166,113,0
1625295405265,Fri Jul 02 23:56:45 PDT 2021,166,115,0
1625320379636,Sat Jul 03 06:52:59 PDT 2021,166,116,0
1625329150339,Sat Jul 03 09:19:10 PDT 2021,166,118,-1
1625333354713,Sat Jul 03 10:29:14 PDT 2021,166,119,1
1625361885669,Sat Jul 03 18:24:45 PDT 2021,166,120,0
1625364515686,Sat Jul 03 19:08:35 PDT 2021,166,121,-1
1625365411922,Sat Jul 03 19:23:31 PDT 2021,166,122,0
1625366129563,Sat Jul 03 19:35:29 PDT 2021,166,123,1
1625374954749,Sat Jul 03 22:02:34 PDT 2021,166,124,0
1625414125490,Sun Jul 04 08:55:25 PDT 2021,166,127,1
1625424120451,Sun Jul 04 11:42:00 PDT 2021,166,131,1
1625428823064,Sun Jul 04 13:00:23 PDT 2021,166,132,1
1625435315908,Sun Jul 04 14:48:35 PDT 2021,166,135,1
1625436803922,Sun Jul 04 15:13:23 PDT 2021,166,136,0
1625436769444,Sun Jul 04 15:12:49 PDT 2021,166,137,1
1625452084133,Sun Jul 04 19:28:04 PDT 2021,166,141,1
1625462938397,Sun Jul 04 22:28:58 PDT 2021,166,145,1
1625496072692,Mon Jul 05 07:41:12 PDT 2021,166,147,1
1625593775237,Tue Jul 06 10:49:35 PDT 2021,166,151,1
1625602729570,Tue Jul 06 13:18:49 PDT 2021,166,152,1
1625613380893,Tue Jul 06 16:16:20 PDT 2021,166,153,0
1625611501192,Tue Jul 06 15:45:01 PDT 2021,166,155,1
1625626923773,Tue Jul 06 20:02:03 PDT 2021,166,156,1
1625635757455,Tue Jul 06 22:29:17 PDT 2021,166,157,1
1625672787351,Wed Jul 07 08:46:27 PDT 2021,166,160,0
1625674591449,Wed Jul 07 09:16:31 PDT 2021,166,161,1
1625675410466,Wed Jul 07 09:30:10 PDT 2021,166,162,0
1625676663832,Wed Jul 07 09:51:03 PDT 2021,166,163,1
1625677857722,Wed Jul 07 10:10:57 PDT 2021,166,166,1
1625677607661,Wed Jul 07 10:06:47 PDT 2021,166,167,0
1625686316472,Wed Jul 07 12:31:56 PDT 2021,166,170,0
1625693443084,Wed Jul 07 14:30:43 PDT 2021,166,173,1
1625694217296,Wed Jul 07 14:43:37 PDT 2021,166,174,1
1625694563211,Wed Jul 07 14:49:23 PDT 2021,166,177,1
1625696818635,Wed Jul 07 15:26:58 PDT 2021,166,181,0
1625698126311,Wed Jul 07 15:48:46 PDT 2021,166,183,1
1625699780060,Wed Jul 07 16:16:20 PDT 2021,166,186,1
1625700979424,Wed Jul 07 16:36:19 PDT 2021,166,187,1
1625700305101,Wed Jul 07 16:25:05 PDT 2021,166,188,-1
1625703041941,Wed Jul 07 17:10:41 PDT 2021,166,189,1
1625710310167,Wed Jul 07 19:11:50 PDT 2021,166,193,1
1625710730186,Wed Jul 07 19:18:50 PDT 2021,166,194,1
1625723037391,Wed Jul 07 22:43:57 PDT 2021,166,196,0
1625772892460,Thu Jul 08 12:34:52 PDT 2021,166,198,1
1625759642703,Thu Jul 08 08:54:02 PDT 2021,166,199,1
1625760290615,Thu Jul 08 09:04:50 PDT 2021,166,200,0
1625762851325,Thu Jul 08 09:47:31 PDT 2021,166,201,-1
1625763493542,Thu Jul 08 09:58:13 PDT 2021,166,203,-1
1625770248178,Thu Jul 08 11:50:48 PDT 2021,166,205,1
1625782546986,Thu Jul 08 15:15:46 PDT 2021,166,207,0
1625783654031,Thu Jul 08 15:34:14 PDT 2021,166,208,1
1625786969199,Thu Jul 08 16:29:29 PDT 2021,166,209,1
1625789822937,Thu Jul 08 17:17:02 PDT 2021,166,210,1
1625844857149,Fri Jul 09 08:34:17 PDT 2021,166,215,1
1625856046077,Fri Jul 09 11:40:46 PDT 2021,166,217,1
1625863398733,Fri Jul 09 13:43:18 PDT 2021,166,218,1
1625868436308,Fri Jul 09 15:07:16 PDT 2021,166,219,1
1625921701569,Sat Jul 10 05:55:01 PDT 2021,166,223,0
1625922115630,Sat Jul 10 06:01:55 PDT 2021,166,224,1
1625926581477,Sat Jul 10 07:16:21 PDT 2021,166,225,-1
1625929288689,Sat Jul 10 08:01:28 PDT 2021,166,226,1
1625932476377,Sat Jul 10 08:54:36 PDT 2021,166,227,0
1625961598037,Sat Jul 10 16:59:58 PDT 2021,166,231,1
1625964611702,Sat Jul 10 17:50:11 PDT 2021,166,232,1
1625982037997,Sat Jul 10 22:40:37 PDT 2021,166,234,1
1626011443021,Sun Jul 11 06:50:43 PDT 2021,166,236,-1
1626015412996,Sun Jul 11 07:56:52 PDT 2021,166,237,1
1626015399459,Sun Jul 11 07:56:39 PDT 2021,166,238,-1
1626018433777,Sun Jul 11 08:47:13 PDT 2021,166,239,-1
1626027369477,Sun Jul 11 11:16:09 PDT 2021,166,240,1
1626031615554,Sun Jul 11 12:26:55 PDT 2021,166,241,1
1626033542766,Sun Jul 11 12:59:02 PDT 2021,166,243,1
1626055936224,Sun Jul 11 19:12:16 PDT 2021,166,247,1
1626063092800,Sun Jul 11 21:11:32 PDT 2021,166,248,1
1626096967988,Mon Jul 12 06:36:07 PDT 2021,166,249,1
1626097127734,Mon Jul 12 06:38:47 PDT 2021,166,250,1
1626100672711,Mon Jul 12 07:37:52 PDT 2021,166,251,1
1626160247170,Tue Jul 13 00:10:47 PDT 2021,166,255,1
1626184538909,Tue Jul 13 06:55:38 PDT 2021,166,256,1
1626197921612,Tue Jul 13 10:38:41 PDT 2021,166,257,-1
1626641314789,Sun Jul 18 13:48:34 PDT 2021,166,258,0
1626214155877,Tue Jul 13 15:09:15 PDT 2021,166,260,0
1626221061607,Tue Jul 13 17:04:21 PDT 2021,166,263,0
1626298230778,Wed Jul 14 14:30:30 PDT 2021,166,265,1
1626384147190,Thu Jul 15 14:22:27 PDT 2021,166,267,1
1626328257557,Wed Jul 14 22:50:57 PDT 2021,166,268,1
1626386275620,Thu Jul 15 14:57:55 PDT 2021,166,271,0
1626455351209,Fri Jul 16 10:09:11 PDT 2021,166,274,1
1626471349762,Fri Jul 16 14:35:49 PDT 2021,166,275,1
1626492954540,Fri Jul 16 20:35:54 PDT 2021,166,276,0
1626540376077,Sat Jul 17 09:46:16 PDT 2021,166,278,1
1626540553168,Sat Jul 17 09:49:13 PDT 2021,166,279,1
1626545779807,Sat Jul 17 11:16:19 PDT 2021,166,280,1
1626552385642,Sat Jul 17 13:06:25 PDT 2021,166,281,1
1626553444434,Sat Jul 17 13:24:04 PDT 2021,166,282,0
1626568246943,Sat Jul 17 17:30:46 PDT 2021,166,284,1
1626584636174,Sat Jul 17 22:03:56 PDT 2021,166,286,0
1626713132751,Mon Jul 19 09:45:32 PDT 2021,166,288,1
1626716586163,Mon Jul 19 10:43:06 PDT 2021,166,290,1
1626720845267,Mon Jul 19 11:54:05 PDT 2021,166,291,1
1626723889648,Mon Jul 19 12:44:49 PDT 2021,166,292,1
1626737959907,Mon Jul 19 16:39:19 PDT 2021,166,294,1
1626752007236,Mon Jul 19 20:33:27 PDT 2021,166,295,1
1626791650118,Tue Jul 20 07:34:10 PDT 2021,166,296,-1
1626799198752,Tue Jul 20 09:39:58 PDT 2021,166,298,1
1626909880024,Wed Jul 21 16:24:40 PDT 2021,166,299,-1
1626964971770,Thu Jul 22 07:42:51 PDT 2021,166,300,-1
1627001348427,Thu Jul 22 17:49:08 PDT 2021,166,302,1
1627002481637,Thu Jul 22 18:08:01 PDT 2021,166,303,-1
1627008415183,Thu Jul 22 19:46:55 PDT 2021,166,305,1
1627082522192,Fri Jul 23 16:22:02 PDT 2021,166,308,-1
1627083898341,Fri Jul 23 16:44:58 PDT 2021,166,309,1
1627085557720,Fri Jul 23 17:12:37 PDT 2021,166,310,1
1627086594833,Fri Jul 23 17:29:54 PDT 2021,166,311,1
1627088115674,Fri Jul 23 17:55:15 PDT 2021,166,312,-1
1627100127395,Fri Jul 23 21:15:27 PDT 2021,166,313,1
1627100630420,Fri Jul 23 21:23:50 PDT 2021,166,314,1
1627101867700,Fri Jul 23 21:44:27 PDT 2021,166,315,1
1627163210397,Sat Jul 24 14:46:50 PDT 2021,166,317,1
1627188015133,Sat Jul 24 21:40:15 PDT 2021,166,318,1
1627192078112,Sat Jul 24 22:47:58 PDT 2021,166,319,1
1627407408814,Tue Jul 27 10:36:48 PDT 2021,166,322,1
1627415073990,Tue Jul 27 12:44:33 PDT 2021,166,325,-1
1627698014928,Fri Jul 30 19:20:14 PDT 2021,166,326,0
1627451559208,Tue Jul 27 22:52:39 PDT 2021,166,329,1
1627502622309,Wed Jul 28 13:03:42 PDT 2021,166,332,0
1627504190404,Wed Jul 28 13:29:50 PDT 2021,166,335,1
1627504990467,Wed Jul 28 13:43:10 PDT 2021,166,337,0
1627505848881,Wed Jul 28 13:57:28 PDT 2021,166,339,-1
1627509033286,Wed Jul 28 14:50:33 PDT 2021,166,343,-1
1627509032066,Wed Jul 28 14:50:32 PDT 2021,166,345,1
1627515503572,Wed Jul 28 16:38:23 PDT 2021,166,348,1
1627523567669,Wed Jul 28 18:52:47 PDT 2021,166,353,1
1627522263214,Wed Jul 28 18:31:03 PDT 2021,166,356,1
1627529907823,Wed Jul 28 20:38:27 PDT 2021,166,357,1
1627532053883,Wed Jul 28 21:14:13 PDT 2021,166,358,1
1627535783068,Wed Jul 28 22:16:23 PDT 2021,166,361,0
1627544848842,Thu Jul 29 00:47:28 PDT 2021,166,364,1
1627573833132,Thu Jul 29 08:50:33 PDT 2021,166,366,1
1627578943083,Thu Jul 29 10:15:43 PDT 2021,166,368,0
1627582909933,Thu Jul 29 11:21:49 PDT 2021,166,369,-1
1627587336803,Thu Jul 29 12:35:36 PDT 2021,166,373,1
1627595376266,Thu Jul 29 14:49:36 PDT 2021,166,375,0
1627608083713,Thu Jul 29 18:21:23 PDT 2021,166,376,1
1627613656345,Thu Jul 29 19:54:16 PDT 2021,166,378,0
1627617998603,Thu Jul 29 21:06:38 PDT 2021,166,379,0
1627654998241,Fri Jul 30 07:23:18 PDT 2021,166,380,1
1627664107026,Fri Jul 30 09:55:07 PDT 2021,166,382,1
1627667777102,Fri Jul 30 10:56:17 PDT 2021,166,384,1
1627675743575,Fri Jul 30 13:09:03 PDT 2021,166,386,-1
1627681489235,Fri Jul 30 14:44:49 PDT 2021,166,388,1
1627681537898,Fri Jul 30 14:45:37 PDT 2021,166,389,1
1627686268947,Fri Jul 30 16:04:28 PDT 2021,166,394,0
1627703195038,Fri Jul 30 20:46:35 PDT 2021,166,396,0
1627752406341,Sat Jul 31 10:26:46 PDT 2021,166,397,0
1627770249499,Sat Jul 31 15:24:09 PDT 2021,166,401,0
1627772240527,Sat Jul 31 15:57:20 PDT 2021,166,402,1
1627775824278,Sat Jul 31 16:57:04 PDT 2021,166,403,1
1627837875402,Sun Aug 01 10:11:15 PDT 2021,166,404,1
1625252462931,Fri Jul 02 12:01:02 PDT 2021,167,0,1
1625951266429,Sat Jul 10 14:07:46 PDT 2021,167,50,1
1625257323014,Fri Jul 02 13:22:03 PDT 2021,167,64,-1
1625410327386,Sun Jul 04 07:52:07 PDT 2021,167,66,0
1626145370844,Mon Jul 12 20:02:50 PDT 2021,167,98,-1
1625260026494,Fri Jul 02 14:07:06 PDT 2021,167,100,0
1625246096932,Fri Jul 02 10:14:56 PDT 2021,167,107,1
1625251414824,Fri Jul 02 11:43:34 PDT 2021,167,108,0
1625252336030,Fri Jul 02 11:58:56 PDT 2021,167,109,-1
1625266492132,Fri Jul 02 15:54:52 PDT 2021,167,111,-1
1625274567911,Fri Jul 02 18:09:27 PDT 2021,167,112,1
1625280248114,Fri Jul 02 19:44:08 PDT 2021,167,113,-1
1625295661623,Sat Jul 03 00:01:01 PDT 2021,167,115,0
1625329582088,Sat Jul 03 09:26:22 PDT 2021,167,118,0
1625333302632,Sat Jul 03 10:28:22 PDT 2021,167,119,1
1625365038553,Sat Jul 03 19:17:18 PDT 2021,167,121,-1
1625365542454,Sat Jul 03 19:25:42 PDT 2021,167,122,1
1625366500024,Sat Jul 03 19:41:40 PDT 2021,167,123,1
1625376077241,Sat Jul 03 22:21:17 PDT 2021,167,124,0
1625384680274,Sun Jul 04 00:44:40 PDT 2021,167,125,1
1625415039872,Sun Jul 04 09:10:39 PDT 2021,167,127,0
1625424585764,Sun Jul 04 11:49:45 PDT 2021,167,131,-1
1625429231602,Sun Jul 04 13:07:11 PDT 2021,167,132,0
1625436398778,Sun Jul 04 15:06:38 PDT 2021,167,135,0
1625437002000,Sun Jul 04 15:16:42 PDT 2021,167,136,0
1625436963704,Sun Jul 04 15:16:03 PDT 2021,167,137,1
1625452408020,Sun Jul 04 19:33:28 PDT 2021,167,141,-1
1625463496043,Sun Jul 04 22:38:16 PDT 2021,167,145,1
1625496477341,Mon Jul 05 07:47:57 PDT 2021,167,147,1
1625593619163,Tue Jul 06 10:46:59 PDT 2021,167,151,1
1625602978094,Tue Jul 06 13:22:58 PDT 2021,167,152,1
1625613514217,Tue Jul 06 16:18:34 PDT 2021,167,153,-1
1625611923954,Tue Jul 06 15:52:03 PDT 2021,167,155,1
1625627807399,Tue Jul 06 20:16:47 PDT 2021,167,156,1
1625635981242,Tue Jul 06 22:33:01 PDT 2021,167,157,1
1625673261057,Wed Jul 07 08:54:21 PDT 2021,167,160,0
1625674946214,Wed Jul 07 09:22:26 PDT 2021,167,161,0
1625674976203,Wed Jul 07 09:22:56 PDT 2021,167,162,1
1625676736676,Wed Jul 07 09:52:16 PDT 2021,167,163,0
1625678803929,Wed Jul 07 10:26:43 PDT 2021,167,166,1
1625694351912,Wed Jul 07 14:45:51 PDT 2021,167,173,1
1625694317197,Wed Jul 07 14:45:17 PDT 2021,167,174,1
1625694618727,Wed Jul 07 14:50:18 PDT 2021,167,177,0
1625696529064,Wed Jul 07 15:22:09 PDT 2021,167,180,1
1625696801801,Wed Jul 07 15:26:41 PDT 2021,167,181,0
1625698734522,Wed Jul 07 15:58:54 PDT 2021,167,183,1
1625700187905,Wed Jul 07 16:23:07 PDT 2021,167,186,1
1625701207711,Wed Jul 07 16:40:07 PDT 2021,167,187,0
1625700770963,Wed Jul 07 16:32:50 PDT 2021,167,188,1
1625703204772,Wed Jul 07 17:13:24 PDT 2021,167,189,1
1625709581189,Wed Jul 07 18:59:41 PDT 2021,167,191,1
1625710512627,Wed Jul 07 19:15:12 PDT 2021,167,193,1
1625710658102,Wed Jul 07 19:17:38 PDT 2021,167,194,1
1625723015285,Wed Jul 07 22:43:35 PDT 2021,167,196,1
1625772682215,Thu Jul 08 12:31:22 PDT 2021,167,198,-1
1625759285705,Thu Jul 08 08:48:05 PDT 2021,167,199,-1
1625763021798,Thu Jul 08 09:50:21 PDT 2021,167,201,-1
1625763786048,Thu Jul 08 10:03:06 PDT 2021,167,203,0
1625770772067,Thu Jul 08 11:59:32 PDT 2021,167,205,1
1625782083594,Thu Jul 08 15:08:03 PDT 2021,167,207,1
1625784295582,Thu Jul 08 15:44:55 PDT 2021,167,208,-1
1625786884939,Thu Jul 08 16:28:04 PDT 2021,167,209,-1
1625845402069,Fri Jul 09 08:43:22 PDT 2021,167,215,1
1625856062416,Fri Jul 09 11:41:02 PDT 2021,167,217,1
1625864310010,Fri Jul 09 13:58:30 PDT 2021,167,218,1
1625868646701,Fri Jul 09 15:10:46 PDT 2021,167,219,1
1625921663873,Sat Jul 10 05:54:23 PDT 2021,167,223,0
1625922389664,Sat Jul 10 06:06:29 PDT 2021,167,224,1
1625929939058,Sat Jul 10 08:12:19 PDT 2021,167,226,0
1625939325662,Sat Jul 10 10:48:45 PDT 2021,167,228,1
1625961732694,Sat Jul 10 17:02:12 PDT 2021,167,231,-1
1625964891393,Sat Jul 10 17:54:51 PDT 2021,167,232,-1
1625982383209,Sat Jul 10 22:46:23 PDT 2021,167,234,-1
1626012540924,Sun Jul 11 07:09:00 PDT 2021,167,236,-1
1626015496497,Sun Jul 11 07:58:16 PDT 2021,167,237,-1
1626015251351,Sun Jul 11 07:54:11 PDT 2021,167,238,-1
1626018609840,Sun Jul 11 08:50:09 PDT 2021,167,239,0
1626027571064,Sun Jul 11 11:19:31 PDT 2021,167,240,1
1626031673693,Sun Jul 11 12:27:53 PDT 2021,167,241,0
1626033321428,Sun Jul 11 12:55:21 PDT 2021,167,243,1
1626050934515,Sun Jul 11 17:48:54 PDT 2021,167,246,1
1626063390883,Sun Jul 11 21:16:30 PDT 2021,167,248,-1
1626097758792,Mon Jul 12 06:49:18 PDT 2021,167,250,1
1626160494098,Tue Jul 13 00:14:54 PDT 2021,167,255,1
1626184636132,Tue Jul 13 06:57:16 PDT 2021,167,256,1
1626214032257,Tue Jul 13 15:07:12 PDT 2021,167,260,-1
1627752278212,Sat Jul 31 10:24:38 PDT 2021,167,261,1
1626298182488,Wed Jul 14 14:29:42 PDT 2021,167,265,0
1626383872694,Thu Jul 15 14:17:52 PDT 2021,167,267,1
1626386448307,Thu Jul 15 15:00:48 PDT 2021,167,271,0
1626455573445,Fri Jul 16 10:12:53 PDT 2021,167,274,-1
1626471957985,Fri Jul 16 14:45:57 PDT 2021,167,275,1
1626493090656,Fri Jul 16 20:38:10 PDT 2021,167,276,0
1626541469947,Sat Jul 17 10:04:29 PDT 2021,167,278,1
1626540536033,Sat Jul 17 09:48:56 PDT 2021,167,279,1
1626545330261,Sat Jul 17 11:08:50 PDT 2021,167,280,1
1626552515616,Sat Jul 17 13:08:35 PDT 2021,167,281,1
1626554068440,Sat Jul 17 13:34:28 PDT 2021,167,282,0
1626568187082,Sat Jul 17 17:29:47 PDT 2021,167,284,-1
1626584929111,Sat Jul 17 22:08:49 PDT 2021,167,286,1
1626713242620,Mon Jul 19 09:47:22 PDT 2021,167,288,1
1626716515876,Mon Jul 19 10:41:55 PDT 2021,167,290,1
1626720327567,Mon Jul 19 11:45:27 PDT 2021,167,291,1
1626733884742,Mon Jul 19 15:31:24 PDT 2021,167,292,-1
1626737716989,Mon Jul 19 16:35:16 PDT 2021,167,294,0
1626751840918,Mon Jul 19 20:30:40 PDT 2021,167,295,-1
1626792150103,Tue Jul 20 07:42:30 PDT 2021,167,296,-1
1626798926312,Tue Jul 20 09:35:26 PDT 2021,167,298,0
1626910253087,Wed Jul 21 16:30:53 PDT 2021,167,299,0
1626910775276,Wed Jul 21 16:39:35 PDT 2021,167,300,0
1627001028414,Thu Jul 22 17:43:48 PDT 2021,167,302,1
1627002710565,Thu Jul 22 18:11:50 PDT 2021,167,303,-1
1627007821547,Thu Jul 22 19:37:01 PDT 2021,167,304,0
1627008620289,Thu Jul 22 19:50:20 PDT 2021,167,305,1
1627084454078,Fri Jul 23 16:54:14 PDT 2021,167,309,-1
1627085356415,Fri Jul 23 17:09:16 PDT 2021,167,310,1
1627087138878,Fri Jul 23 17:38:58 PDT 2021,167,311,1
1627088365310,Fri Jul 23 17:59:25 PDT 2021,167,312,1
1627100231421,Fri Jul 23 21:17:11 PDT 2021,167,313,1
1627100943132,Fri Jul 23 21:29:03 PDT 2021,167,314,1
1627101738892,Fri Jul 23 21:42:18 PDT 2021,167,315,1
1627163331348,Sat Jul 24 14:48:51 PDT 2021,167,317,1
1627187973223,Sat Jul 24 21:39:33 PDT 2021,167,318,-1
1627191383771,Sat Jul 24 22:36:23 PDT 2021,167,319,-1
1627407877560,Tue Jul 27 10:44:37 PDT 2021,167,322,-1
1627414902822,Tue Jul 27 12:41:42 PDT 2021,167,325,1
1627698164549,Fri Jul 30 19:22:44 PDT 2021,167,326,1
1627439544468,Tue Jul 27 19:32:24 PDT 2021,167,327,-1
1627451267496,Tue Jul 27 22:47:47 PDT 2021,167,328,1
1627451462289,Tue Jul 27 22:51:02 PDT 2021,167,329,1
1627502897384,Wed Jul 28 13:08:17 PDT 2021,167,332,1
1627504069348,Wed Jul 28 13:27:49 PDT 2021,167,335,0
1627505242650,Wed Jul 28 13:47:22 PDT 2021,167,337,1
1627505934219,Wed Jul 28 13:58:54 PDT 2021,167,339,1
1627506810119,Wed Jul 28 14:13:30 PDT 2021,167,341,1
1627508762025,Wed Jul 28 14:46:02 PDT 2021,167,343,1
1627509885657,Wed Jul 28 15:04:45 PDT 2021,167,346,1
1627514928903,Wed Jul 28 16:28:48 PDT 2021,167,348,1
1627524120209,Wed Jul 28 19:02:00 PDT 2021,167,353,1
1627521685789,Wed Jul 28 18:21:25 PDT 2021,167,356,1
1627529206061,Wed Jul 28 20:26:46 PDT 2021,167,357,-1
1627532184149,Wed Jul 28 21:16:24 PDT 2021,167,358,0
1627532674334,Wed Jul 28 21:24:34 PDT 2021,167,359,0
1627535733558,Wed Jul 28 22:15:33 PDT 2021,167,361,0
1627542995678,Thu Jul 29 00:16:35 PDT 2021,167,364,1
1627573252555,Thu Jul 29 08:40:52 PDT 2021,167,366,-1
1627578639442,Thu Jul 29 10:10:39 PDT 2021,167,368,1
1627582762078,Thu Jul 29 11:19:22 PDT 2021,167,369,1
1627579496241,Thu Jul 29 10:24:56 PDT 2021,167,370,-1
1627586735744,Thu Jul 29 12:25:35 PDT 2021,167,373,1
1627608369082,Thu Jul 29 18:26:09 PDT 2021,167,376,1
1627614010054,Thu Jul 29 20:00:10 PDT 2021,167,378,1
1627617987957,Thu Jul 29 21:06:27 PDT 2021,167,379,1
1627656136955,Fri Jul 30 07:42:16 PDT 2021,167,380,0
1627664146494,Fri Jul 30 09:55:46 PDT 2021,167,382,-1
1627667708254,Fri Jul 30 10:55:08 PDT 2021,167,384,1
1627675672805,Fri Jul 30 13:07:52 PDT 2021,167,386,-1
1627676079312,Fri Jul 30 13:14:39 PDT 2021,167,387,0
1627681402572,Fri Jul 30 14:43:22 PDT 2021,167,388,1
1627682188009,Fri Jul 30 14:56:28 PDT 2021,167,389,1
1627684586175,Fri Jul 30 15:36:26 PDT 2021,167,392,1
1627703019988,Fri Jul 30 20:43:39 PDT 2021,167,396,0
1627769840210,Sat Jul 31 15:17:20 PDT 2021,167,401,1
1627771839441,Sat Jul 31 15:50:39 PDT 2021,167,402,-1
1627775788502,Sat Jul 31 16:56:28 PDT 2021,167,403,-1
1627838050323,Sun Aug 01 10:14:10 PDT 2021,167,404,-1
1625252434818,Fri Jul 02 12:00:34 PDT 2021,168,0,0
1625951296434,Sat Jul 10 14:08:16 PDT 2021,168,50,0
1625257346501,Fri Jul 02 13:22:26 PDT 2021,168,64,-1
1625410809751,Sun Jul 04 08:00:09 PDT 2021,168,66,0
1626145419466,Mon Jul 12 20:03:39 PDT 2021,168,98,-1
1625260043172,Fri Jul 02 14:07:23 PDT 2021,168,100,0
1625246204433,Fri Jul 02 10:16:44 PDT 2021,168,107,1
1625251364041,Fri Jul 02 11:42:44 PDT 2021,168,108,-1
1625266341532,Fri Jul 02 15:52:21 PDT 2021,168,111,0
1625275279631,Fri Jul 02 18:21:19 PDT 2021,168,112,-1
1625329264966,Sat Jul 03 09:21:04 PDT 2021,168,118,-1
1625333556655,Sat Jul 03 10:32:36 PDT 2021,168,119,-1
1625364988698,Sat Jul 03 19:16:28 PDT 2021,168,121,1
1625365708954,Sat Jul 03 19:28:28 PDT 2021,168,122,-1
1625366450068,Sat Jul 03 19:40:50 PDT 2021,168,123,1
1625375746980,Sat Jul 03 22:15:46 PDT 2021,168,124,-1
1625410276505,Sun Jul 04 07:51:16 PDT 2021,168,126,0
1625414141377,Sun Jul 04 08:55:41 PDT 2021,168,127,0
1625425115614,Sun Jul 04 11:58:35 PDT 2021,168,131,1
1625429294463,Sun Jul 04 13:08:14 PDT 2021,168,132,-1
1625436382607,Sun Jul 04 15:06:22 PDT 2021,168,135,-1
1625437023671,Sun Jul 04 15:17:03 PDT 2021,168,136,1
1625437168865,Sun Jul 04 15:19:28 PDT 2021,168,137,1
1625452014602,Sun Jul 04 19:26:54 PDT 2021,168,141,-1
1625463338833,Sun Jul 04 22:35:38 PDT 2021,168,145,1
1625496870868,Mon Jul 05 07:54:30 PDT 2021,168,147,-1
1625594116442,Tue Jul 06 10:55:16 PDT 2021,168,151,-1
1625603040279,Tue Jul 06 13:24:00 PDT 2021,168,152,-1
1625614254165,Tue Jul 06 16:30:54 PDT 2021,168,153,-1
1625611985247,Tue Jul 06 15:53:05 PDT 2021,168,155,-1
1625627742892,Tue Jul 06 20:15:42 PDT 2021,168,156,-1
1625636098617,Tue Jul 06 22:34:58 PDT 2021,168,157,1
1625673530733,Wed Jul 07 08:58:50 PDT 2021,168,160,-1
1625674758755,Wed Jul 07 09:19:18 PDT 2021,168,161,-1
1625675536062,Wed Jul 07 09:32:16 PDT 2021,168,162,-1
1625676752768,Wed Jul 07 09:52:32 PDT 2021,168,163,0
1625678838145,Wed Jul 07 10:27:18 PDT 2021,168,166,1
1625694410583,Wed Jul 07 14:46:50 PDT 2021,168,173,0
1625694332292,Wed Jul 07 14:45:32 PDT 2021,168,174,-1
1625696875066,Wed Jul 07 15:27:55 PDT 2021,168,181,-1
1625698535398,Wed Jul 07 15:55:35 PDT 2021,168,183,1
1625699830184,Wed Jul 07 16:17:10 PDT 2021,168,186,-1
1625701044019,Wed Jul 07 16:37:24 PDT 2021,168,187,0
1625700753993,Wed Jul 07 16:32:33 PDT 2021,168,188,1
1625703091546,Wed Jul 07 17:11:31 PDT 2021,168,189,1
1625710277445,Wed Jul 07 19:11:17 PDT 2021,168,193,-1
1625711124104,Wed Jul 07 19:25:24 PDT 2021,168,194,-1
1625722781666,Wed Jul 07 22:39:41 PDT 2021,168,196,1
1625772852928,Thu Jul 08 12:34:12 PDT 2021,168,198,-1
1625759481683,Thu Jul 08 08:51:21 PDT 2021,168,199,-1
1625763093189,Thu Jul 08 09:51:33 PDT 2021,168,201,-1
1625763872403,Thu Jul 08 10:04:32 PDT 2021,168,203,1
1625770759840,Thu Jul 08 11:59:19 PDT 2021,168,205,1
1625782586536,Thu Jul 08 15:16:26 PDT 2021,168,207,1
1625784344441,Thu Jul 08 15:45:44 PDT 2021,168,208,1
1625786573560,Thu Jul 08 16:22:53 PDT 2021,168,209,-1
1625789914426,Thu Jul 08 17:18:34 PDT 2021,168,210,-1
1625844591194,Fri Jul 09 08:29:51 PDT 2021,168,215,-1
1625855421749,Fri Jul 09 11:30:21 PDT 2021,168,217,0
1625863466791,Fri Jul 09 13:44:26 PDT 2021,168,218,-1
1625868679322,Fri Jul 09 15:11:19 PDT 2021,168,219,-1
1625921108634,Sat Jul 10 05:45:08 PDT 2021,168,223,-1
1625922256452,Sat Jul 10 06:04:16 PDT 2021,168,224,0
1625929947862,Sat Jul 10 08:12:27 PDT 2021,168,226,0
1625938076907,Sat Jul 10 10:27:56 PDT 2021,168,227,0
1625965385947,Sat Jul 10 18:03:05 PDT 2021,168,232,0
1625982620556,Sat Jul 10 22:50:20 PDT 2021,168,234,-1
1626012713290,Sun Jul 11 07:11:53 PDT 2021,168,236,1
1626015466033,Sun Jul 11 07:57:46 PDT 2021,168,237,0
1626015844321,Sun Jul 11 08:04:04 PDT 2021,168,238,-1
1626018506058,Sun Jul 11 08:48:26 PDT 2021,168,239,0
1626027758229,Sun Jul 11 11:22:38 PDT 2021,168,240,-1
1626031951394,Sun Jul 11 12:32:31 PDT 2021,168,241,-1
1626034077351,Sun Jul 11 13:07:57 PDT 2021,168,243,-1
1626063955618,Sun Jul 11 21:25:55 PDT 2021,168,248,-1
1626097786532,Mon Jul 12 06:49:46 PDT 2021,168,250,0
1626160506383,Tue Jul 13 00:15:06 PDT 2021,168,255,1
1626184852770,Tue Jul 13 07:00:52 PDT 2021,168,256,-1
1626214239526,Tue Jul 13 15:10:39 PDT 2021,168,260,-1
1627752276374,Sat Jul 31 10:24:36 PDT 2021,168,261,1
1626298249894,Wed Jul 14 14:30:49 PDT 2021,168,265,-1
1626384162225,Thu Jul 15 14:22:42 PDT 2021,168,267,0
1626386268928,Thu Jul 15 14:57:48 PDT 2021,168,271,0
1626456333549,Fri Jul 16 10:25:33 PDT 2021,168,274,1
1626472086910,Fri Jul 16 14:48:06 PDT 2021,168,275,0
1626492991943,Fri Jul 16 20:36:31 PDT 2021,168,276,-1
1626541412745,Sat Jul 17 10:03:32 PDT 2021,168,278,-1
1626546394684,Sat Jul 17 11:26:34 PDT 2021,168,280,0
1626552805627,Sat Jul 17 13:13:25 PDT 2021,168,281,-1
1626554167088,Sat Jul 17 13:36:07 PDT 2021,168,282,-1
1626571154506,Sat Jul 17 18:19:14 PDT 2021,168,284,-1
1626584711236,Sat Jul 17 22:05:11 PDT 2021,168,286,1
1626713424036,Mon Jul 19 09:50:24 PDT 2021,168,288,-1
1626720256640,Mon Jul 19 11:44:16 PDT 2021,168,291,1
1626738086518,Mon Jul 19 16:41:26 PDT 2021,168,294,1
1626752413683,Mon Jul 19 20:40:13 PDT 2021,168,295,1
1626791540713,Tue Jul 20 07:32:20 PDT 2021,168,296,1
1626799302503,Tue Jul 20 09:41:42 PDT 2021,168,298,-1
1626909853188,Wed Jul 21 16:24:13 PDT 2021,168,299,1
1626965284303,Thu Jul 22 07:48:04 PDT 2021,168,300,1
1626918975688,Wed Jul 21 18:56:15 PDT 2021,168,301,-1
1627001199649,Thu Jul 22 17:46:39 PDT 2021,168,302,1
1627002597887,Thu Jul 22 18:09:57 PDT 2021,168,303,1
1627008687649,Thu Jul 22 19:51:27 PDT 2021,168,305,-1
1627084563904,Fri Jul 23 16:56:03 PDT 2021,168,309,1
1627085833956,Fri Jul 23 17:17:13 PDT 2021,168,310,1
1627087378801,Fri Jul 23 17:42:58 PDT 2021,168,311,1
1627088562892,Fri Jul 23 18:02:42 PDT 2021,168,312,-1
1627100318400,Fri Jul 23 21:18:38 PDT 2021,168,313,-1
1627101237489,Fri Jul 23 21:33:57 PDT 2021,168,314,1
1627101974866,Fri Jul 23 21:46:14 PDT 2021,168,315,-1
1627163459155,Sat Jul 24 14:50:59 PDT 2021,168,317,1
1627188287634,Sat Jul 24 21:44:47 PDT 2021,168,318,-1
1627192198949,Sat Jul 24 22:49:58 PDT 2021,168,319,-1
1627407394950,Tue Jul 27 10:36:34 PDT 2021,168,322,-1
1627414979211,Tue Jul 27 12:42:59 PDT 2021,168,325,1
1627699538015,Fri Jul 30 19:45:38 PDT 2021,168,326,0
1627505188348,Wed Jul 28 13:46:28 PDT 2021,168,337,1
1627505996466,Wed Jul 28 13:59:56 PDT 2021,168,339,1
1627506840161,Wed Jul 28 14:14:00 PDT 2021,168,342,0
1627509036431,Wed Jul 28 14:50:36 PDT 2021,168,343,-1
1627515561110,Wed Jul 28 16:39:21 PDT 2021,168,348,-1
1627524005627,Wed Jul 28 19:00:05 PDT 2021,168,353,-1
1627521938387,Wed Jul 28 18:25:38 PDT 2021,168,356,-1
1627529108917,Wed Jul 28 20:25:08 PDT 2021,168,357,1
1627573770057,Thu Jul 29 08:49:30 PDT 2021,168,366,1
1627587274967,Thu Jul 29 12:34:34 PDT 2021,168,373,0
1627609318102,Thu Jul 29 18:41:58 PDT 2021,168,376,0
1627614129243,Thu Jul 29 20:02:09 PDT 2021,168,378,-1
1627656163520,Fri Jul 30 07:42:43 PDT 2021,168,380,-1
1627664005006,Fri Jul 30 09:53:25 PDT 2021,168,382,0
1627666874180,Fri Jul 30 10:41:14 PDT 2021,168,384,-1
1627675939785,Fri Jul 30 13:12:19 PDT 2021,168,386,-1
1627681682387,Fri Jul 30 14:48:02 PDT 2021,168,388,0
1627682908933,Fri Jul 30 15:08:28 PDT 2021,168,389,-1
1627703529301,Fri Jul 30 20:52:09 PDT 2021,168,396,-1
1627752570251,Sat Jul 31 10:29:30 PDT 2021,168,398,1
1627770516121,Sat Jul 31 15:28:36 PDT 2021,168,401,-1
1627772310770,Sat Jul 31 15:58:30 PDT 2021,168,402,-1
1627777101801,Sat Jul 31 17:18:21 PDT 2021,168,403,-1
1627837755296,Sun Aug 01 10:09:15 PDT 2021,168,404,1
1625246694456,Fri Jul 02 10:24:54 PDT 2021,169,107,1
1625594627398,Tue Jul 06 11:03:47 PDT 2021,170,0,0
1625951258860,Sat Jul 10 14:07:38 PDT 2021,170,50,1
1625257600428,Fri Jul 02 13:26:40 PDT 2021,170,64,1
1625410162247,Sun Jul 04 07:49:22 PDT 2021,170,66,0
1626145041049,Mon Jul 12 19:57:21 PDT 2021,170,98,-1
1625507421294,Mon Jul 05 10:50:21 PDT 2021,170,100,1
1625295453509,Fri Jul 02 23:57:33 PDT 2021,170,115,0
1625329069661,Sat Jul 03 09:17:49 PDT 2021,170,118,0
1625333731957,Sat Jul 03 10:35:31 PDT 2021,170,119,1
1625362208769,Sat Jul 03 18:30:08 PDT 2021,170,120,-1
1625364489970,Sat Jul 03 19:08:09 PDT 2021,170,121,-1
1625365238463,Sat Jul 03 19:20:38 PDT 2021,170,122,1
1625365662838,Sat Jul 03 19:27:42 PDT 2021,170,123,1
1625375144243,Sat Jul 03 22:05:44 PDT 2021,170,124,0
1625384120256,Sun Jul 04 00:35:20 PDT 2021,170,125,0
1625410425164,Sun Jul 04 07:53:45 PDT 2021,170,126,0
1625414405284,Sun Jul 04 09:00:05 PDT 2021,170,127,1
1625425028472,Sun Jul 04 11:57:08 PDT 2021,170,131,1
1625429155225,Sun Jul 04 13:05:55 PDT 2021,170,132,-1
1625435967097,Sun Jul 04 14:59:27 PDT 2021,170,135,1
1625436241840,Sun Jul 04 15:04:01 PDT 2021,170,136,0
1625437256217,Sun Jul 04 15:20:56 PDT 2021,170,137,1
1625452433415,Sun Jul 04 19:33:53 PDT 2021,170,141,1
1625463302538,Sun Jul 04 22:35:02 PDT 2021,170,145,1
1625495465071,Mon Jul 05 07:31:05 PDT 2021,170,147,0
1625593960825,Tue Jul 06 10:52:40 PDT 2021,170,151,1
1625603005751,Tue Jul 06 13:23:25 PDT 2021,170,152,0
1625613694026,Tue Jul 06 16:21:34 PDT 2021,170,153,0
1625611449083,Tue Jul 06 15:44:09 PDT 2021,170,155,1
1625627573137,Tue Jul 06 20:12:53 PDT 2021,170,156,-1
1625635699891,Tue Jul 06 22:28:19 PDT 2021,170,157,1
1625672940851,Wed Jul 07 08:49:00 PDT 2021,170,160,0
1625674862118,Wed Jul 07 09:21:02 PDT 2021,170,161,1
1625675671994,Wed Jul 07 09:34:31 PDT 2021,170,162,0
1625676794122,Wed Jul 07 09:53:14 PDT 2021,170,163,1
1625678747612,Wed Jul 07 10:25:47 PDT 2021,170,166,1
1625694293063,Wed Jul 07 14:44:53 PDT 2021,170,173,1
1625694361491,Wed Jul 07 14:46:01 PDT 2021,170,174,1
1625695820891,Wed Jul 07 15:10:20 PDT 2021,170,178,1
1625696847197,Wed Jul 07 15:27:27 PDT 2021,170,181,1
1625698706912,Wed Jul 07 15:58:26 PDT 2021,170,183,1
1625700071675,Wed Jul 07 16:21:11 PDT 2021,170,186,1
1625700571628,Wed Jul 07 16:29:31 PDT 2021,170,187,1
1625700793859,Wed Jul 07 16:33:13 PDT 2021,170,188,-1
1625703072504,Wed Jul 07 17:11:12 PDT 2021,170,189,-1
1625710472012,Wed Jul 07 19:14:32 PDT 2021,170,191,1
1625710190537,Wed Jul 07 19:09:50 PDT 2021,170,193,1
1625710322094,Wed Jul 07 19:12:02 PDT 2021,170,194,0
1625723130010,Wed Jul 07 22:45:30 PDT 2021,170,196,0
1625772634795,Thu Jul 08 12:30:34 PDT 2021,170,198,1
1625758909173,Thu Jul 08 08:41:49 PDT 2021,170,199,0
1625762935881,Thu Jul 08 09:48:55 PDT 2021,170,201,1
1625763714435,Thu Jul 08 10:01:54 PDT 2021,170,203,0
1625770681912,Thu Jul 08 11:58:01 PDT 2021,170,205,1
1625782594076,Thu Jul 08 15:16:34 PDT 2021,170,207,1
1625784001656,Thu Jul 08 15:40:01 PDT 2021,170,208,1
1625786726659,Thu Jul 08 16:25:26 PDT 2021,170,209,0
1625845278974,Fri Jul 09 08:41:18 PDT 2021,170,215,1
1625856011870,Fri Jul 09 11:40:11 PDT 2021,170,217,1
1625864177692,Fri Jul 09 13:56:17 PDT 2021,170,218,1
1625868716413,Fri Jul 09 15:11:56 PDT 2021,170,219,0
1625921755963,Sat Jul 10 05:55:55 PDT 2021,170,223,1
1625922607236,Sat Jul 10 06:10:07 PDT 2021,170,224,1
1625926506042,Sat Jul 10 07:15:06 PDT 2021,170,225,-1
1625929601970,Sat Jul 10 08:06:41 PDT 2021,170,226,1
1625939248334,Sat Jul 10 10:47:28 PDT 2021,170,228,1
1625961629359,Sat Jul 10 17:00:29 PDT 2021,170,231,0
1625965681217,Sat Jul 10 18:08:01 PDT 2021,170,232,1
1625971571048,Sat Jul 10 19:46:11 PDT 2021,170,233,0
1625982633868,Sat Jul 10 22:50:33 PDT 2021,170,234,1
1626012012573,Sun Jul 11 07:00:12 PDT 2021,170,236,0
1626015319494,Sun Jul 11 07:55:19 PDT 2021,170,237,1
1626015832249,Sun Jul 11 08:03:52 PDT 2021,170,238,1
1626016419458,Sun Jul 11 08:13:39 PDT 2021,170,239,0
1626027295498,Sun Jul 11 11:14:55 PDT 2021,170,240,1
1626031972925,Sun Jul 11 12:32:52 PDT 2021,170,241,1
1626033866334,Sun Jul 11 13:04:26 PDT 2021,170,243,0
1626063186352,Sun Jul 11 21:13:06 PDT 2021,170,248,1
1626097132858,Mon Jul 12 06:38:52 PDT 2021,170,250,1
1626160218342,Tue Jul 13 00:10:18 PDT 2021,170,255,1
1626184758411,Tue Jul 13 06:59:18 PDT 2021,170,256,0
1626214136940,Tue Jul 13 15:08:56 PDT 2021,170,260,0
1627698342196,Fri Jul 30 19:25:42 PDT 2021,170,261,1
1626220711908,Tue Jul 13 16:58:31 PDT 2021,170,263,0
1626298370384,Wed Jul 14 14:32:50 PDT 2021,170,265,1
1626384252664,Thu Jul 15 14:24:12 PDT 2021,170,267,1
1626328244575,Wed Jul 14 22:50:44 PDT 2021,170,268,0
1626386236515,Thu Jul 15 14:57:16 PDT 2021,170,271,1
1626456233108,Fri Jul 16 10:23:53 PDT 2021,170,274,1
1626472067786,Fri Jul 16 14:47:47 PDT 2021,170,275,1
1626493098435,Fri Jul 16 20:38:18 PDT 2021,170,276,0
1626541161021,Sat Jul 17 09:59:21 PDT 2021,170,278,0
1626544865409,Sat Jul 17 11:01:05 PDT 2021,170,280,-1
1626552657230,Sat Jul 17 13:10:57 PDT 2021,170,281,1
1626554087068,Sat Jul 17 13:34:47 PDT 2021,170,282,0
1626568358311,Sat Jul 17 17:32:38 PDT 2021,170,284,1
1626584746847,Sat Jul 17 22:05:46 PDT 2021,170,286,1
1626713189142,Mon Jul 19 09:46:29 PDT 2021,170,288,0
1626716563292,Mon Jul 19 10:42:43 PDT 2021,170,290,1
1626720244796,Mon Jul 19 11:44:04 PDT 2021,170,291,1
1626737972881,Mon Jul 19 16:39:32 PDT 2021,170,294,0
1626751989707,Mon Jul 19 20:33:09 PDT 2021,170,295,1
1626792364848,Tue Jul 20 07:46:04 PDT 2021,170,296,0
1626798846910,Tue Jul 20 09:34:06 PDT 2021,170,298,1
1626908675762,Wed Jul 21 16:04:35 PDT 2021,170,299,-1
1626965244727,Thu Jul 22 07:47:24 PDT 2021,170,300,0
1627001428412,Thu Jul 22 17:50:28 PDT 2021,170,302,1
1627002612461,Thu Jul 22 18:10:12 PDT 2021,170,303,-1
1627008628043,Thu Jul 22 19:50:28 PDT 2021,170,305,1
1627082478106,Fri Jul 23 16:21:18 PDT 2021,170,308,1
1627083832947,Fri Jul 23 16:43:52 PDT 2021,170,309,-1
1627085812540,Fri Jul 23 17:16:52 PDT 2021,170,310,-1
1627086616226,Fri Jul 23 17:30:16 PDT 2021,170,311,-1
1627088180441,Fri Jul 23 17:56:20 PDT 2021,170,312,-1
1627100189400,Fri Jul 23 21:16:29 PDT 2021,170,313,-1
1627101011434,Fri Jul 23 21:30:11 PDT 2021,170,314,-1
1627101711592,Fri Jul 23 21:41:51 PDT 2021,170,315,-1
1627162515539,Sat Jul 24 14:35:15 PDT 2021,170,317,1
1627187827532,Sat Jul 24 21:37:07 PDT 2021,170,318,1
1627191988325,Sat Jul 24 22:46:28 PDT 2021,170,319,1
1627404973724,Tue Jul 27 09:56:13 PDT 2021,170,321,0
1627407741388,Tue Jul 27 10:42:21 PDT 2021,170,322,1
1627415044950,Tue Jul 27 12:44:04 PDT 2021,170,325,1
1627698115341,Fri Jul 30 19:21:55 PDT 2021,170,326,1
1627439460614,Tue Jul 27 19:31:00 PDT 2021,170,327,0
1627451273333,Tue Jul 27 22:47:53 PDT 2021,170,328,1
1627502870544,Wed Jul 28 13:07:50 PDT 2021,170,332,1
1627505208524,Wed Jul 28 13:46:48 PDT 2021,170,337,1
1627505839945,Wed Jul 28 13:57:19 PDT 2021,170,339,1
1627506847873,Wed Jul 28 14:14:07 PDT 2021,170,342,1
1627509164864,Wed Jul 28 14:52:44 PDT 2021,170,343,-1
1627509369415,Wed Jul 28 14:56:09 PDT 2021,170,345,0
1627515544528,Wed Jul 28 16:39:04 PDT 2021,170,348,1
1627517978488,Wed Jul 28 17:19:38 PDT 2021,170,352,0
1627523203214,Wed Jul 28 18:46:43 PDT 2021,170,353,-1
1627522272974,Wed Jul 28 18:31:12 PDT 2021,170,356,1
1627529702343,Wed Jul 28 20:35:02 PDT 2021,170,357,-1
1627544891835,Thu Jul 29 00:48:11 PDT 2021,170,364,0
1627544893693,Thu Jul 29 00:48:13 PDT 2021,170,364,0
1627574024046,Thu Jul 29 08:53:44 PDT 2021,170,366,-1
1627577811980,Thu Jul 29 09:56:51 PDT 2021,170,368,1
1627577976876,Thu Jul 29 09:59:36 PDT 2021,170,369,1
1627587230455,Thu Jul 29 12:33:50 PDT 2021,170,373,1
1627609460965,Thu Jul 29 18:44:20 PDT 2021,170,376,1
1627614093915,Thu Jul 29 20:01:33 PDT 2021,170,378,0
1627656354531,Fri Jul 30 07:45:54 PDT 2021,170,380,-1
1627663658151,Fri Jul 30 09:47:38 PDT 2021,170,382,1
1627666835454,Fri Jul 30 10:40:35 PDT 2021,170,384,0
1627675436427,Fri Jul 30 13:03:56 PDT 2021,170,386,1
1627681721181,Fri Jul 30 14:48:41 PDT 2021,170,388,0
1627682193618,Fri Jul 30 14:56:33 PDT 2021,170,389,1
1627686280015,Fri Jul 30 16:04:40 PDT 2021,170,394,1
1627701923673,Fri Jul 30 20:25:23 PDT 2021,170,396,0
1627752624778,Sat Jul 31 10:30:24 PDT 2021,170,398,1
1627760030642,Sat Jul 31 12:33:50 PDT 2021,170,400,0
1627769815763,Sat Jul 31 15:16:55 PDT 2021,170,401,0
1627771627397,Sat Jul 31 15:47:07 PDT 2021,170,402,1
1627776653088,Sat Jul 31 17:10:53 PDT 2021,170,403,1
1627838137340,Sun Aug 01 10:15:37 PDT 2021,170,404,1
1625266640048,Fri Jul 02 15:57:20 PDT 2021,171,111,1
1625594641835,Tue Jul 06 11:04:01 PDT 2021,172,0,0
1625951194486,Sat Jul 10 14:06:34 PDT 2021,172,50,1
1625410729415,Sun Jul 04 07:58:49 PDT 2021,172,66,0
1626139492692,Mon Jul 12 18:24:52 PDT 2021,172,98,-1
1625507436939,Mon Jul 05 10:50:36 PDT 2021,172,100,1
1625267237137,Fri Jul 02 16:07:17 PDT 2021,172,111,1
1625295550032,Fri Jul 02 23:59:10 PDT 2021,172,115,0
1625320387732,Sat Jul 03 06:53:07 PDT 2021,172,116,0
1625329198332,Sat Jul 03 09:19:58 PDT 2021,172,118,0
1625333908660,Sat Jul 03 10:38:28 PDT 2021,172,119,1
1625364364237,Sat Jul 03 19:06:04 PDT 2021,172,121,0
1625365662798,Sat Jul 03 19:27:42 PDT 2021,172,122,-1
1625366405997,Sat Jul 03 19:40:05 PDT 2021,172,123,1
1625374999040,Sat Jul 03 22:03:19 PDT 2021,172,124,0
1625414917967,Sun Jul 04 09:08:37 PDT 2021,172,127,1
1625416063920,Sun Jul 04 09:27:43 PDT 2021,172,130,-1
1625424799823,Sun Jul 04 11:53:19 PDT 2021,172,131,-1
1625429276921,Sun Jul 04 13:07:56 PDT 2021,172,132,-1
1625435896822,Sun Jul 04 14:58:16 PDT 2021,172,135,1
1625436810771,Sun Jul 04 15:13:30 PDT 2021,172,136,1
1625437258926,Sun Jul 04 15:20:58 PDT 2021,172,137,1
1625452316652,Sun Jul 04 19:31:56 PDT 2021,172,141,1
1625454588574,Sun Jul 04 20:09:48 PDT 2021,172,142,-1
1625461040169,Sun Jul 04 21:57:20 PDT 2021,172,144,0
1625463346923,Sun Jul 04 22:35:46 PDT 2021,172,145,1
1625496712105,Mon Jul 05 07:51:52 PDT 2021,172,147,0
1625593726519,Tue Jul 06 10:48:46 PDT 2021,172,151,0
1625602803576,Tue Jul 06 13:20:03 PDT 2021,172,152,1
1625614249470,Tue Jul 06 16:30:49 PDT 2021,172,153,1
1625611901782,Tue Jul 06 15:51:41 PDT 2021,172,155,1
1625627482020,Tue Jul 06 20:11:22 PDT 2021,172,156,0
1625635991298,Tue Jul 06 22:33:11 PDT 2021,172,157,0
1625673236751,Wed Jul 07 08:53:56 PDT 2021,172,160,0
1625674852313,Wed Jul 07 09:20:52 PDT 2021,172,161,1
1625675378692,Wed Jul 07 09:29:38 PDT 2021,172,162,-1
1625676543744,Wed Jul 07 09:49:03 PDT 2021,172,163,1
1625678594772,Wed Jul 07 10:23:14 PDT 2021,172,166,0
1625694323291,Wed Jul 07 14:45:23 PDT 2021,172,173,-1
1625694212160,Wed Jul 07 14:43:32 PDT 2021,172,174,1
1625696839120,Wed Jul 07 15:27:19 PDT 2021,172,181,0
1625698373263,Wed Jul 07 15:52:53 PDT 2021,172,183,0
1625700227278,Wed Jul 07 16:23:47 PDT 2021,172,186,1
1625701154828,Wed Jul 07 16:39:14 PDT 2021,172,187,1
1625700861865,Wed Jul 07 16:34:21 PDT 2021,172,188,1
1625702751032,Wed Jul 07 17:05:51 PDT 2021,172,189,-1
1625709604050,Wed Jul 07 19:00:04 PDT 2021,172,191,1
1625709898296,Wed Jul 07 19:04:58 PDT 2021,172,193,1
1625710396571,Wed Jul 07 19:13:16 PDT 2021,172,194,1
1625723190522,Wed Jul 07 22:46:30 PDT 2021,172,196,1
1625772828185,Thu Jul 08 12:33:48 PDT 2021,172,198,1
1625759470396,Thu Jul 08 08:51:10 PDT 2021,172,199,1
1625762600560,Thu Jul 08 09:43:20 PDT 2021,172,201,-1
1625763894141,Thu Jul 08 10:04:54 PDT 2021,172,203,0
1625770703226,Thu Jul 08 11:58:23 PDT 2021,172,205,0
1625781973875,Thu Jul 08 15:06:13 PDT 2021,172,207,1
1625784138461,Thu Jul 08 15:42:18 PDT 2021,172,208,1
1625786452807,Thu Jul 08 16:20:52 PDT 2021,172,209,-1
1625845116423,Fri Jul 09 08:38:36 PDT 2021,172,215,1
1625855878411,Fri Jul 09 11:37:58 PDT 2021,172,217,1
1625864939022,Fri Jul 09 14:08:59 PDT 2021,172,218,1
1625868675350,Fri Jul 09 15:11:15 PDT 2021,172,219,0
1625921631484,Sat Jul 10 05:53:51 PDT 2021,172,223,-1
1625922559393,Sat Jul 10 06:09:19 PDT 2021,172,224,1
1625929547354,Sat Jul 10 08:05:47 PDT 2021,172,226,1
1625937438625,Sat Jul 10 10:17:18 PDT 2021,172,227,1
1625965153118,Sat Jul 10 17:59:13 PDT 2021,172,232,1
1625982355217,Sat Jul 10 22:45:55 PDT 2021,172,234,1
1626012819159,Sun Jul 11 07:13:39 PDT 2021,172,236,-1
1626015267332,Sun Jul 11 07:54:27 PDT 2021,172,237,1
1626015358726,Sun Jul 11 07:55:58 PDT 2021,172,238,1
1626018333806,Sun Jul 11 08:45:33 PDT 2021,172,239,-1
1626027310806,Sun Jul 11 11:15:10 PDT 2021,172,240,1
1626031704548,Sun Jul 11 12:28:24 PDT 2021,172,241,1
1626033799880,Sun Jul 11 13:03:19 PDT 2021,172,243,1
1626055892052,Sun Jul 11 19:11:32 PDT 2021,172,247,1
1626063560889,Sun Jul 11 21:19:20 PDT 2021,172,248,1
1626097733400,Mon Jul 12 06:48:53 PDT 2021,172,250,-1
1626100996731,Mon Jul 12 07:43:16 PDT 2021,172,251,-1
1626160278798,Tue Jul 13 00:11:18 PDT 2021,172,255,0
1626184241074,Tue Jul 13 06:50:41 PDT 2021,172,256,1
1626197974675,Tue Jul 13 10:39:34 PDT 2021,172,257,0
1626214393227,Tue Jul 13 15:13:13 PDT 2021,172,260,0
1626218860760,Tue Jul 13 16:27:40 PDT 2021,172,262,0
1626235313934,Tue Jul 13 21:01:53 PDT 2021,172,265,-1
1626384167732,Thu Jul 15 14:22:47 PDT 2021,172,267,1
1626385930796,Thu Jul 15 14:52:10 PDT 2021,172,271,0
1626455269252,Fri Jul 16 10:07:49 PDT 2021,172,274,1
1626471919970,Fri Jul 16 14:45:19 PDT 2021,172,275,0
1626493131477,Fri Jul 16 20:38:51 PDT 2021,172,276,0
1626540953836,Sat Jul 17 09:55:53 PDT 2021,172,278,1
1626545430877,Sat Jul 17 11:10:30 PDT 2021,172,280,1
1626552641518,Sat Jul 17 13:10:41 PDT 2021,172,281,0
1626553375519,Sat Jul 17 13:22:55 PDT 2021,172,282,-1
1626571007397,Sat Jul 17 18:16:47 PDT 2021,172,284,1
1626584617068,Sat Jul 17 22:03:37 PDT 2021,172,286,0
1626713399488,Mon Jul 19 09:49:59 PDT 2021,172,288,0
1626716542302,Mon Jul 19 10:42:22 PDT 2021,172,290,1
1626720779878,Mon Jul 19 11:52:59 PDT 2021,172,291,1
1626733789437,Mon Jul 19 15:29:49 PDT 2021,172,292,0
1626737888988,Mon Jul 19 16:38:08 PDT 2021,172,294,1
1626752283390,Mon Jul 19 20:38:03 PDT 2021,172,295,1
1626791822101,Tue Jul 20 07:37:02 PDT 2021,172,296,0
1626798871471,Tue Jul 20 09:34:31 PDT 2021,172,298,0
1626910263877,Wed Jul 21 16:31:03 PDT 2021,172,299,0
1626965349245,Thu Jul 22 07:49:09 PDT 2021,172,300,0
1626919144997,Wed Jul 21 18:59:04 PDT 2021,172,301,-1
1627001531685,Thu Jul 22 17:52:11 PDT 2021,172,302,1
1627002700616,Thu Jul 22 18:11:40 PDT 2021,172,303,-1
1627008771638,Thu Jul 22 19:52:51 PDT 2021,172,305,1
1627008772048,Thu Jul 22 19:52:52 PDT 2021,172,305,1
1627084300368,Fri Jul 23 16:51:40 PDT 2021,172,309,-1
1627085536872,Fri Jul 23 17:12:16 PDT 2021,172,310,-1
1627087250877,Fri Jul 23 17:40:50 PDT 2021,172,311,-1
1627087720308,Fri Jul 23 17:48:40 PDT 2021,172,312,-1
1627100277415,Fri Jul 23 21:17:57 PDT 2021,172,313,-1
1627101107330,Fri Jul 23 21:31:47 PDT 2021,172,314,-1
1627101995455,Fri Jul 23 21:46:35 PDT 2021,172,315,-1
1627162795588,Sat Jul 24 14:39:55 PDT 2021,172,317,1
1627187385702,Sat Jul 24 21:29:45 PDT 2021,172,318,1
1627191914200,Sat Jul 24 22:45:14 PDT 2021,172,319,1
1627407755809,Tue Jul 27 10:42:35 PDT 2021,172,322,1
1627415081332,Tue Jul 27 12:44:41 PDT 2021,172,325,0
1627698661022,Fri Jul 30 19:31:01 PDT 2021,172,326,-1
1627439484346,Tue Jul 27 19:31:24 PDT 2021,172,327,-1
1627502936692,Wed Jul 28 13:08:56 PDT 2021,172,332,1
1627504081748,Wed Jul 28 13:28:01 PDT 2021,172,335,1
1627505108471,Wed Jul 28 13:45:08 PDT 2021,172,337,1
1627505920916,Wed Jul 28 13:58:40 PDT 2021,172,339,1
1627506959964,Wed Jul 28 14:15:59 PDT 2021,172,342,1
1627508893425,Wed Jul 28 14:48:13 PDT 2021,172,343,-1
1627515435855,Wed Jul 28 16:37:15 PDT 2021,172,348,1
1627523817266,Wed Jul 28 18:56:57 PDT 2021,172,353,1
1627521994439,Wed Jul 28 18:26:34 PDT 2021,172,356,1
1627529674525,Wed Jul 28 20:34:34 PDT 2021,172,357,1
1627532020536,Wed Jul 28 21:13:40 PDT 2021,172,358,-1
1627532411434,Wed Jul 28 21:20:11 PDT 2021,172,359,1
1627535674546,Wed Jul 28 22:14:34 PDT 2021,172,361,1
1627543424326,Thu Jul 29 00:23:44 PDT 2021,172,364,0
1627573415859,Thu Jul 29 08:43:35 PDT 2021,172,366,-1
1627586746804,Thu Jul 29 12:25:46 PDT 2021,172,373,1
1627608069196,Thu Jul 29 18:21:09 PDT 2021,172,376,1
1627654933642,Fri Jul 30 07:22:13 PDT 2021,172,380,-1
1627656333201,Fri Jul 30 07:45:33 PDT 2021,172,381,0
1627663739175,Fri Jul 30 09:48:59 PDT 2021,172,382,1
1627666907795,Fri Jul 30 10:41:47 PDT 2021,172,384,0
1627673665984,Fri Jul 30 12:34:25 PDT 2021,172,385,0
1627676506298,Fri Jul 30 13:21:46 PDT 2021,172,386,0
1627681356012,Fri Jul 30 14:42:36 PDT 2021,172,388,1
1627682903985,Fri Jul 30 15:08:23 PDT 2021,172,389,-1
1627686310209,Fri Jul 30 16:05:10 PDT 2021,172,394,1
1627690287061,Fri Jul 30 17:11:27 PDT 2021,172,395,1
1627702792844,Fri Jul 30 20:39:52 PDT 2021,172,396,0
1627770052843,Sat Jul 31 15:20:52 PDT 2021,172,401,1
1627772169547,Sat Jul 31 15:56:09 PDT 2021,172,402,1
1627777055676,Sat Jul 31 17:17:35 PDT 2021,172,403,1
1627837963175,Sun Aug 01 10:12:43 PDT 2021,172,404,1
1625285731192,Fri Jul 02 21:15:31 PDT 2021,173,114,1
1625285793007,Fri Jul 02 21:16:33 PDT 2021,174,114,1
1625594633738,Tue Jul 06 11:03:53 PDT 2021,175,0,0
1625951276060,Sat Jul 10 14:07:56 PDT 2021,175,50,1
1625409933460,Sun Jul 04 07:45:33 PDT 2021,175,66,1
1626145243391,Mon Jul 12 20:00:43 PDT 2021,175,98,1
1625507408777,Mon Jul 05 10:50:08 PDT 2021,175,100,0
1625376746745,Sat Jul 03 22:32:26 PDT 2021,175,124,1
1625384561077,Sun Jul 04 00:42:41 PDT 2021,175,125,0
1625410113051,Sun Jul 04 07:48:33 PDT 2021,175,126,1
1625413498499,Sun Jul 04 08:44:58 PDT 2021,175,127,1
1625415935711,Sun Jul 04 09:25:35 PDT 2021,175,128,0
1625424175400,Sun Jul 04 11:42:55 PDT 2021,175,131,1
1625428799898,Sun Jul 04 12:59:59 PDT 2021,175,132,1
1625435269645,Sun Jul 04 14:47:49 PDT 2021,175,135,1
1625436281534,Sun Jul 04 15:04:41 PDT 2021,175,136,-1
1625436971494,Sun Jul 04 15:16:11 PDT 2021,175,137,0
1625451973530,Sun Jul 04 19:26:13 PDT 2021,175,141,1
1625454618476,Sun Jul 04 20:10:18 PDT 2021,175,142,0
1625461333508,Sun Jul 04 22:02:13 PDT 2021,175,144,-1
1625462966774,Sun Jul 04 22:29:26 PDT 2021,175,145,-1
1625496752844,Mon Jul 05 07:52:32 PDT 2021,175,147,1
1625594075435,Tue Jul 06 10:54:35 PDT 2021,175,151,1
1625602522997,Tue Jul 06 13:15:22 PDT 2021,175,152,1
1625614062172,Tue Jul 06 16:27:42 PDT 2021,175,153,1
1625611738705,Tue Jul 06 15:48:58 PDT 2021,175,155,1
1625627790974,Tue Jul 06 20:16:30 PDT 2021,175,156,1
1625635676075,Tue Jul 06 22:27:56 PDT 2021,175,157,-1
1625673082304,Wed Jul 07 08:51:22 PDT 2021,175,160,1
1625674879005,Wed Jul 07 09:21:19 PDT 2021,175,161,0
1625675645013,Wed Jul 07 09:34:05 PDT 2021,175,162,0
1625676858701,Wed Jul 07 09:54:18 PDT 2021,175,163,-1
1625678393130,Wed Jul 07 10:19:53 PDT 2021,175,166,-1
1625694283279,Wed Jul 07 14:44:43 PDT 2021,175,173,-1
1625694341822,Wed Jul 07 14:45:41 PDT 2021,175,174,1
1625695763406,Wed Jul 07 15:09:23 PDT 2021,175,178,1
1625696363044,Wed Jul 07 15:19:23 PDT 2021,175,180,1
1625696593483,Wed Jul 07 15:23:13 PDT 2021,175,181,0
1625698800740,Wed Jul 07 16:00:00 PDT 2021,175,183,0
1625700040737,Wed Jul 07 16:20:40 PDT 2021,175,186,1
1625700448650,Wed Jul 07 16:27:28 PDT 2021,175,187,1
1625700970785,Wed Jul 07 16:36:10 PDT 2021,175,188,-1
1625702704514,Wed Jul 07 17:05:04 PDT 2021,175,189,1
1625710595354,Wed Jul 07 19:16:35 PDT 2021,175,191,0
1625709939965,Wed Jul 07 19:05:39 PDT 2021,175,193,-1
1625711201848,Wed Jul 07 19:26:41 PDT 2021,175,194,-1
1625722920875,Wed Jul 07 22:42:00 PDT 2021,175,196,0
1625772845436,Thu Jul 08 12:34:05 PDT 2021,175,198,0
1625759060643,Thu Jul 08 08:44:20 PDT 2021,175,199,1
1625762874943,Thu Jul 08 09:47:54 PDT 2021,175,201,-1
1625763825961,Thu Jul 08 10:03:45 PDT 2021,175,203,0
1625770671340,Thu Jul 08 11:57:51 PDT 2021,175,205,-1
1625782530490,Thu Jul 08 15:15:30 PDT 2021,175,207,0
1625784177265,Thu Jul 08 15:42:57 PDT 2021,175,208,-1
1625786808233,Thu Jul 08 16:26:48 PDT 2021,175,209,1
1625789455116,Thu Jul 08 17:10:55 PDT 2021,175,210,1
1625845205006,Fri Jul 09 08:40:05 PDT 2021,175,215,1
1625855790048,Fri Jul 09 11:36:30 PDT 2021,175,217,1
1625865019397,Fri Jul 09 14:10:19 PDT 2021,175,218,1
1625867907259,Fri Jul 09 14:58:27 PDT 2021,175,219,1
1625921847554,Sat Jul 10 05:57:27 PDT 2021,175,223,-1
1625922292897,Sat Jul 10 06:04:52 PDT 2021,175,224,0
1625926573314,Sat Jul 10 07:16:13 PDT 2021,175,225,-1
1625929353048,Sat Jul 10 08:02:33 PDT 2021,175,226,1
1625938057107,Sat Jul 10 10:27:37 PDT 2021,175,227,0
1625939561749,Sat Jul 10 10:52:41 PDT 2021,175,228,-1
1625965847535,Sat Jul 10 18:10:47 PDT 2021,175,232,0
1625971712947,Sat Jul 10 19:48:32 PDT 2021,175,233,1
1625982731562,Sat Jul 10 22:52:11 PDT 2021,175,234,0
1626012797999,Sun Jul 11 07:13:17 PDT 2021,175,236,1
1626015614657,Sun Jul 11 08:00:14 PDT 2021,175,237,-1
1626015883166,Sun Jul 11 08:04:43 PDT 2021,175,238,1
1626018566619,Sun Jul 11 08:49:26 PDT 2021,175,239,-1
1626027216358,Sun Jul 11 11:13:36 PDT 2021,175,240,-1
1626031278987,Sun Jul 11 12:21:18 PDT 2021,175,241,-1
1626034101610,Sun Jul 11 13:08:21 PDT 2021,175,243,1
1626063420499,Sun Jul 11 21:17:00 PDT 2021,175,248,1
1626097147265,Mon Jul 12 06:39:07 PDT 2021,175,250,1
1626160365149,Tue Jul 13 00:12:45 PDT 2021,175,255,-1
1626184877989,Tue Jul 13 07:01:17 PDT 2021,175,256,-1
1626214310494,Tue Jul 13 15:11:50 PDT 2021,175,260,-1
1627752289732,Sat Jul 31 10:24:49 PDT 2021,175,261,-1
1626220606066,Tue Jul 13 16:56:46 PDT 2021,175,263,-1
1626298342340,Wed Jul 14 14:32:22 PDT 2021,175,265,1
1626384367230,Thu Jul 15 14:26:07 PDT 2021,175,267,1
1626386325034,Thu Jul 15 14:58:45 PDT 2021,175,271,0
1626455490179,Fri Jul 16 10:11:30 PDT 2021,175,274,-1
1626471951644,Fri Jul 16 14:45:51 PDT 2021,175,275,1
1626493170868,Fri Jul 16 20:39:30 PDT 2021,175,276,1
1626540290030,Sat Jul 17 09:44:50 PDT 2021,175,278,1
1626545869194,Sat Jul 17 11:17:49 PDT 2021,175,280,0
1626552715605,Sat Jul 17 13:11:55 PDT 2021,175,281,0
1626554139234,Sat Jul 17 13:35:39 PDT 2021,175,282,1
1626571020358,Sat Jul 17 18:17:00 PDT 2021,175,284,1
1626584876716,Sat Jul 17 22:07:56 PDT 2021,175,286,-1
1626712984143,Mon Jul 19 09:43:04 PDT 2021,175,288,-1
1626716271377,Mon Jul 19 10:37:51 PDT 2021,175,290,-1
1626720886352,Mon Jul 19 11:54:46 PDT 2021,175,291,1
1626737737377,Mon Jul 19 16:35:37 PDT 2021,175,294,-1
1626752119152,Mon Jul 19 20:35:19 PDT 2021,175,295,-1
1626792590827,Tue Jul 20 07:49:50 PDT 2021,175,296,-1
1626799004157,Tue Jul 20 09:36:44 PDT 2021,175,298,0
1626910338288,Wed Jul 21 16:32:18 PDT 2021,175,299,-1
1626965126955,Thu Jul 22 07:45:26 PDT 2021,175,300,-1
1627001595282,Thu Jul 22 17:53:15 PDT 2021,175,302,-1
1627002723614,Thu Jul 22 18:12:03 PDT 2021,175,303,-1
1627008957914,Thu Jul 22 19:55:57 PDT 2021,175,305,1
1627082400838,Fri Jul 23 16:20:00 PDT 2021,175,308,-1
1627084411356,Fri Jul 23 16:53:31 PDT 2021,175,309,-1
1627085495884,Fri Jul 23 17:11:35 PDT 2021,175,310,-1
1627087325185,Fri Jul 23 17:42:05 PDT 2021,175,311,-1
1627088175362,Fri Jul 23 17:56:15 PDT 2021,175,312,-1
1627100220816,Fri Jul 23 21:17:00 PDT 2021,175,313,-1
1627101149592,Fri Jul 23 21:32:29 PDT 2021,175,314,-1
1627101859781,Fri Jul 23 21:44:19 PDT 2021,175,315,-1
1627162786257,Sat Jul 24 14:39:46 PDT 2021,175,317,1
1627188244574,Sat Jul 24 21:44:04 PDT 2021,175,318,0
1627192143682,Sat Jul 24 22:49:03 PDT 2021,175,319,1
1627407823747,Tue Jul 27 10:43:43 PDT 2021,175,322,1
1627414888975,Tue Jul 27 12:41:28 PDT 2021,175,325,-1
1627699483481,Fri Jul 30 19:44:43 PDT 2021,175,326,1
1627451468640,Tue Jul 27 22:51:08 PDT 2021,175,329,-1
1627502899754,Wed Jul 28 13:08:19 PDT 2021,175,332,-1
1627504254568,Wed Jul 28 13:30:54 PDT 2021,175,334,-1
1627505263021,Wed Jul 28 13:47:43 PDT 2021,175,337,-1
1627505989484,Wed Jul 28 13:59:49 PDT 2021,175,339,-1
1627509161970,Wed Jul 28 14:52:41 PDT 2021,175,343,-1
1627509937586,Wed Jul 28 15:05:37 PDT 2021,175,346,-1
1627570916110,Thu Jul 29 08:01:56 PDT 2021,175,347,1
1627515470813,Wed Jul 28 16:37:50 PDT 2021,175,348,1
1627522787675,Wed Jul 28 18:39:47 PDT 2021,175,353,1
1627522086935,Wed Jul 28 18:28:06 PDT 2021,175,356,1
1627529130905,Wed Jul 28 20:25:30 PDT 2021,175,357,-1
1627531901191,Wed Jul 28 21:11:41 PDT 2021,175,358,1
1627532168032,Wed Jul 28 21:16:08 PDT 2021,175,359,-1
1627536147302,Wed Jul 28 22:22:27 PDT 2021,175,361,0
1627536481165,Wed Jul 28 22:28:01 PDT 2021,175,363,-1
1627573849054,Thu Jul 29 08:50:49 PDT 2021,175,366,-1
1627583056718,Thu Jul 29 11:24:16 PDT 2021,175,369,-1
1627586975489,Thu Jul 29 12:29:35 PDT 2021,175,373,1
1627609100607,Thu Jul 29 18:38:20 PDT 2021,175,376,1
1627656234317,Fri Jul 30 07:43:54 PDT 2021,175,380,1
1627663627205,Fri Jul 30 09:47:07 PDT 2021,175,382,1
1627667471774,Fri Jul 30 10:51:11 PDT 2021,175,384,0
1627675613437,Fri Jul 30 13:06:53 PDT 2021,175,386,0
1627680697155,Fri Jul 30 14:31:37 PDT 2021,175,388,1
1627681591851,Fri Jul 30 14:46:31 PDT 2021,175,389,-1
1627685183041,Fri Jul 30 15:46:23 PDT 2021,175,393,-1
1627686035812,Fri Jul 30 16:00:35 PDT 2021,175,394,-1
1627702849402,Fri Jul 30 20:40:49 PDT 2021,175,396,0
1627770178246,Sat Jul 31 15:22:58 PDT 2021,175,401,-1
1627772326396,Sat Jul 31 15:58:46 PDT 2021,175,402,1
1627776602211,Sat Jul 31 17:10:02 PDT 2021,175,403,0
1627837697057,Sun Aug 01 10:08:17 PDT 2021,175,404,1
1625691959959,Wed Jul 07 14:05:59 PDT 2021,176,0,1
1625951111529,Sat Jul 10 14:05:11 PDT 2021,176,50,1
1625411094447,Sun Jul 04 08:04:54 PDT 2021,176,66,1
1626144860921,Mon Jul 12 19:54:20 PDT 2021,176,98,1
1625844377524,Fri Jul 09 08:26:17 PDT 2021,176,100,1
1626104675712,Mon Jul 12 08:44:35 PDT 2021,176,152,1
1625864600532,Fri Jul 09 14:03:20 PDT 2021,176,153,1
1625636281236,Tue Jul 06 22:38:01 PDT 2021,176,157,0
1625672554747,Wed Jul 07 08:42:34 PDT 2021,176,159,1
1625672962664,Wed Jul 07 08:49:22 PDT 2021,176,160,0
1625674391654,Wed Jul 07 09:13:11 PDT 2021,176,161,1
1625674948237,Wed Jul 07 09:22:28 PDT 2021,176,162,0
1625676413457,Wed Jul 07 09:46:53 PDT 2021,176,163,1
1625677355578,Wed Jul 07 10:02:35 PDT 2021,176,165,1
1625677601134,Wed Jul 07 10:06:41 PDT 2021,176,166,1
1625686324679,Wed Jul 07 12:32:04 PDT 2021,176,170,1
1625693650051,Wed Jul 07 14:34:10 PDT 2021,176,173,1
1625693985000,Wed Jul 07 14:39:45 PDT 2021,176,174,1
1625694724406,Wed Jul 07 14:52:04 PDT 2021,176,177,1
1625696341767,Wed Jul 07 15:19:01 PDT 2021,176,180,1
1625696531661,Wed Jul 07 15:22:11 PDT 2021,176,181,1
1625697254131,Wed Jul 07 15:34:14 PDT 2021,176,182,0
1625698052560,Wed Jul 07 15:47:32 PDT 2021,176,183,1
1625699791189,Wed Jul 07 16:16:31 PDT 2021,176,184,1
1625700163249,Wed Jul 07 16:22:43 PDT 2021,176,186,1
1625700728907,Wed Jul 07 16:32:08 PDT 2021,176,187,1
1625700576796,Wed Jul 07 16:29:36 PDT 2021,176,188,1
1625702927990,Wed Jul 07 17:08:47 PDT 2021,176,189,1
1625706982577,Wed Jul 07 18:16:22 PDT 2021,176,191,1
1625710351101,Wed Jul 07 19:12:31 PDT 2021,176,193,1
1625710925135,Wed Jul 07 19:22:05 PDT 2021,176,194,1
1625722740240,Wed Jul 07 22:39:00 PDT 2021,176,196,0
1625753197048,Thu Jul 08 07:06:37 PDT 2021,176,197,1
1625772613459,Thu Jul 08 12:30:13 PDT 2021,176,198,1
1625759504144,Thu Jul 08 08:51:44 PDT 2021,176,199,1
1625760349714,Thu Jul 08 09:05:49 PDT 2021,176,200,1
1625762533765,Thu Jul 08 09:42:13 PDT 2021,176,201,-1
1625763555511,Thu Jul 08 09:59:15 PDT 2021,176,203,1
1625770688868,Thu Jul 08 11:58:08 PDT 2021,176,205,1
1625782242200,Thu Jul 08 15:10:42 PDT 2021,176,207,1
1625784213355,Thu Jul 08 15:43:33 PDT 2021,176,208,1
1625786699349,Thu Jul 08 16:24:59 PDT 2021,176,209,1
1625788294699,Thu Jul 08 16:51:34 PDT 2021,176,210,1
1625796479688,Thu Jul 08 19:07:59 PDT 2021,176,212,1
1625801667403,Thu Jul 08 20:34:27 PDT 2021,176,213,1
1625842268209,Fri Jul 09 07:51:08 PDT 2021,176,214,1
1625845148581,Fri Jul 09 08:39:08 PDT 2021,176,215,1
1625855640754,Fri Jul 09 11:34:00 PDT 2021,176,217,1
1625864194731,Fri Jul 09 13:56:34 PDT 2021,176,218,1
1625868389351,Fri Jul 09 15:06:29 PDT 2021,176,219,1
1625921500329,Sat Jul 10 05:51:40 PDT 2021,176,223,1
1625921857150,Sat Jul 10 05:57:37 PDT 2021,176,224,1
1625926533153,Sat Jul 10 07:15:33 PDT 2021,176,225,-1
1625929573622,Sat Jul 10 08:06:13 PDT 2021,176,226,1
1625932840970,Sat Jul 10 09:00:40 PDT 2021,176,227,1
1625939312402,Sat Jul 10 10:48:32 PDT 2021,176,228,1
1625961633195,Sat Jul 10 17:00:33 PDT 2021,176,231,1
1625964779043,Sat Jul 10 17:52:59 PDT 2021,176,232,1
1625971305406,Sat Jul 10 19:41:45 PDT 2021,176,233,1
1625982337697,Sat Jul 10 22:45:37 PDT 2021,176,234,-1
1626011949839,Sun Jul 11 06:59:09 PDT 2021,176,236,0
1626015438956,Sun Jul 11 07:57:18 PDT 2021,176,237,1
1626015213178,Sun Jul 11 07:53:33 PDT 2021,176,238,1
1626016259263,Sun Jul 11 08:10:59 PDT 2021,176,239,-1
1626027667126,Sun Jul 11 11:21:07 PDT 2021,176,240,1
1626031583529,Sun Jul 11 12:26:23 PDT 2021,176,241,1
1626033192594,Sun Jul 11 12:53:12 PDT 2021,176,243,1
1626055837413,Sun Jul 11 19:10:37 PDT 2021,176,247,1
1626063331589,Sun Jul 11 21:15:31 PDT 2021,176,248,1
1626097417391,Mon Jul 12 06:43:37 PDT 2021,176,249,0
1626097295935,Mon Jul 12 06:41:35 PDT 2021,176,250,1
1626160226054,Tue Jul 13 00:10:26 PDT 2021,176,255,0
1626184644820,Tue Jul 13 06:57:24 PDT 2021,176,256,1
1626214219646,Tue Jul 13 15:10:19 PDT 2021,176,260,0
1627698334116,Fri Jul 30 19:25:34 PDT 2021,176,261,1
1626220745358,Tue Jul 13 16:59:05 PDT 2021,176,263,-1
1626274761817,Wed Jul 14 07:59:21 PDT 2021,176,265,1
1626383972409,Thu Jul 15 14:19:32 PDT 2021,176,267,1
1626386313070,Thu Jul 15 14:58:33 PDT 2021,176,271,0
1626455497099,Fri Jul 16 10:11:37 PDT 2021,176,274,1
1626471020693,Fri Jul 16 14:30:20 PDT 2021,176,275,1
1626493095872,Fri Jul 16 20:38:15 PDT 2021,176,276,0
1626540883755,Sat Jul 17 09:54:43 PDT 2021,176,278,1
1626545577467,Sat Jul 17 11:12:57 PDT 2021,176,280,0
1626552661062,Sat Jul 17 13:11:01 PDT 2021,176,281,1
1626554009291,Sat Jul 17 13:33:29 PDT 2021,176,282,1
1626568150904,Sat Jul 17 17:29:10 PDT 2021,176,284,-1
1626584840130,Sat Jul 17 22:07:20 PDT 2021,176,286,1
1626712848849,Mon Jul 19 09:40:48 PDT 2021,176,288,1
1626716462391,Mon Jul 19 10:41:02 PDT 2021,176,290,1
1626720311530,Mon Jul 19 11:45:11 PDT 2021,176,291,1
1626733848988,Mon Jul 19 15:30:48 PDT 2021,176,292,0
1626737365412,Mon Jul 19 16:29:25 PDT 2021,176,294,1
1626752228232,Mon Jul 19 20:37:08 PDT 2021,176,295,1
1626792119507,Tue Jul 20 07:41:59 PDT 2021,176,296,1
1626798864889,Tue Jul 20 09:34:24 PDT 2021,176,298,1
1626909540317,Wed Jul 21 16:19:00 PDT 2021,176,299,1
1626965175392,Thu Jul 22 07:46:15 PDT 2021,176,300,0
1627001208864,Thu Jul 22 17:46:48 PDT 2021,176,302,1
1627002573933,Thu Jul 22 18:09:33 PDT 2021,176,303,-1
1627009095955,Thu Jul 22 19:58:15 PDT 2021,176,305,1
1627083919125,Fri Jul 23 16:45:19 PDT 2021,176,309,1
1627085210917,Fri Jul 23 17:06:50 PDT 2021,176,310,1
1627086524661,Fri Jul 23 17:28:44 PDT 2021,176,311,1
1627088377752,Fri Jul 23 17:59:37 PDT 2021,176,312,1
1627099909477,Fri Jul 23 21:11:49 PDT 2021,176,313,1
1627100962457,Fri Jul 23 21:29:22 PDT 2021,176,314,1
1627101981807,Fri Jul 23 21:46:21 PDT 2021,176,315,1
1627163153887,Sat Jul 24 14:45:53 PDT 2021,176,317,1
1627187300496,Sat Jul 24 21:28:20 PDT 2021,176,318,0
1627192028720,Sat Jul 24 22:47:08 PDT 2021,176,319,-1
1627407402366,Tue Jul 27 10:36:42 PDT 2021,176,322,0
1627414996691,Tue Jul 27 12:43:16 PDT 2021,176,325,1
1627425467508,Tue Jul 27 15:37:47 PDT 2021,176,326,1
1627502765787,Wed Jul 28 13:06:05 PDT 2021,176,332,1
1627503219020,Wed Jul 28 13:13:39 PDT 2021,176,334,1
1627504099582,Wed Jul 28 13:28:19 PDT 2021,176,335,1
1627505215658,Wed Jul 28 13:46:55 PDT 2021,176,337,1
1627505968461,Wed Jul 28 13:59:28 PDT 2021,176,339,1
1627509021349,Wed Jul 28 14:50:21 PDT 2021,176,343,1
1627509432500,Wed Jul 28 14:57:12 PDT 2021,176,345,1
1627514986200,Wed Jul 28 16:29:46 PDT 2021,176,348,1
1627515203151,Wed Jul 28 16:33:23 PDT 2021,176,349,1
1627523714463,Wed Jul 28 18:55:14 PDT 2021,176,353,1
1627522336603,Wed Jul 28 18:32:16 PDT 2021,176,356,1
1627530064798,Wed Jul 28 20:41:04 PDT 2021,176,357,1
1627531878205,Wed Jul 28 21:11:18 PDT 2021,176,358,1
1627573445468,Thu Jul 29 08:44:05 PDT 2021,176,366,-1
1627579140613,Thu Jul 29 10:19:00 PDT 2021,176,368,1
1627577923509,Thu Jul 29 09:58:43 PDT 2021,176,369,1
1627586886773,Thu Jul 29 12:28:06 PDT 2021,176,373,1
1627595334046,Thu Jul 29 14:48:54 PDT 2021,176,375,1
1627609001645,Thu Jul 29 18:36:41 PDT 2021,176,376,0
1627611913544,Thu Jul 29 19:25:13 PDT 2021,176,377,1
1627656322267,Fri Jul 30 07:45:22 PDT 2021,176,380,1
1627656267112,Fri Jul 30 07:44:27 PDT 2021,176,381,1
1627663588184,Fri Jul 30 09:46:28 PDT 2021,176,382,1
1627667363253,Fri Jul 30 10:49:23 PDT 2021,176,384,1
1627675532434,Fri Jul 30 13:05:32 PDT 2021,176,386,1
1627680055830,Fri Jul 30 14:20:55 PDT 2021,176,388,1
1627681970755,Fri Jul 30 14:52:50 PDT 2021,176,389,1
1627685468655,Fri Jul 30 15:51:08 PDT 2021,176,393,0
1627702454297,Fri Jul 30 20:34:14 PDT 2021,176,396,1
1627759913651,Sat Jul 31 12:31:53 PDT 2021,176,400,1
1627769714460,Sat Jul 31 15:15:14 PDT 2021,176,401,1
1627772235774,Sat Jul 31 15:57:15 PDT 2021,176,402,1
1627775640791,Sat Jul 31 16:54:00 PDT 2021,176,403,1
1627837548588,Sun Aug 01 10:05:48 PDT 2021,176,404,1
1625594619640,Tue Jul 06 11:03:39 PDT 2021,177,0,-1
1625951055310,Sat Jul 10 14:04:15 PDT 2021,177,50,1
1625510678990,Mon Jul 05 11:44:38 PDT 2021,177,66,1
1626141210777,Mon Jul 12 18:53:30 PDT 2021,177,98,-1
1625507389426,Mon Jul 05 10:49:49 PDT 2021,177,100,-1
1625429760151,Sun Jul 04 13:16:00 PDT 2021,177,132,1
1625451829388,Sun Jul 04 19:23:49 PDT 2021,177,141,1
1625454533653,Sun Jul 04 20:08:53 PDT 2021,177,142,1
1625461012541,Sun Jul 04 21:56:52 PDT 2021,177,144,1
1625461676443,Sun Jul 04 22:07:56 PDT 2021,177,145,1
1625465131039,Sun Jul 04 23:05:31 PDT 2021,177,146,-1
1625495452999,Mon Jul 05 07:30:52 PDT 2021,177,147,0
1625593639634,Tue Jul 06 10:47:19 PDT 2021,177,151,1
1625602592336,Tue Jul 06 13:16:32 PDT 2021,177,152,0
1625597972403,Tue Jul 06 11:59:32 PDT 2021,177,153,-1
1625611420887,Tue Jul 06 15:43:40 PDT 2021,177,155,1
1625627218464,Tue Jul 06 20:06:58 PDT 2021,177,156,1
1625635711447,Tue Jul 06 22:28:31 PDT 2021,177,157,-1
1625673029717,Wed Jul 07 08:50:29 PDT 2021,177,160,-1
1625674937251,Wed Jul 07 09:22:17 PDT 2021,177,161,1
1625675139274,Wed Jul 07 09:25:39 PDT 2021,177,162,-1
1625676640634,Wed Jul 07 09:50:40 PDT 2021,177,163,-1
1625677911845,Wed Jul 07 10:11:51 PDT 2021,177,166,1
1625686120520,Wed Jul 07 12:28:40 PDT 2021,177,170,0
1625693600570,Wed Jul 07 14:33:20 PDT 2021,177,173,-1
1625694064821,Wed Jul 07 14:41:04 PDT 2021,177,174,1
1625695201993,Wed Jul 07 15:00:01 PDT 2021,177,178,1
1625696740259,Wed Jul 07 15:25:40 PDT 2021,177,181,1
1625697879654,Wed Jul 07 15:44:39 PDT 2021,177,183,1
1625700134190,Wed Jul 07 16:22:14 PDT 2021,177,186,0
1625700866874,Wed Jul 07 16:34:26 PDT 2021,177,187,1
1625700430582,Wed Jul 07 16:27:10 PDT 2021,177,188,1
1625702388210,Wed Jul 07 16:59:48 PDT 2021,177,189,-1
1625710459915,Wed Jul 07 19:14:19 PDT 2021,177,191,-1
1625710206485,Wed Jul 07 19:10:06 PDT 2021,177,193,1
1625710650699,Wed Jul 07 19:17:30 PDT 2021,177,194,-1
1625714463059,Wed Jul 07 20:21:03 PDT 2021,177,195,0
1625722881206,Wed Jul 07 22:41:21 PDT 2021,177,196,1
1625753163901,Thu Jul 08 07:06:03 PDT 2021,177,197,0
1625772784059,Thu Jul 08 12:33:04 PDT 2021,177,198,1
1625759595813,Thu Jul 08 08:53:15 PDT 2021,177,199,1
1625762340270,Thu Jul 08 09:39:00 PDT 2021,177,201,-1
1625763697478,Thu Jul 08 10:01:37 PDT 2021,177,203,0
1625770706008,Thu Jul 08 11:58:26 PDT 2021,177,205,-1
1625782048254,Thu Jul 08 15:07:28 PDT 2021,177,207,1
1625784208067,Thu Jul 08 15:43:28 PDT 2021,177,208,0
1625786744005,Thu Jul 08 16:25:44 PDT 2021,177,209,-1
1625787214942,Thu Jul 08 16:33:34 PDT 2021,177,210,1
1625796322693,Thu Jul 08 19:05:22 PDT 2021,177,212,0
1625845435606,Fri Jul 09 08:43:55 PDT 2021,177,215,1
1625855272800,Fri Jul 09 11:27:52 PDT 2021,177,217,1
1625863502615,Fri Jul 09 13:45:02 PDT 2021,177,218,1
1625868419764,Fri Jul 09 15:06:59 PDT 2021,177,219,1
1625921299401,Sat Jul 10 05:48:19 PDT 2021,177,223,1
1625922265756,Sat Jul 10 06:04:25 PDT 2021,177,224,1
1625926475888,Sat Jul 10 07:14:35 PDT 2021,177,225,-1
1625929634051,Sat Jul 10 08:07:14 PDT 2021,177,226,0
1625961711657,Sat Jul 10 17:01:51 PDT 2021,177,231,1
1625965280371,Sat Jul 10 18:01:20 PDT 2021,177,232,1
1625982610687,Sat Jul 10 22:50:10 PDT 2021,177,234,-1
1626011923585,Sun Jul 11 06:58:43 PDT 2021,177,236,-1
1626015366095,Sun Jul 11 07:56:06 PDT 2021,177,237,1
1626015572566,Sun Jul 11 07:59:32 PDT 2021,177,238,-1
1626018269696,Sun Jul 11 08:44:29 PDT 2021,177,239,-1
1626027656753,Sun Jul 11 11:20:56 PDT 2021,177,240,1
1626031923573,Sun Jul 11 12:32:03 PDT 2021,177,241,0
1626033389062,Sun Jul 11 12:56:29 PDT 2021,177,243,0
1626063490291,Sun Jul 11 21:18:10 PDT 2021,177,248,1
1626097039327,Mon Jul 12 06:37:19 PDT 2021,177,249,-1
1626097768755,Mon Jul 12 06:49:28 PDT 2021,177,250,-1
1626100932948,Mon Jul 12 07:42:12 PDT 2021,177,251,-1
1626160133889,Tue Jul 13 00:08:53 PDT 2021,177,255,1
1626184987800,Tue Jul 13 07:03:07 PDT 2021,177,256,1
1626641254126,Sun Jul 18 13:47:34 PDT 2021,177,258,-1
1626214171207,Tue Jul 13 15:09:31 PDT 2021,177,260,-1
1626235440971,Tue Jul 13 21:04:00 PDT 2021,177,265,-1
1626383133111,Thu Jul 15 14:05:33 PDT 2021,177,267,0
1626361046058,Thu Jul 15 07:57:26 PDT 2021,177,269,0
1626386192320,Thu Jul 15 14:56:32 PDT 2021,177,271,0
1626455610011,Fri Jul 16 10:13:30 PDT 2021,177,274,-1
1626472093093,Fri Jul 16 14:48:13 PDT 2021,177,275,0
1626492979458,Fri Jul 16 20:36:19 PDT 2021,177,276,-1
1626540905984,Sat Jul 17 09:55:05 PDT 2021,177,278,1
1626545537154,Sat Jul 17 11:12:17 PDT 2021,177,280,1
1626552282541,Sat Jul 17 13:04:42 PDT 2021,177,281,1
1626553369269,Sat Jul 17 13:22:49 PDT 2021,177,282,1
1626571035427,Sat Jul 17 18:17:15 PDT 2021,177,284,-1
1626584824028,Sat Jul 17 22:07:04 PDT 2021,177,286,-1
1626713329039,Mon Jul 19 09:48:49 PDT 2021,177,288,1
1626716405996,Mon Jul 19 10:40:05 PDT 2021,177,290,-1
1626720682208,Mon Jul 19 11:51:22 PDT 2021,177,291,1
1626724011176,Mon Jul 19 12:46:51 PDT 2021,177,292,-1
1626737996783,Mon Jul 19 16:39:56 PDT 2021,177,294,0
1626752348340,Mon Jul 19 20:39:08 PDT 2021,177,295,-1
1626792345673,Tue Jul 20 07:45:45 PDT 2021,177,296,-1
1626798986882,Tue Jul 20 09:36:26 PDT 2021,177,298,-1
1626910256571,Wed Jul 21 16:30:56 PDT 2021,177,299,-1
1626965148751,Thu Jul 22 07:45:48 PDT 2021,177,300,-1
1627001293558,Thu Jul 22 17:48:13 PDT 2021,177,302,1
1627002740051,Thu Jul 22 18:12:20 PDT 2021,177,303,-1
1627008792271,Thu Jul 22 19:53:12 PDT 2021,177,305,0
1627083980693,Fri Jul 23 16:46:20 PDT 2021,177,309,1
1627085242491,Fri Jul 23 17:07:22 PDT 2021,177,310,1
1627087217217,Fri Jul 23 17:40:17 PDT 2021,177,311,1
1627087895364,Fri Jul 23 17:51:35 PDT 2021,177,312,1
1627099481062,Fri Jul 23 21:04:41 PDT 2021,177,313,1
1627101037592,Fri Jul 23 21:30:37 PDT 2021,177,314,1
1627101911334,Fri Jul 23 21:45:11 PDT 2021,177,315,-1
1627163176999,Sat Jul 24 14:46:16 PDT 2021,177,317,1
1627187966384,Sat Jul 24 21:39:26 PDT 2021,177,318,-1
1627192226723,Sat Jul 24 22:50:26 PDT 2021,177,319,-1
1627407615920,Tue Jul 27 10:40:15 PDT 2021,177,322,-1
1627414876139,Tue Jul 27 12:41:16 PDT 2021,177,325,-1
1627698701804,Fri Jul 30 19:31:41 PDT 2021,177,326,1
1627439600373,Tue Jul 27 19:33:20 PDT 2021,177,327,-1
1627503235929,Wed Jul 28 13:13:55 PDT 2021,177,334,-1
1627505253220,Wed Jul 28 13:47:33 PDT 2021,177,337,-1
1627505844023,Wed Jul 28 13:57:24 PDT 2021,177,339,-1
1627506092386,Wed Jul 28 14:01:32 PDT 2021,177,340,-1
1627509083062,Wed Jul 28 14:51:23 PDT 2021,177,343,1
1627515330364,Wed Jul 28 16:35:30 PDT 2021,177,348,1
1627515252865,Wed Jul 28 16:34:12 PDT 2021,177,349,0
1627523535347,Wed Jul 28 18:52:15 PDT 2021,177,353,-1
1627521628519,Wed Jul 28 18:20:28 PDT 2021,177,356,1
1627530043256,Wed Jul 28 20:40:43 PDT 2021,177,357,-1
1627531628004,Wed Jul 28 21:07:08 PDT 2021,177,358,-1
1627532438711,Wed Jul 28 21:20:38 PDT 2021,177,359,0
1627535733248,Wed Jul 28 22:15:33 PDT 2021,177,362,1
1627542961263,Thu Jul 29 00:16:01 PDT 2021,177,364,-1
1627542965001,Thu Jul 29 00:16:05 PDT 2021,177,364,-1
1627568459957,Thu Jul 29 07:20:59 PDT 2021,177,365,1
1627573382730,Thu Jul 29 08:43:02 PDT 2021,177,366,-1
1627578990085,Thu Jul 29 10:16:30 PDT 2021,177,368,-1
1627587368955,Thu Jul 29 12:36:08 PDT 2021,177,373,1
1627595235740,Thu Jul 29 14:47:15 PDT 2021,177,375,0
1627608606078,Thu Jul 29 18:30:06 PDT 2021,177,376,0
1627613731444,Thu Jul 29 19:55:31 PDT 2021,177,378,1
1627656081122,Fri Jul 30 07:41:21 PDT 2021,177,380,0
1627656476005,Fri Jul 30 07:47:56 PDT 2021,177,381,1
1627663987261,Fri Jul 30 09:53:07 PDT 2021,177,382,-1
1627667339101,Fri Jul 30 10:48:59 PDT 2021,177,384,-1
1627675912361,Fri Jul 30 13:11:52 PDT 2021,177,386,1
1627681432909,Fri Jul 30 14:43:52 PDT 2021,177,388,1
1627682061721,Fri Jul 30 14:54:21 PDT 2021,177,389,0
1627686057561,Fri Jul 30 16:00:57 PDT 2021,177,394,-1
1627703041058,Fri Jul 30 20:44:01 PDT 2021,177,396,1
1627757044932,Sat Jul 31 11:44:04 PDT 2021,177,399,0
1627769598214,Sat Jul 31 15:13:18 PDT 2021,177,401,1
1627772120053,Sat Jul 31 15:55:20 PDT 2021,177,402,-1
1627775464593,Sat Jul 31 16:51:04 PDT 2021,177,403,-1
1627838175566,Sun Aug 01 10:16:15 PDT 2021,177,404,-1
1625436669401,Sun Jul 04 15:11:09 PDT 2021,178,135,1
1627583377296,Thu Jul 29 11:29:37 PDT 2021,179,0,-1
1627607455908,Thu Jul 29 18:10:55 PDT 2021,179,100,-1
1625437485876,Sun Jul 04 15:24:45 PDT 2021,179,136,1
1627569470061,Thu Jul 29 07:37:50 PDT 2021,179,152,-1
1627603990690,Thu Jul 29 17:13:10 PDT 2021,179,265,0
1627608200318,Thu Jul 29 18:23:20 PDT 2021,179,322,-1
1627699778703,Fri Jul 30 19:49:38 PDT 2021,179,326,-1
1627685568608,Fri Jul 30 15:52:48 PDT 2021,179,343,-1
1627518170281,Wed Jul 28 17:22:50 PDT 2021,179,352,1
1627520176335,Wed Jul 28 17:56:16 PDT 2021,179,353,-1
1627521762411,Wed Jul 28 18:22:42 PDT 2021,179,356,-1
1627529410717,Wed Jul 28 20:30:10 PDT 2021,179,357,-1
1627531704754,Wed Jul 28 21:08:24 PDT 2021,179,358,1
1627532105115,Wed Jul 28 21:15:05 PDT 2021,179,359,-1
1627535424447,Wed Jul 28 22:10:24 PDT 2021,179,361,0
1627544042333,Thu Jul 29 00:34:02 PDT 2021,179,364,-1
1627568075302,Thu Jul 29 07:14:35 PDT 2021,179,365,1
1627573421507,Thu Jul 29 08:43:41 PDT 2021,179,366,1
1627578594044,Thu Jul 29 10:09:54 PDT 2021,179,368,-1
1627587124333,Thu Jul 29 12:32:04 PDT 2021,179,373,-1
1627609650254,Thu Jul 29 18:47:30 PDT 2021,179,376,0
1627614088042,Thu Jul 29 20:01:28 PDT 2021,179,378,1
1627656345457,Fri Jul 30 07:45:45 PDT 2021,179,380,-1
1627656385918,Fri Jul 30 07:46:25 PDT 2021,179,381,0
1627663907229,Fri Jul 30 09:51:47 PDT 2021,179,382,-1
1627667883276,Fri Jul 30 10:58:03 PDT 2021,179,384,-1
1627676495745,Fri Jul 30 13:21:35 PDT 2021,179,386,-1
1627681607147,Fri Jul 30 14:46:47 PDT 2021,179,388,0
1627682765787,Fri Jul 30 15:06:05 PDT 2021,179,389,-1
1627702957696,Fri Jul 30 20:42:37 PDT 2021,179,396,-1
1627770734881,Sat Jul 31 15:32:14 PDT 2021,179,401,-1
1627772402069,Sat Jul 31 16:00:02 PDT 2021,179,402,-1
1627777236908,Sat Jul 31 17:20:36 PDT 2021,179,403,-1
1627838277382,Sun Aug 01 10:17:57 PDT 2021,179,404,-1
1625438186200,Sun Jul 04 15:36:26 PDT 2021,180,138,1
1625438350060,Sun Jul 04 15:39:10 PDT 2021,181,138,1
1625439140569,Sun Jul 04 15:52:20 PDT 2021,182,140,1
1625439443451,Sun Jul 04 15:57:23 PDT 2021,183,140,1
1625439505029,Sun Jul 04 15:58:25 PDT 2021,184,140,1
1625544673941,Mon Jul 05 21:11:13 PDT 2021,185,149,1
1625672644070,Wed Jul 07 08:44:04 PDT 2021,186,160,1
1625691952813,Wed Jul 07 14:05:52 PDT 2021,187,0,1
1625951173683,Sat Jul 10 14:06:13 PDT 2021,187,50,1
1626144930508,Mon Jul 12 19:55:30 PDT 2021,187,98,0
1625844388663,Fri Jul 09 08:26:28 PDT 2021,187,100,1
1626104694549,Mon Jul 12 08:44:54 PDT 2021,187,152,1
1625864624572,Fri Jul 09 14:03:44 PDT 2021,187,153,1
1625675101739,Wed Jul 07 09:25:01 PDT 2021,187,161,1
1625675439863,Wed Jul 07 09:30:39 PDT 2021,187,162,0
1625676442587,Wed Jul 07 09:47:22 PDT 2021,187,163,1
1625677377053,Wed Jul 07 10:02:57 PDT 2021,187,165,0
1625677898077,Wed Jul 07 10:11:38 PDT 2021,187,166,1
1625677620044,Wed Jul 07 10:07:00 PDT 2021,187,167,1
1625678865000,Wed Jul 07 10:27:45 PDT 2021,187,169,1
1625686344151,Wed Jul 07 12:32:24 PDT 2021,187,170,1
1625690064785,Wed Jul 07 13:34:24 PDT 2021,187,172,1
1625693134461,Wed Jul 07 14:25:34 PDT 2021,187,173,1
1625693931260,Wed Jul 07 14:38:51 PDT 2021,187,174,1
1625694509348,Wed Jul 07 14:48:29 PDT 2021,187,177,1
1625695381414,Wed Jul 07 15:03:01 PDT 2021,187,178,0
1625696541853,Wed Jul 07 15:22:21 PDT 2021,187,180,1
1625696537097,Wed Jul 07 15:22:17 PDT 2021,187,181,1
1625697270280,Wed Jul 07 15:34:30 PDT 2021,187,182,0
1625698276566,Wed Jul 07 15:51:16 PDT 2021,187,183,1
1625699665854,Wed Jul 07 16:14:25 PDT 2021,187,184,1
1625699839760,Wed Jul 07 16:17:19 PDT 2021,187,186,-1
1625700712216,Wed Jul 07 16:31:52 PDT 2021,187,187,1
1625700237088,Wed Jul 07 16:23:57 PDT 2021,187,188,1
1625703154500,Wed Jul 07 17:12:34 PDT 2021,187,189,1
1625709574632,Wed Jul 07 18:59:34 PDT 2021,187,191,1
1625709797446,Wed Jul 07 19:03:17 PDT 2021,187,193,1
1625710266924,Wed Jul 07 19:11:06 PDT 2021,187,194,1
1625722854571,Wed Jul 07 22:40:54 PDT 2021,187,196,0
1625752972010,Thu Jul 08 07:02:52 PDT 2021,187,197,1
1625755610856,Thu Jul 08 07:46:50 PDT 2021,187,198,1
1625759575336,Thu Jul 08 08:52:55 PDT 2021,187,199,1
1625762550307,Thu Jul 08 09:42:30 PDT 2021,187,201,-1
1625763593050,Thu Jul 08 09:59:53 PDT 2021,187,203,1
1625770594624,Thu Jul 08 11:56:34 PDT 2021,187,205,1
1625782473227,Thu Jul 08 15:14:33 PDT 2021,187,207,1
1625784356369,Thu Jul 08 15:45:56 PDT 2021,187,208,1
1625786228898,Thu Jul 08 16:17:08 PDT 2021,187,209,1
1625789679433,Thu Jul 08 17:14:39 PDT 2021,187,210,-1
1625805394274,Thu Jul 08 21:36:34 PDT 2021,187,214,1
1625844912420,Fri Jul 09 08:35:12 PDT 2021,187,215,1
1625853068011,Fri Jul 09 10:51:08 PDT 2021,187,216,1
1625855991650,Fri Jul 09 11:39:51 PDT 2021,187,217,1
1625863965030,Fri Jul 09 13:52:45 PDT 2021,187,218,1
1625868592174,Fri Jul 09 15:09:52 PDT 2021,187,219,0
1625921558518,Sat Jul 10 05:52:38 PDT 2021,187,223,1
1625922369643,Sat Jul 10 06:06:09 PDT 2021,187,224,1
1625926495134,Sat Jul 10 07:14:55 PDT 2021,187,225,1
1625929793503,Sat Jul 10 08:09:53 PDT 2021,187,226,1
1625939355313,Sat Jul 10 10:49:15 PDT 2021,187,228,1
1625961790110,Sat Jul 10 17:03:10 PDT 2021,187,231,-1
1625965145966,Sat Jul 10 17:59:05 PDT 2021,187,232,1
1625971266442,Sat Jul 10 19:41:06 PDT 2021,187,233,1
1625982009276,Sat Jul 10 22:40:09 PDT 2021,187,234,1
1626011539455,Sun Jul 11 06:52:19 PDT 2021,187,236,1
1626014891763,Sun Jul 11 07:48:11 PDT 2021,187,237,1
1626015093309,Sun Jul 11 07:51:33 PDT 2021,187,238,1
1626017061092,Sun Jul 11 08:24:21 PDT 2021,187,239,0
1626027433050,Sun Jul 11 11:17:13 PDT 2021,187,240,-1
1626031963496,Sun Jul 11 12:32:43 PDT 2021,187,241,1
1626033795015,Sun Jul 11 13:03:15 PDT 2021,187,243,0
1626055972210,Sun Jul 11 19:12:52 PDT 2021,187,247,1
1626063599124,Sun Jul 11 21:19:59 PDT 2021,187,248,1
1626097680881,Mon Jul 12 06:48:00 PDT 2021,187,250,1
1626100977051,Mon Jul 12 07:42:57 PDT 2021,187,251,1
1626160344521,Tue Jul 13 00:12:24 PDT 2021,187,255,1
1626184084369,Tue Jul 13 06:48:04 PDT 2021,187,256,1
1626213952084,Tue Jul 13 15:05:52 PDT 2021,187,260,1
1626218977698,Tue Jul 13 16:29:37 PDT 2021,187,262,1
1626220772179,Tue Jul 13 16:59:32 PDT 2021,187,263,1
1626235282088,Tue Jul 13 21:01:22 PDT 2021,187,265,1
1626383717686,Thu Jul 15 14:15:17 PDT 2021,187,267,1
1626385579698,Thu Jul 15 14:46:19 PDT 2021,187,271,1
1626455605436,Fri Jul 16 10:13:25 PDT 2021,187,274,1
1626470991305,Fri Jul 16 14:29:51 PDT 2021,187,275,1
1626493032766,Fri Jul 16 20:37:12 PDT 2021,187,276,-1
1626540770082,Sat Jul 17 09:52:50 PDT 2021,187,278,1
1626545822182,Sat Jul 17 11:17:02 PDT 2021,187,280,0
1626552561590,Sat Jul 17 13:09:21 PDT 2021,187,281,1
1626553976610,Sat Jul 17 13:32:56 PDT 2021,187,282,0
1626571073175,Sat Jul 17 18:17:53 PDT 2021,187,284,1
1626578034169,Sat Jul 17 20:13:54 PDT 2021,187,285,1
1626584668590,Sat Jul 17 22:04:28 PDT 2021,187,286,1
1626713034413,Mon Jul 19 09:43:54 PDT 2021,187,288,1
1626716478242,Mon Jul 19 10:41:18 PDT 2021,187,290,1
1626720251896,Mon Jul 19 11:44:11 PDT 2021,187,291,1
1626737603745,Mon Jul 19 16:33:23 PDT 2021,187,292,1
1626737840643,Mon Jul 19 16:37:20 PDT 2021,187,294,1
1626752353579,Mon Jul 19 20:39:13 PDT 2021,187,295,1
1626791626281,Tue Jul 20 07:33:46 PDT 2021,187,296,1
1626798650459,Tue Jul 20 09:30:50 PDT 2021,187,298,1
1626909511051,Wed Jul 21 16:18:31 PDT 2021,187,299,1
1626964962595,Thu Jul 22 07:42:42 PDT 2021,187,300,1
1626919118165,Wed Jul 21 18:58:38 PDT 2021,187,301,1
1627001039347,Thu Jul 22 17:43:59 PDT 2021,187,302,1
1627002410339,Thu Jul 22 18:06:50 PDT 2021,187,303,1
1627009129756,Thu Jul 22 19:58:49 PDT 2021,187,305,1
1627084054737,Fri Jul 23 16:47:34 PDT 2021,187,309,1
1627085635734,Fri Jul 23 17:13:55 PDT 2021,187,310,1
1627087168907,Fri Jul 23 17:39:28 PDT 2021,187,311,1
1627088162804,Fri Jul 23 17:56:02 PDT 2021,187,312,1
1627100145447,Fri Jul 23 21:15:45 PDT 2021,187,313,1
1627100516604,Fri Jul 23 21:21:56 PDT 2021,187,314,1
1627101918223,Fri Jul 23 21:45:18 PDT 2021,187,315,1
1627162969939,Sat Jul 24 14:42:49 PDT 2021,187,317,1
1627187778511,Sat Jul 24 21:36:18 PDT 2021,187,318,0
1627191307458,Sat Jul 24 22:35:07 PDT 2021,187,319,-1
1627407278506,Tue Jul 27 10:34:38 PDT 2021,187,322,1
1627414821573,Tue Jul 27 12:40:21 PDT 2021,187,325,1
1627699565304,Fri Jul 30 19:46:05 PDT 2021,187,326,1
1627439340235,Tue Jul 27 19:29:00 PDT 2021,187,327,1
1627451185794,Tue Jul 27 22:46:25 PDT 2021,187,328,1
1627451514082,Tue Jul 27 22:51:54 PDT 2021,187,329,1
1627502931875,Wed Jul 28 13:08:51 PDT 2021,187,332,1
1627504262571,Wed Jul 28 13:31:02 PDT 2021,187,334,1
1627504062524,Wed Jul 28 13:27:42 PDT 2021,187,335,1
1627504948279,Wed Jul 28 13:42:28 PDT 2021,187,337,1
1627505683997,Wed Jul 28 13:54:43 PDT 2021,187,339,1
1627506609810,Wed Jul 28 14:10:09 PDT 2021,187,341,1
1627508820968,Wed Jul 28 14:47:00 PDT 2021,187,343,1
1627508871393,Wed Jul 28 14:47:51 PDT 2021,187,345,1
1627515536912,Wed Jul 28 16:38:56 PDT 2021,187,348,1
1627522745295,Wed Jul 28 18:39:05 PDT 2021,187,353,1
1627521829832,Wed Jul 28 18:23:49 PDT 2021,187,356,-1
1627529733451,Wed Jul 28 20:35:33 PDT 2021,187,357,1
1627531890236,Wed Jul 28 21:11:30 PDT 2021,187,358,1
1627544093698,Thu Jul 29 00:34:53 PDT 2021,187,364,1
1627573581574,Thu Jul 29 08:46:21 PDT 2021,187,366,-1
1627578384860,Thu Jul 29 10:06:24 PDT 2021,187,368,1
1627583801306,Thu Jul 29 11:36:41 PDT 2021,187,371,1
1627586615712,Thu Jul 29 12:23:35 PDT 2021,187,373,1
1627608668156,Thu Jul 29 18:31:08 PDT 2021,187,376,1
1627613535724,Thu Jul 29 19:52:15 PDT 2021,187,378,1
1627654964168,Fri Jul 30 07:22:44 PDT 2021,187,380,1
1627664203808,Fri Jul 30 09:56:43 PDT 2021,187,382,1
1627667606788,Fri Jul 30 10:53:26 PDT 2021,187,384,1
1627676095039,Fri Jul 30 13:14:55 PDT 2021,187,386,1
1627681362328,Fri Jul 30 14:42:42 PDT 2021,187,388,1
1627682826065,Fri Jul 30 15:07:06 PDT 2021,187,389,1
1627686124135,Fri Jul 30 16:02:04 PDT 2021,187,394,1
1627702464834,Fri Jul 30 20:34:24 PDT 2021,187,396,0
1627752525808,Sat Jul 31 10:28:45 PDT 2021,187,398,1
1627770215088,Sat Jul 31 15:23:35 PDT 2021,187,401,1
1627771902365,Sat Jul 31 15:51:42 PDT 2021,187,402,1
1627776177591,Sat Jul 31 17:02:57 PDT 2021,187,403,1
1627837647650,Sun Aug 01 10:07:27 PDT 2021,187,404,1
1625691967376,Wed Jul 07 14:06:07 PDT 2021,188,0,0
1625951218163,Sat Jul 10 14:06:58 PDT 2021,188,50,0
1626145358882,Mon Jul 12 20:02:38 PDT 2021,188,98,0
1625844425145,Fri Jul 09 08:27:05 PDT 2021,188,100,-1
1626104712142,Mon Jul 12 08:45:12 PDT 2021,188,152,0
1625864617092,Fri Jul 09 14:03:37 PDT 2021,188,153,0
1625675233756,Wed Jul 07 09:27:13 PDT 2021,188,161,1
1625675468762,Wed Jul 07 09:31:08 PDT 2021,188,162,0
1625676525893,Wed Jul 07 09:48:45 PDT 2021,188,163,1
1625677427717,Wed Jul 07 10:03:47 PDT 2021,188,165,1
1625678472152,Wed Jul 07 10:21:12 PDT 2021,188,166,1
1625677655471,Wed Jul 07 10:07:35 PDT 2021,188,167,0
1625686170761,Wed Jul 07 12:29:30 PDT 2021,188,170,1
1625689354814,Wed Jul 07 13:22:34 PDT 2021,188,171,0
1625693988518,Wed Jul 07 14:39:48 PDT 2021,188,173,1
1625693829377,Wed Jul 07 14:37:09 PDT 2021,188,174,1
1625694416689,Wed Jul 07 14:46:56 PDT 2021,188,177,1
1625695299998,Wed Jul 07 15:01:39 PDT 2021,188,178,1
1625696413597,Wed Jul 07 15:20:13 PDT 2021,188,180,1
1625696458022,Wed Jul 07 15:20:58 PDT 2021,188,181,0
1625697626325,Wed Jul 07 15:40:26 PDT 2021,188,183,0
1625699739722,Wed Jul 07 16:15:39 PDT 2021,188,186,-1
1625700486498,Wed Jul 07 16:28:06 PDT 2021,188,187,0
1625700869576,Wed Jul 07 16:34:29 PDT 2021,188,188,-1
1625702746643,Wed Jul 07 17:05:46 PDT 2021,188,189,1
1625710240717,Wed Jul 07 19:10:40 PDT 2021,188,191,0
1625710343813,Wed Jul 07 19:12:23 PDT 2021,188,193,0
1625711237928,Wed Jul 07 19:27:17 PDT 2021,188,194,0
1625723212346,Wed Jul 07 22:46:52 PDT 2021,188,196,0
1625773003284,Thu Jul 08 12:36:43 PDT 2021,188,198,-1
1625759496555,Thu Jul 08 08:51:36 PDT 2021,188,199,-1
1625762986840,Thu Jul 08 09:49:46 PDT 2021,188,201,-1
1625763833964,Thu Jul 08 10:03:53 PDT 2021,188,203,0
1625770788208,Thu Jul 08 11:59:48 PDT 2021,188,205,0
1625782507585,Thu Jul 08 15:15:07 PDT 2021,188,207,0
1625784429319,Thu Jul 08 15:47:09 PDT 2021,188,208,1
1625787050579,Thu Jul 08 16:30:50 PDT 2021,188,209,0
1625845493125,Fri Jul 09 08:44:53 PDT 2021,188,215,-1
1625856227781,Fri Jul 09 11:43:47 PDT 2021,188,217,1
1625864292331,Fri Jul 09 13:58:12 PDT 2021,188,218,-1
1625868765988,Fri Jul 09 15:12:45 PDT 2021,188,219,0
1625921751523,Sat Jul 10 05:55:51 PDT 2021,188,223,-1
1625922691368,Sat Jul 10 06:11:31 PDT 2021,188,224,0
1625928723109,Sat Jul 10 07:52:03 PDT 2021,188,226,1
1625966051451,Sat Jul 10 18:14:11 PDT 2021,188,232,1
1625982616616,Sat Jul 10 22:50:16 PDT 2021,188,234,-1
1626012683026,Sun Jul 11 07:11:23 PDT 2021,188,236,-1
1626015707938,Sun Jul 11 08:01:47 PDT 2021,188,237,0
1626016033213,Sun Jul 11 08:07:13 PDT 2021,188,238,-1
1626018971302,Sun Jul 11 08:56:11 PDT 2021,188,239,0
1626027728795,Sun Jul 11 11:22:08 PDT 2021,188,240,1
1626032047826,Sun Jul 11 12:34:07 PDT 2021,188,241,-1
1626034154738,Sun Jul 11 13:09:14 PDT 2021,188,243,0
1626063945147,Sun Jul 11 21:25:45 PDT 2021,188,248,-1
1626097979836,Mon Jul 12 06:52:59 PDT 2021,188,250,1
1626160562677,Tue Jul 13 00:16:02 PDT 2021,188,255,0
1626184995840,Tue Jul 13 07:03:15 PDT 2021,188,256,1
1626214532844,Tue Jul 13 15:15:32 PDT 2021,188,260,0
1626298480235,Wed Jul 14 14:34:40 PDT 2021,188,265,0
1626384424979,Thu Jul 15 14:27:04 PDT 2021,188,267,-1
1626386288304,Thu Jul 15 14:58:08 PDT 2021,188,271,0
1626456360547,Fri Jul 16 10:26:00 PDT 2021,188,274,0
1626472139351,Fri Jul 16 14:48:59 PDT 2021,188,275,-1
1626493043319,Fri Jul 16 20:37:23 PDT 2021,188,276,0
1626541559090,Sat Jul 17 10:05:59 PDT 2021,188,278,0
1626546417022,Sat Jul 17 11:26:57 PDT 2021,188,280,0
1626552901194,Sat Jul 17 13:15:01 PDT 2021,188,281,0
1626554203238,Sat Jul 17 13:36:43 PDT 2021,188,282,0
1626571048976,Sat Jul 17 18:17:28 PDT 2021,188,284,0
1626584870997,Sat Jul 17 22:07:50 PDT 2021,188,286,1
1626713205762,Mon Jul 19 09:46:45 PDT 2021,188,288,1
1626720875549,Mon Jul 19 11:54:35 PDT 2021,188,291,0
1626733936182,Mon Jul 19 15:32:16 PDT 2021,188,292,1
1626738109081,Mon Jul 19 16:41:49 PDT 2021,188,294,-1
1626752542739,Mon Jul 19 20:42:22 PDT 2021,188,295,-1
1626792705622,Tue Jul 20 07:51:45 PDT 2021,188,296,-1
1626799339122,Tue Jul 20 09:42:19 PDT 2021,188,298,0
1626910351532,Wed Jul 21 16:32:31 PDT 2021,188,299,0
1626965446048,Thu Jul 22 07:50:46 PDT 2021,188,300,0
1627001621924,Thu Jul 22 17:53:41 PDT 2021,188,302,1
1627002759150,Thu Jul 22 18:12:39 PDT 2021,188,303,-1
1627008351688,Thu Jul 22 19:45:51 PDT 2021,188,305,1
1627084498800,Fri Jul 23 16:54:58 PDT 2021,188,309,1
1627085908496,Fri Jul 23 17:18:28 PDT 2021,188,310,-1
1627087311516,Fri Jul 23 17:41:51 PDT 2021,188,311,1
1627088418457,Fri Jul 23 18:00:18 PDT 2021,188,312,1
1627100375111,Fri Jul 23 21:19:35 PDT 2021,188,313,1
1627101133477,Fri Jul 23 21:32:13 PDT 2021,188,314,1
1627102132807,Fri Jul 23 21:48:52 PDT 2021,188,315,1
1627163310426,Sat Jul 24 14:48:30 PDT 2021,188,317,0
1627188307495,Sat Jul 24 21:45:07 PDT 2021,188,318,-1
1627192193933,Sat Jul 24 22:49:53 PDT 2021,188,319,-1
1627408074447,Tue Jul 27 10:47:54 PDT 2021,188,322,0
1627699768762,Fri Jul 30 19:49:28 PDT 2021,188,326,1
1627505280374,Wed Jul 28 13:48:00 PDT 2021,188,337,1
1627508996318,Wed Jul 28 14:49:56 PDT 2021,188,343,1
1627515640051,Wed Jul 28 16:40:40 PDT 2021,188,348,0
1627523693360,Wed Jul 28 18:54:53 PDT 2021,188,353,-1
1627522404255,Wed Jul 28 18:33:24 PDT 2021,188,356,1
1627530704199,Wed Jul 28 20:51:44 PDT 2021,188,357,-1
1627531614519,Wed Jul 28 21:06:54 PDT 2021,188,358,1
1627535083237,Wed Jul 28 22:04:43 PDT 2021,188,361,1
1627573999106,Thu Jul 29 08:53:19 PDT 2021,188,366,1
1627578532386,Thu Jul 29 10:08:52 PDT 2021,188,368,1
1627587413968,Thu Jul 29 12:36:53 PDT 2021,188,373,-1
1627609497604,Thu Jul 29 18:44:57 PDT 2021,188,376,1
1627656633520,Fri Jul 30 07:50:33 PDT 2021,188,380,0
1627664366923,Fri Jul 30 09:59:26 PDT 2021,188,382,0
1627668057086,Fri Jul 30 11:00:57 PDT 2021,188,384,-1
1627676229356,Fri Jul 30 13:17:09 PDT 2021,188,386,0
1627681854119,Fri Jul 30 14:50:54 PDT 2021,188,388,0
1627682433864,Fri Jul 30 15:00:33 PDT 2021,188,389,1
1627690350102,Fri Jul 30 17:12:30 PDT 2021,188,395,0
1627703299005,Fri Jul 30 20:48:19 PDT 2021,188,396,-1
1627770782212,Sat Jul 31 15:33:02 PDT 2021,188,401,1
1627771863998,Sat Jul 31 15:51:03 PDT 2021,188,402,-1
1627776464962,Sat Jul 31 17:07:44 PDT 2021,188,403,0
1627838245990,Sun Aug 01 10:17:25 PDT 2021,188,404,1
1625675389692,Wed Jul 07 09:29:49 PDT 2021,189,161,1
1625675760680,Wed Jul 07 09:36:00 PDT 2021,190,162,1
1625675815113,Wed Jul 07 09:36:55 PDT 2021,191,162,1
1625677295261,Wed Jul 07 10:01:35 PDT 2021,192,165,1
1625693947090,Wed Jul 07 14:39:07 PDT 2021,193,175,1
1625770968553,Thu Jul 08 12:02:48 PDT 2021,194,0,1
1625951252481,Sat Jul 10 14:07:32 PDT 2021,194,50,0
1626140903347,Mon Jul 12 18:48:23 PDT 2021,194,98,1
1625844363826,Fri Jul 09 08:26:03 PDT 2021,194,100,-1
1626104684471,Mon Jul 12 08:44:44 PDT 2021,194,152,0
1625864633091,Fri Jul 09 14:03:53 PDT 2021,194,153,0
1625694647896,Wed Jul 07 14:50:47 PDT 2021,194,173,1
1625698674854,Wed Jul 07 15:57:54 PDT 2021,194,183,-1
1625699452074,Wed Jul 07 16:10:52 PDT 2021,194,184,-1
1625699424272,Wed Jul 07 16:10:24 PDT 2021,194,185,-1
1625699771783,Wed Jul 07 16:16:11 PDT 2021,194,186,0
1625701033610,Wed Jul 07 16:37:13 PDT 2021,194,187,0
1625700603211,Wed Jul 07 16:30:03 PDT 2021,194,188,1
1625702667879,Wed Jul 07 17:04:27 PDT 2021,194,189,-1
1625707390095,Wed Jul 07 18:23:10 PDT 2021,194,191,1
1625709904346,Wed Jul 07 19:05:04 PDT 2021,194,193,1
1625710337004,Wed Jul 07 19:12:17 PDT 2021,194,194,1
1625722685481,Wed Jul 07 22:38:05 PDT 2021,194,196,1
1625752859453,Thu Jul 08 07:00:59 PDT 2021,194,197,1
1625755553401,Thu Jul 08 07:45:53 PDT 2021,194,198,1
1625759243776,Thu Jul 08 08:47:23 PDT 2021,194,199,-1
1625762813050,Thu Jul 08 09:46:53 PDT 2021,194,201,-1
1625763589327,Thu Jul 08 09:59:49 PDT 2021,194,203,1
1625770363287,Thu Jul 08 11:52:43 PDT 2021,194,205,1
1625782404761,Thu Jul 08 15:13:24 PDT 2021,194,207,1
1625783716407,Thu Jul 08 15:35:16 PDT 2021,194,208,1
1625786620242,Thu Jul 08 16:23:40 PDT 2021,194,209,0
1625789118967,Thu Jul 08 17:05:18 PDT 2021,194,210,1
1625801514808,Thu Jul 08 20:31:54 PDT 2021,194,213,-1
1625805398536,Thu Jul 08 21:36:38 PDT 2021,194,214,1
1625844820028,Fri Jul 09 08:33:40 PDT 2021,194,215,0
1625855957975,Fri Jul 09 11:39:17 PDT 2021,194,217,0
1625863880639,Fri Jul 09 13:51:20 PDT 2021,194,218,1
1625868034554,Fri Jul 09 15:00:34 PDT 2021,194,219,0
1625921714026,Sat Jul 10 05:55:14 PDT 2021,194,223,0
1625922496388,Sat Jul 10 06:08:16 PDT 2021,194,224,1
1625929590964,Sat Jul 10 08:06:30 PDT 2021,194,226,0
1625939982050,Sat Jul 10 10:59:42 PDT 2021,194,228,1
1625964860356,Sat Jul 10 17:54:20 PDT 2021,194,232,1
1625982412594,Sat Jul 10 22:46:52 PDT 2021,194,234,-1
1626012441696,Sun Jul 11 07:07:21 PDT 2021,194,236,0
1626015722169,Sun Jul 11 08:02:02 PDT 2021,194,237,0
1626015477702,Sun Jul 11 07:57:57 PDT 2021,194,238,-1
1626017957715,Sun Jul 11 08:39:17 PDT 2021,194,239,-1
1626027610409,Sun Jul 11 11:20:10 PDT 2021,194,240,-1
1626031956614,Sun Jul 11 12:32:36 PDT 2021,194,241,-1
1626033249490,Sun Jul 11 12:54:09 PDT 2021,194,243,0
1626063882595,Sun Jul 11 21:24:42 PDT 2021,194,248,-1
1626097795814,Mon Jul 12 06:49:55 PDT 2021,194,250,1
1626160566274,Tue Jul 13 00:16:06 PDT 2021,194,255,1
1626185009332,Tue Jul 13 07:03:29 PDT 2021,194,256,0
1626214441004,Tue Jul 13 15:14:01 PDT 2021,194,260,1
1626235498811,Tue Jul 13 21:04:58 PDT 2021,194,265,1
1626383838354,Thu Jul 15 14:17:18 PDT 2021,194,267,0
1626386462244,Thu Jul 15 15:01:02 PDT 2021,194,271,1
1626456182241,Fri Jul 16 10:23:02 PDT 2021,194,274,-1
1626470825889,Fri Jul 16 14:27:05 PDT 2021,194,275,-1
1626493119064,Fri Jul 16 20:38:39 PDT 2021,194,276,0
1626541481562,Sat Jul 17 10:04:41 PDT 2021,194,278,0
1626546380483,Sat Jul 17 11:26:20 PDT 2021,194,280,0
1626552872562,Sat Jul 17 13:14:32 PDT 2021,194,281,1
1626554026548,Sat Jul 17 13:33:46 PDT 2021,194,282,-1
1626571093223,Sat Jul 17 18:18:13 PDT 2021,194,284,0
1626584793661,Sat Jul 17 22:06:33 PDT 2021,194,286,1
1626713048282,Mon Jul 19 09:44:08 PDT 2021,194,288,1
1626716485906,Mon Jul 19 10:41:25 PDT 2021,194,290,1
1626720822330,Mon Jul 19 11:53:42 PDT 2021,194,291,0
1626737905004,Mon Jul 19 16:38:25 PDT 2021,194,294,1
1626752443503,Mon Jul 19 20:40:43 PDT 2021,194,295,1
1626792171541,Tue Jul 20 07:42:51 PDT 2021,194,296,1
1626799218739,Tue Jul 20 09:40:18 PDT 2021,194,298,1
1626909974332,Wed Jul 21 16:26:14 PDT 2021,194,299,1
1626965435161,Thu Jul 22 07:50:35 PDT 2021,194,300,1
1627001353285,Thu Jul 22 17:49:13 PDT 2021,194,302,1
1627002590636,Thu Jul 22 18:09:50 PDT 2021,194,303,-1
1627009179654,Thu Jul 22 19:59:39 PDT 2021,194,305,0
1627084508181,Fri Jul 23 16:55:08 PDT 2021,194,309,1
1627085360470,Fri Jul 23 17:09:20 PDT 2021,194,310,1
1627087104961,Fri Jul 23 17:38:24 PDT 2021,194,311,1
1627088570524,Fri Jul 23 18:02:50 PDT 2021,194,312,1
1627100322455,Fri Jul 23 21:18:42 PDT 2021,194,313,1
1627100877622,Fri Jul 23 21:27:57 PDT 2021,194,314,1
1627101809519,Fri Jul 23 21:43:29 PDT 2021,194,315,1
1627162665483,Sat Jul 24 14:37:45 PDT 2021,194,317,1
1627187743291,Sat Jul 24 21:35:43 PDT 2021,194,318,-1
1627192246566,Sat Jul 24 22:50:46 PDT 2021,194,319,-1
1627407953083,Tue Jul 27 10:45:53 PDT 2021,194,322,-1
1627407953830,Tue Jul 27 10:45:53 PDT 2021,194,322,-1
1627699515803,Fri Jul 30 19:45:15 PDT 2021,194,326,1
1627451486768,Tue Jul 27 22:51:26 PDT 2021,194,329,1
1627502652891,Wed Jul 28 13:04:12 PDT 2021,194,332,1
1627505291652,Wed Jul 28 13:48:11 PDT 2021,194,337,1
1627505662945,Wed Jul 28 13:54:22 PDT 2021,194,339,1
1627508467439,Wed Jul 28 14:41:07 PDT 2021,194,343,1
1627508814551,Wed Jul 28 14:46:54 PDT 2021,194,345,1
1627515481489,Wed Jul 28 16:38:01 PDT 2021,194,348,1
1627522854136,Wed Jul 28 18:40:54 PDT 2021,194,353,-1
1627522119705,Wed Jul 28 18:28:39 PDT 2021,194,356,-1
1627529642023,Wed Jul 28 20:34:02 PDT 2021,194,357,-1
1627531470929,Wed Jul 28 21:04:30 PDT 2021,194,358,-1
1627532467741,Wed Jul 28 21:21:07 PDT 2021,194,359,1
1627544271386,Thu Jul 29 00:37:51 PDT 2021,194,364,-1
1627573296222,Thu Jul 29 08:41:36 PDT 2021,194,366,-1
1627578722890,Thu Jul 29 10:12:02 PDT 2021,194,368,0
1627579524443,Thu Jul 29 10:25:24 PDT 2021,194,370,-1
1627586874444,Thu Jul 29 12:27:54 PDT 2021,194,373,-1
1627608908461,Thu Jul 29 18:35:08 PDT 2021,194,376,0
1627613669904,Thu Jul 29 19:54:29 PDT 2021,194,378,1
1627656093372,Fri Jul 30 07:41:33 PDT 2021,194,380,0
1627663914856,Fri Jul 30 09:51:54 PDT 2021,194,382,-1
1627667898409,Fri Jul 30 10:58:18 PDT 2021,194,384,1
1627676457038,Fri Jul 30 13:20:57 PDT 2021,194,386,-1
1627681314235,Fri Jul 30 14:41:54 PDT 2021,194,388,0
1627682443739,Fri Jul 30 15:00:43 PDT 2021,194,389,1
1627686288146,Fri Jul 30 16:04:48 PDT 2021,194,394,1
1627690361835,Fri Jul 30 17:12:41 PDT 2021,194,395,0
1627703586341,Fri Jul 30 20:53:06 PDT 2021,194,396,0
1627770756648,Sat Jul 31 15:32:36 PDT 2021,194,401,-1
1627772038781,Sat Jul 31 15:53:58 PDT 2021,194,402,-1
1627777160324,Sat Jul 31 17:19:20 PDT 2021,194,403,-1
1627837616933,Sun Aug 01 10:06:56 PDT 2021,194,404,-1
1625695682324,Wed Jul 07 15:08:02 PDT 2021,195,178,1
1625770964834,Thu Jul 08 12:02:44 PDT 2021,196,0,1
1625775398368,Thu Jul 08 13:16:38 PDT 2021,196,0,1
1625951117530,Sat Jul 10 14:05:17 PDT 2021,196,50,-1
1626145323019,Mon Jul 12 20:02:03 PDT 2021,196,98,1
1625844335566,Fri Jul 09 08:25:35 PDT 2021,196,100,-1
1626104708035,Mon Jul 12 08:45:08 PDT 2021,196,152,0
1625864593523,Fri Jul 09 14:03:13 PDT 2021,196,153,1
1625701098750,Wed Jul 07 16:38:18 PDT 2021,196,188,1
1625707138155,Wed Jul 07 18:18:58 PDT 2021,196,191,1
1625709855013,Wed Jul 07 19:04:15 PDT 2021,196,193,0
1625710294319,Wed Jul 07 19:11:34 PDT 2021,196,194,-1
1625714482122,Wed Jul 07 20:21:22 PDT 2021,196,195,-1
1625722722735,Wed Jul 07 22:38:42 PDT 2021,196,196,1
1625752650639,Thu Jul 08 06:57:30 PDT 2021,196,197,1
1625755432021,Thu Jul 08 07:43:52 PDT 2021,196,198,-1
1625758803216,Thu Jul 08 08:40:03 PDT 2021,196,199,1
1625760225299,Thu Jul 08 09:03:45 PDT 2021,196,200,0
1625762407505,Thu Jul 08 09:40:07 PDT 2021,196,201,-1
1625763382080,Thu Jul 08 09:56:22 PDT 2021,196,203,1
1625768650639,Thu Jul 08 11:24:10 PDT 2021,196,204,0
1625770385295,Thu Jul 08 11:53:05 PDT 2021,196,205,1
1625782466687,Thu Jul 08 15:14:26 PDT 2021,196,207,0
1625784110151,Thu Jul 08 15:41:50 PDT 2021,196,208,-1
1625786781104,Thu Jul 08 16:26:21 PDT 2021,196,209,0
1625788475976,Thu Jul 08 16:54:35 PDT 2021,196,210,-1
1625796490030,Thu Jul 08 19:08:10 PDT 2021,196,212,0
1625801554835,Thu Jul 08 20:32:34 PDT 2021,196,213,1
1625845188448,Fri Jul 09 08:39:48 PDT 2021,196,215,0
1625855661835,Fri Jul 09 11:34:21 PDT 2021,196,217,-1
1625863560758,Fri Jul 09 13:46:00 PDT 2021,196,218,1
1625868747746,Fri Jul 09 15:12:27 PDT 2021,196,219,1
1625921811303,Sat Jul 10 05:56:51 PDT 2021,196,223,0
1625922439232,Sat Jul 10 06:07:19 PDT 2021,196,224,-1
1625929734920,Sat Jul 10 08:08:54 PDT 2021,196,226,0
1625937541543,Sat Jul 10 10:19:01 PDT 2021,196,227,1
1625939857691,Sat Jul 10 10:57:37 PDT 2021,196,228,-1
1625964271911,Sat Jul 10 17:44:31 PDT 2021,196,232,1
1625981962400,Sat Jul 10 22:39:22 PDT 2021,196,234,-1
1626011583671,Sun Jul 11 06:53:03 PDT 2021,196,236,-1
1626015650018,Sun Jul 11 08:00:50 PDT 2021,196,237,-1
1626015437142,Sun Jul 11 07:57:17 PDT 2021,196,238,1
1626018620993,Sun Jul 11 08:50:20 PDT 2021,196,239,0
1626027601333,Sun Jul 11 11:20:01 PDT 2021,196,240,1
1626031712516,Sun Jul 11 12:28:32 PDT 2021,196,241,1
1626033811750,Sun Jul 11 13:03:31 PDT 2021,196,243,0
1626063377818,Sun Jul 11 21:16:17 PDT 2021,196,248,1
1626097809170,Mon Jul 12 06:50:09 PDT 2021,196,250,1
1626160476499,Tue Jul 13 00:14:36 PDT 2021,196,255,1
1626184947294,Tue Jul 13 07:02:27 PDT 2021,196,256,1
1626214290999,Tue Jul 13 15:11:30 PDT 2021,196,260,1
1626235338267,Tue Jul 13 21:02:18 PDT 2021,196,265,0
1626383646788,Thu Jul 15 14:14:06 PDT 2021,196,267,1
1626386467987,Thu Jul 15 15:01:07 PDT 2021,196,271,0
1626455368499,Fri Jul 16 10:09:28 PDT 2021,196,274,-1
1626471267223,Fri Jul 16 14:34:27 PDT 2021,196,275,1
1626492972115,Fri Jul 16 20:36:12 PDT 2021,196,276,0
1626541132531,Sat Jul 17 09:58:52 PDT 2021,196,278,1
1626545284601,Sat Jul 17 11:08:04 PDT 2021,196,280,1
1626552432752,Sat Jul 17 13:07:12 PDT 2021,196,281,1
1626553454241,Sat Jul 17 13:24:14 PDT 2021,196,282,1
1626571112399,Sat Jul 17 18:18:32 PDT 2021,196,284,-1
1626584852356,Sat Jul 17 22:07:32 PDT 2021,196,286,1
1626713067746,Mon Jul 19 09:44:27 PDT 2021,196,288,1
1626720733337,Mon Jul 19 11:52:13 PDT 2021,196,291,0
1626737911746,Mon Jul 19 16:38:31 PDT 2021,196,294,-1
1626752483418,Mon Jul 19 20:41:23 PDT 2021,196,295,-1
1626791993906,Tue Jul 20 07:39:53 PDT 2021,196,296,-1
1626799157694,Tue Jul 20 09:39:17 PDT 2021,196,298,-1
1626909377934,Wed Jul 21 16:16:17 PDT 2021,196,299,1
1626965156057,Thu Jul 22 07:45:56 PDT 2021,196,300,1
1627001396023,Thu Jul 22 17:49:56 PDT 2021,196,302,1
1627002643486,Thu Jul 22 18:10:43 PDT 2021,196,303,-1
1627007737808,Thu Jul 22 19:35:37 PDT 2021,196,304,-1
1627009083270,Thu Jul 22 19:58:03 PDT 2021,196,305,0
1627083668345,Fri Jul 23 16:41:08 PDT 2021,196,309,1
1627085430010,Fri Jul 23 17:10:30 PDT 2021,196,310,1
1627086685721,Fri Jul 23 17:31:25 PDT 2021,196,311,1
1627088371291,Fri Jul 23 17:59:31 PDT 2021,196,312,1
1627099764332,Fri Jul 23 21:09:24 PDT 2021,196,313,1
1627101163778,Fri Jul 23 21:32:43 PDT 2021,196,314,1
1627101880212,Fri Jul 23 21:44:40 PDT 2021,196,315,1
1627163145672,Sat Jul 24 14:45:45 PDT 2021,196,317,1
1627187851545,Sat Jul 24 21:37:31 PDT 2021,196,318,0
1627191694559,Sat Jul 24 22:41:34 PDT 2021,196,319,0
1627407766530,Tue Jul 27 10:42:46 PDT 2021,196,322,0
1627414825791,Tue Jul 27 12:40:25 PDT 2021,196,325,1
1627698825460,Fri Jul 30 19:33:45 PDT 2021,196,326,1
1627439566415,Tue Jul 27 19:32:46 PDT 2021,196,327,1
1627451088848,Tue Jul 27 22:44:48 PDT 2021,196,328,1
1627504995052,Wed Jul 28 13:43:15 PDT 2021,196,337,1
1627505869669,Wed Jul 28 13:57:49 PDT 2021,196,339,1
1627506628975,Wed Jul 28 14:10:28 PDT 2021,196,341,1
1627509214915,Wed Jul 28 14:53:34 PDT 2021,196,343,1
1627509309455,Wed Jul 28 14:55:09 PDT 2021,196,345,1
1627515326531,Wed Jul 28 16:35:26 PDT 2021,196,348,1
1627523425006,Wed Jul 28 18:50:25 PDT 2021,196,353,1
1627522199408,Wed Jul 28 18:29:59 PDT 2021,196,356,1
1627529914951,Wed Jul 28 20:38:34 PDT 2021,196,357,1
1627531991277,Wed Jul 28 21:13:11 PDT 2021,196,358,1
1627535774975,Wed Jul 28 22:16:14 PDT 2021,196,361,0
1627544400598,Thu Jul 29 00:40:00 PDT 2021,196,364,1
1627573375340,Thu Jul 29 08:42:55 PDT 2021,196,366,1
1627582648858,Thu Jul 29 11:17:28 PDT 2021,196,369,1
1627587222710,Thu Jul 29 12:33:42 PDT 2021,196,373,-1
1627609944330,Thu Jul 29 18:52:24 PDT 2021,196,376,0
1627656336801,Fri Jul 30 07:45:36 PDT 2021,196,380,1
1627656601670,Fri Jul 30 07:50:01 PDT 2021,196,381,0
1627664192544,Fri Jul 30 09:56:32 PDT 2021,196,382,1
1627667423128,Fri Jul 30 10:50:23 PDT 2021,196,384,1
1627676272170,Fri Jul 30 13:17:52 PDT 2021,196,386,-1
1627681643844,Fri Jul 30 14:47:23 PDT 2021,196,388,0
1627681500627,Fri Jul 30 14:45:00 PDT 2021,196,389,1
1627686276201,Fri Jul 30 16:04:36 PDT 2021,196,394,1
1627703173876,Fri Jul 30 20:46:13 PDT 2021,196,396,0
1627752451306,Sat Jul 31 10:27:31 PDT 2021,196,397,1
1627769852952,Sat Jul 31 15:17:32 PDT 2021,196,401,0
1627772027936,Sat Jul 31 15:53:47 PDT 2021,196,402,-1
1627775717343,Sat Jul 31 16:55:17 PDT 2021,196,403,0
1627837717755,Sun Aug 01 10:08:37 PDT 2021,196,404,-1
1625755260737,Thu Jul 08 07:41:00 PDT 2021,197,198,1
1625773104732,Thu Jul 08 12:38:24 PDT 2021,198,198,1
1625794019137,Thu Jul 08 18:26:59 PDT 2021,199,211,1
1625805256186,Thu Jul 08 21:34:16 PDT 2021,200,214,1
1625845639058,Fri Jul 09 08:47:19 PDT 2021,201,215,1
1625856382891,Fri Jul 09 11:46:22 PDT 2021,202,217,1
1625863796928,Fri Jul 09 13:49:56 PDT 2021,203,218,1
1625956839309,Sat Jul 10 15:40:39 PDT 2021,204,0,-1
1625951064734,Sat Jul 10 14:04:24 PDT 2021,204,50,0
1626145450216,Mon Jul 12 20:04:10 PDT 2021,204,98,-1
1626120421398,Mon Jul 12 13:07:01 PDT 2021,204,100,0
1626104661766,Mon Jul 12 08:44:21 PDT 2021,204,152,-1
1626031593004,Sun Jul 11 12:26:33 PDT 2021,204,153,-1
1625914583407,Sat Jul 10 03:56:23 PDT 2021,204,222,1
1627051328713,Fri Jul 23 07:42:08 PDT 2021,204,224,-1
1625928955758,Sat Jul 10 07:55:55 PDT 2021,204,226,0
1625937930607,Sat Jul 10 10:25:30 PDT 2021,204,227,1
1625939616331,Sat Jul 10 10:53:36 PDT 2021,204,228,-1
1625961477042,Sat Jul 10 16:57:57 PDT 2021,204,231,0
1625965790970,Sat Jul 10 18:09:50 PDT 2021,204,232,-1
1625971806488,Sat Jul 10 19:50:06 PDT 2021,204,233,0
1625982672244,Sat Jul 10 22:51:12 PDT 2021,204,234,-1
1626012562281,Sun Jul 11 07:09:22 PDT 2021,204,236,1
1626015158104,Sun Jul 11 07:52:38 PDT 2021,204,237,-1
1626015969495,Sun Jul 11 08:06:09 PDT 2021,204,238,0
1626018751196,Sun Jul 11 08:52:31 PDT 2021,204,239,1
1626027715058,Sun Jul 11 11:21:55 PDT 2021,204,240,-1
1626032014731,Sun Jul 11 12:33:34 PDT 2021,204,241,-1
1626034088236,Sun Jul 11 13:08:08 PDT 2021,204,243,0
1626063889649,Sun Jul 11 21:24:49 PDT 2021,204,248,-1
1626097956239,Mon Jul 12 06:52:36 PDT 2021,204,250,1
1626160606368,Tue Jul 13 00:16:46 PDT 2021,204,255,0
1626185381370,Tue Jul 13 07:09:41 PDT 2021,204,256,-1
1626641239171,Sun Jul 18 13:47:19 PDT 2021,204,258,1
1626214513827,Tue Jul 13 15:15:13 PDT 2021,204,260,-1
1626298456506,Wed Jul 14 14:34:16 PDT 2021,204,265,0
1626384332999,Thu Jul 15 14:25:32 PDT 2021,204,267,0
1626386403228,Thu Jul 15 15:00:03 PDT 2021,204,271,0
1626455718206,Fri Jul 16 10:15:18 PDT 2021,204,274,0
1626472183090,Fri Jul 16 14:49:43 PDT 2021,204,275,-1
1626493196145,Fri Jul 16 20:39:56 PDT 2021,204,276,0
1626541437575,Sat Jul 17 10:03:57 PDT 2021,204,278,-1
1626545799032,Sat Jul 17 11:16:39 PDT 2021,204,280,0
1626552691522,Sat Jul 17 13:11:31 PDT 2021,204,281,-1
1626554148491,Sat Jul 17 13:35:48 PDT 2021,204,282,-1
1626571189333,Sat Jul 17 18:19:49 PDT 2021,204,284,1
1626584945978,Sat Jul 17 22:09:05 PDT 2021,204,286,1
1626713435682,Mon Jul 19 09:50:35 PDT 2021,204,288,0
1626716636744,Mon Jul 19 10:43:56 PDT 2021,204,290,1
1626721006877,Mon Jul 19 11:56:46 PDT 2021,204,291,0
1626737806982,Mon Jul 19 16:36:46 PDT 2021,204,294,0
1626752582215,Mon Jul 19 20:43:02 PDT 2021,204,295,-1
1626792616320,Tue Jul 20 07:50:16 PDT 2021,204,296,1
1626799357429,Tue Jul 20 09:42:37 PDT 2021,204,298,0
1626910333215,Wed Jul 21 16:32:13 PDT 2021,204,299,0
1626965477166,Thu Jul 22 07:51:17 PDT 2021,204,300,0
1627001223331,Thu Jul 22 17:47:03 PDT 2021,204,302,-1
1627002779247,Thu Jul 22 18:12:59 PDT 2021,204,303,1
1627009213614,Thu Jul 22 20:00:13 PDT 2021,204,305,0
1627084569996,Fri Jul 23 16:56:09 PDT 2021,204,309,-1
1627085903915,Fri Jul 23 17:18:23 PDT 2021,204,310,-1
1627087297147,Fri Jul 23 17:41:37 PDT 2021,204,311,-1
1627088631072,Fri Jul 23 18:03:51 PDT 2021,204,312,-1
1627100379844,Fri Jul 23 21:19:39 PDT 2021,204,313,-1
1627101222173,Fri Jul 23 21:33:42 PDT 2021,204,314,-1
1627102100439,Fri Jul 23 21:48:20 PDT 2021,204,315,-1
1627163446363,Sat Jul 24 14:50:46 PDT 2021,204,317,0
1627188429941,Sat Jul 24 21:47:09 PDT 2021,204,318,1
1627192332504,Sat Jul 24 22:52:12 PDT 2021,204,319,-1
1627408065287,Tue Jul 27 10:47:45 PDT 2021,204,322,-1
1627699788407,Fri Jul 30 19:49:48 PDT 2021,204,326,0
1627451126636,Tue Jul 27 22:45:26 PDT 2021,204,328,1
1627505359255,Wed Jul 28 13:49:19 PDT 2021,204,337,1
1627509248085,Wed Jul 28 14:54:08 PDT 2021,204,343,-1
1627515361549,Wed Jul 28 16:36:01 PDT 2021,204,348,-1
1627524288199,Wed Jul 28 19:04:48 PDT 2021,204,353,-1
1627521709038,Wed Jul 28 18:21:49 PDT 2021,204,356,-1
1627530592012,Wed Jul 28 20:49:52 PDT 2021,204,357,-1
1627573473045,Thu Jul 29 08:44:33 PDT 2021,204,366,1
1627587481853,Thu Jul 29 12:38:01 PDT 2021,204,373,-1
1627593488485,Thu Jul 29 14:18:08 PDT 2021,204,374,1
1627610118921,Thu Jul 29 18:55:18 PDT 2021,204,376,0
1627656567964,Fri Jul 30 07:49:27 PDT 2021,204,380,-1
1627664255135,Fri Jul 30 09:57:35 PDT 2021,204,382,-1
1627667979002,Fri Jul 30 10:59:39 PDT 2021,204,384,0
1627676787116,Fri Jul 30 13:26:27 PDT 2021,204,386,-1
1627681970103,Fri Jul 30 14:52:50 PDT 2021,204,388,-1
1627682790933,Fri Jul 30 15:06:30 PDT 2021,204,389,-1
1627703781932,Fri Jul 30 20:56:21 PDT 2021,204,396,-1
1627770827544,Sat Jul 31 15:33:47 PDT 2021,204,401,-1
1627772248537,Sat Jul 31 15:57:28 PDT 2021,204,402,-1
1627777073799,Sat Jul 31 17:17:53 PDT 2021,204,403,-1
1627838293697,Sun Aug 01 10:18:13 PDT 2021,204,404,-1
1627583361272,Thu Jul 29 11:29:21 PDT 2021,205,0,1
1627602091916,Thu Jul 29 16:41:31 PDT 2021,205,100,-1
1627569461664,Thu Jul 29 07:37:41 PDT 2021,205,152,-1
1625939156429,Sat Jul 10 10:45:56 PDT 2021,205,228,1
1627603882620,Thu Jul 29 17:11:22 PDT 2021,205,265,-1
1627608167636,Thu Jul 29 18:22:47 PDT 2021,205,322,1
1627699557367,Fri Jul 30 19:45:57 PDT 2021,205,326,0
1627685513305,Fri Jul 30 15:51:53 PDT 2021,205,343,1
1627530507128,Wed Jul 28 20:48:27 PDT 2021,205,357,1
1627531504910,Wed Jul 28 21:05:04 PDT 2021,205,358,1
1627532123105,Wed Jul 28 21:15:23 PDT 2021,205,359,1
1627535207090,Wed Jul 28 22:06:47 PDT 2021,205,361,1
1627535482042,Wed Jul 28 22:11:22 PDT 2021,205,362,1
1627543086000,Thu Jul 29 00:18:06 PDT 2021,205,364,-1
1627573398804,Thu Jul 29 08:43:18 PDT 2021,205,366,1
1627577130073,Thu Jul 29 09:45:30 PDT 2021,205,367,-1
1627577967188,Thu Jul 29 09:59:27 PDT 2021,205,368,-1
1627582618261,Thu Jul 29 11:16:58 PDT 2021,205,369,1
1627586598993,Thu Jul 29 12:23:18 PDT 2021,205,373,-1
1627607774980,Thu Jul 29 18:16:14 PDT 2021,205,376,0
1627612142022,Thu Jul 29 19:29:02 PDT 2021,205,377,1
1627613647373,Thu Jul 29 19:54:07 PDT 2021,205,378,0
1627655509354,Fri Jul 30 07:31:49 PDT 2021,205,380,-1
1627663962125,Fri Jul 30 09:52:42 PDT 2021,205,382,1
1627664843920,Fri Jul 30 10:07:23 PDT 2021,205,383,1
1627666724620,Fri Jul 30 10:38:44 PDT 2021,205,384,1
1627675635200,Fri Jul 30 13:07:15 PDT 2021,205,386,-1
1627681556874,Fri Jul 30 14:45:56 PDT 2021,205,388,0
1627682478335,Fri Jul 30 15:01:18 PDT 2021,205,389,-1
1627684581577,Fri Jul 30 15:36:21 PDT 2021,205,392,1
1627690184930,Fri Jul 30 17:09:44 PDT 2021,205,395,0
1627702057228,Fri Jul 30 20:27:37 PDT 2021,205,396,0
1627752682429,Sat Jul 31 10:31:22 PDT 2021,205,398,1
1627770158597,Sat Jul 31 15:22:38 PDT 2021,205,401,-1
1627771830690,Sat Jul 31 15:50:30 PDT 2021,205,402,1
1627776842899,Sat Jul 31 17:14:02 PDT 2021,205,403,-1
1627838102469,Sun Aug 01 10:15:02 PDT 2021,205,404,1
1626194965975,Tue Jul 13 09:49:25 PDT 2021,206,0,1
1626144911977,Mon Jul 12 19:55:11 PDT 2021,206,98,-1
1626120380332,Mon Jul 12 13:06:20 PDT 2021,206,100,1
1626104671012,Mon Jul 12 08:44:31 PDT 2021,206,152,1
1626031573019,Sun Jul 11 12:26:13 PDT 2021,206,153,1
1627051320740,Fri Jul 23 07:42:00 PDT 2021,206,224,0
1625966738607,Sat Jul 10 18:25:38 PDT 2021,206,232,1
1626008509170,Sun Jul 11 06:01:49 PDT 2021,206,235,0
1626011342469,Sun Jul 11 06:49:02 PDT 2021,206,236,-1
1626015178969,Sun Jul 11 07:52:58 PDT 2021,206,237,1
1626015298137,Sun Jul 11 07:54:58 PDT 2021,206,238,1
1626016171858,Sun Jul 11 08:09:31 PDT 2021,206,239,-1
1626027193986,Sun Jul 11 11:13:13 PDT 2021,206,240,1
1626029865822,Sun Jul 11 11:57:45 PDT 2021,206,241,1
1626033124512,Sun Jul 11 12:52:04 PDT 2021,206,243,0
1626055824542,Sun Jul 11 19:10:24 PDT 2021,206,247,-1
1626062841314,Sun Jul 11 21:07:21 PDT 2021,206,248,-1
1626096928907,Mon Jul 12 06:35:28 PDT 2021,206,249,0
1626097320703,Mon Jul 12 06:42:00 PDT 2021,206,250,1
1626100849104,Mon Jul 12 07:40:49 PDT 2021,206,251,1
1626160171733,Tue Jul 13 00:09:31 PDT 2021,206,255,0
1626184600477,Tue Jul 13 06:56:40 PDT 2021,206,256,1
1626198026347,Tue Jul 13 10:40:26 PDT 2021,206,257,-1
1626213749289,Tue Jul 13 15:02:29 PDT 2021,206,260,1
1626220868804,Tue Jul 13 17:01:08 PDT 2021,206,263,1
1626235346268,Tue Jul 13 21:02:26 PDT 2021,206,265,1
1626383250828,Thu Jul 15 14:07:30 PDT 2021,206,267,1
1626360920356,Thu Jul 15 07:55:20 PDT 2021,206,269,1
1626386185010,Thu Jul 15 14:56:25 PDT 2021,206,271,1
1626455559485,Fri Jul 16 10:12:39 PDT 2021,206,274,1
1626472023818,Fri Jul 16 14:47:03 PDT 2021,206,275,0
1626492968443,Fri Jul 16 20:36:08 PDT 2021,206,276,0
1626540686731,Sat Jul 17 09:51:26 PDT 2021,206,278,1
1626540741901,Sat Jul 17 09:52:21 PDT 2021,206,279,1
1626545595002,Sat Jul 17 11:13:15 PDT 2021,206,280,0
1626552758913,Sat Jul 17 13:12:38 PDT 2021,206,281,-1
1626553801267,Sat Jul 17 13:30:01 PDT 2021,206,282,-1
1626568138706,Sat Jul 17 17:28:58 PDT 2021,206,284,-1
1626584886066,Sat Jul 17 22:08:06 PDT 2021,206,286,1
1626712743004,Mon Jul 19 09:39:03 PDT 2021,206,288,0
1626716253881,Mon Jul 19 10:37:33 PDT 2021,206,290,1
1626720241097,Mon Jul 19 11:44:01 PDT 2021,206,291,1
1626739262301,Mon Jul 19 17:01:02 PDT 2021,206,292,0
1626737449810,Mon Jul 19 16:30:49 PDT 2021,206,294,1
1626752495779,Mon Jul 19 20:41:35 PDT 2021,206,295,1
1626792542195,Tue Jul 20 07:49:02 PDT 2021,206,296,1
1626798818237,Tue Jul 20 09:33:38 PDT 2021,206,298,1
1626909357124,Wed Jul 21 16:15:57 PDT 2021,206,299,-1
1626965252609,Thu Jul 22 07:47:32 PDT 2021,206,300,0
1627001377154,Thu Jul 22 17:49:37 PDT 2021,206,302,0
1627002688094,Thu Jul 22 18:11:28 PDT 2021,206,303,-1
1627009146331,Thu Jul 22 19:59:06 PDT 2021,206,305,1
1627084238094,Fri Jul 23 16:50:38 PDT 2021,206,309,-1
1627085629243,Fri Jul 23 17:13:49 PDT 2021,206,310,-1
1627087272734,Fri Jul 23 17:41:12 PDT 2021,206,311,-1
1627088087405,Fri Jul 23 17:54:47 PDT 2021,206,312,-1
1627100170922,Fri Jul 23 21:16:10 PDT 2021,206,313,-1
1627101146873,Fri Jul 23 21:32:26 PDT 2021,206,314,-1
1627101842082,Fri Jul 23 21:44:02 PDT 2021,206,315,-1
1627162864632,Sat Jul 24 14:41:04 PDT 2021,206,317,1
1627188063278,Sat Jul 24 21:41:03 PDT 2021,206,318,-1
1627192050970,Sat Jul 24 22:47:30 PDT 2021,206,319,-1
1627407442149,Tue Jul 27 10:37:22 PDT 2021,206,322,-1
1627414706385,Tue Jul 27 12:38:26 PDT 2021,206,325,1
1627425662258,Tue Jul 27 15:41:02 PDT 2021,206,326,0
1627504233451,Wed Jul 28 13:30:33 PDT 2021,206,334,1
1627504179317,Wed Jul 28 13:29:39 PDT 2021,206,335,0
1627505240547,Wed Jul 28 13:47:20 PDT 2021,206,337,1
1627505769913,Wed Jul 28 13:56:09 PDT 2021,206,339,1
1627508843647,Wed Jul 28 14:47:23 PDT 2021,206,343,-1
1627515276749,Wed Jul 28 16:34:36 PDT 2021,206,348,1
1627515137076,Wed Jul 28 16:32:17 PDT 2021,206,349,1
1627523893988,Wed Jul 28 18:58:13 PDT 2021,206,353,1
1627522190926,Wed Jul 28 18:29:50 PDT 2021,206,356,1
1627530106219,Wed Jul 28 20:41:46 PDT 2021,206,357,-1
1627532425003,Wed Jul 28 21:20:25 PDT 2021,206,359,1
1627536558335,Wed Jul 28 22:29:18 PDT 2021,206,363,1
1627543129758,Thu Jul 29 00:18:49 PDT 2021,206,364,1
1627573257187,Thu Jul 29 08:40:57 PDT 2021,206,366,-1
1627578281719,Thu Jul 29 10:04:41 PDT 2021,206,368,0
1627582645784,Thu Jul 29 11:17:25 PDT 2021,206,369,1
1627586488344,Thu Jul 29 12:21:28 PDT 2021,206,373,1
1627607765135,Thu Jul 29 18:16:05 PDT 2021,206,376,1
1627655621887,Fri Jul 30 07:33:41 PDT 2021,206,380,1
1627663645028,Fri Jul 30 09:47:25 PDT 2021,206,382,-1
1627667400189,Fri Jul 30 10:50:00 PDT 2021,206,384,1
1627675697710,Fri Jul 30 13:08:17 PDT 2021,206,386,-1
1627675900594,Fri Jul 30 13:11:40 PDT 2021,206,387,0
1627681347603,Fri Jul 30 14:42:27 PDT 2021,206,388,0
1627681545806,Fri Jul 30 14:45:45 PDT 2021,206,389,0
1627684630700,Fri Jul 30 15:37:10 PDT 2021,206,392,1
1627685326567,Fri Jul 30 15:48:46 PDT 2021,206,393,0
1627702922834,Fri Jul 30 20:42:02 PDT 2021,206,396,1
1627752443726,Sat Jul 31 10:27:23 PDT 2021,206,397,1
1627759776544,Sat Jul 31 12:29:36 PDT 2021,206,400,0
1627769653359,Sat Jul 31 15:14:13 PDT 2021,206,401,0
1627772260865,Sat Jul 31 15:57:40 PDT 2021,206,402,-1
1627777002855,Sat Jul 31 17:16:42 PDT 2021,206,403,1
1627838133307,Sun Aug 01 10:15:33 PDT 2021,206,404,-1
1626194936539,Tue Jul 13 09:48:56 PDT 2021,207,0,0
1626144832689,Mon Jul 12 19:53:52 PDT 2021,207,98,-1
1626120400899,Mon Jul 12 13:06:40 PDT 2021,207,100,0
1626104700364,Mon Jul 12 08:45:00 PDT 2021,207,152,0
1626031586928,Sun Jul 11 12:26:26 PDT 2021,207,153,1
1627051333362,Fri Jul 23 07:42:13 PDT 2021,207,224,1
1626378243888,Thu Jul 15 12:44:03 PDT 2021,207,232,1
1626016246714,Sun Jul 11 08:10:46 PDT 2021,207,238,1
1626027249793,Sun Jul 11 11:14:09 PDT 2021,207,240,-1
1626029811925,Sun Jul 11 11:56:51 PDT 2021,207,241,0
1626033231959,Sun Jul 11 12:53:51 PDT 2021,207,243,0
1626055855912,Sun Jul 11 19:10:55 PDT 2021,207,247,1
1626063074893,Sun Jul 11 21:11:14 PDT 2021,207,248,-1
1626097185728,Mon Jul 12 06:39:45 PDT 2021,207,249,0
1626097181419,Mon Jul 12 06:39:41 PDT 2021,207,250,-1
1626160588909,Tue Jul 13 00:16:28 PDT 2021,207,255,0
1626184971019,Tue Jul 13 07:02:51 PDT 2021,207,256,1
1626213900782,Tue Jul 13 15:05:00 PDT 2021,207,260,-1
1626298460700,Wed Jul 14 14:34:20 PDT 2021,207,265,0
1626384431549,Thu Jul 15 14:27:11 PDT 2021,207,267,0
1626386475649,Thu Jul 15 15:01:15 PDT 2021,207,271,0
1626455729530,Fri Jul 16 10:15:29 PDT 2021,207,274,0
1626472144254,Fri Jul 16 14:49:04 PDT 2021,207,275,1
1626493010779,Fri Jul 16 20:36:50 PDT 2021,207,276,-1
1626541577316,Sat Jul 17 10:06:17 PDT 2021,207,278,1
1626546424750,Sat Jul 17 11:27:04 PDT 2021,207,280,0
1626552887947,Sat Jul 17 13:14:47 PDT 2021,207,281,1
1626553988930,Sat Jul 17 13:33:08 PDT 2021,207,282,1
1626571096337,Sat Jul 17 18:18:16 PDT 2021,207,284,0
1626584901686,Sat Jul 17 22:08:21 PDT 2021,207,286,-1
1626713357989,Mon Jul 19 09:49:17 PDT 2021,207,288,1
1626720946820,Mon Jul 19 11:55:46 PDT 2021,207,291,0
1626737942080,Mon Jul 19 16:39:02 PDT 2021,207,294,-1
1626752459648,Mon Jul 19 20:40:59 PDT 2021,207,295,1
1626792664354,Tue Jul 20 07:51:04 PDT 2021,207,296,-1
1626799275640,Tue Jul 20 09:41:15 PDT 2021,207,298,0
1626910379431,Wed Jul 21 16:32:59 PDT 2021,207,299,1
1626965146811,Thu Jul 22 07:45:46 PDT 2021,207,300,0
1627001597372,Thu Jul 22 17:53:17 PDT 2021,207,302,1
1627002625065,Thu Jul 22 18:10:25 PDT 2021,207,303,-1
1627009002976,Thu Jul 22 19:56:42 PDT 2021,207,305,1
1627084460851,Fri Jul 23 16:54:20 PDT 2021,207,309,0
1627085649232,Fri Jul 23 17:14:09 PDT 2021,207,310,-1
1627087388468,Fri Jul 23 17:43:08 PDT 2021,207,311,-1
1627088211575,Fri Jul 23 17:56:51 PDT 2021,207,312,-1
1627100326496,Fri Jul 23 21:18:46 PDT 2021,207,313,-1
1627101281632,Fri Jul 23 21:34:41 PDT 2021,207,314,-1
1627102108720,Fri Jul 23 21:48:28 PDT 2021,207,315,-1
1627163348148,Sat Jul 24 14:49:08 PDT 2021,207,317,1
1627188312166,Sat Jul 24 21:45:12 PDT 2021,207,318,-1
1627192289513,Sat Jul 24 22:51:29 PDT 2021,207,319,-1
1627408068070,Tue Jul 27 10:47:48 PDT 2021,207,322,-1
1627698930167,Fri Jul 30 19:35:30 PDT 2021,207,326,0
1627504978217,Wed Jul 28 13:42:58 PDT 2021,207,337,-1
1627506087575,Wed Jul 28 14:01:27 PDT 2021,207,340,1
1627508854899,Wed Jul 28 14:47:34 PDT 2021,207,343,-1
1627515420836,Wed Jul 28 16:37:00 PDT 2021,207,348,1
1627522827641,Wed Jul 28 18:40:27 PDT 2021,207,353,1
1627522128601,Wed Jul 28 18:28:48 PDT 2021,207,356,0
1627530048173,Wed Jul 28 20:40:48 PDT 2021,207,357,-1
1627531909639,Wed Jul 28 21:11:49 PDT 2021,207,358,-1
1627536200571,Wed Jul 28 22:23:20 PDT 2021,207,361,0
1627573983328,Thu Jul 29 08:53:03 PDT 2021,207,366,-1
1627582864755,Thu Jul 29 11:21:04 PDT 2021,207,369,-1
1627585174789,Thu Jul 29 11:59:34 PDT 2021,207,372,-1
1627587439189,Thu Jul 29 12:37:19 PDT 2021,207,373,0
1627609043916,Thu Jul 29 18:37:23 PDT 2021,207,376,-1
1627656585251,Fri Jul 30 07:49:45 PDT 2021,207,380,1
1627664313024,Fri Jul 30 09:58:33 PDT 2021,207,382,-1
1627667949045,Fri Jul 30 10:59:09 PDT 2021,207,384,0
1627676546783,Fri Jul 30 13:22:26 PDT 2021,207,386,1
1627681579961,Fri Jul 30 14:46:19 PDT 2021,207,388,0
1627682913530,Fri Jul 30 15:08:33 PDT 2021,207,389,1
1627684303946,Fri Jul 30 15:31:43 PDT 2021,207,391,-1
1627686023882,Fri Jul 30 16:00:23 PDT 2021,207,394,-1
1627703100544,Fri Jul 30 20:45:00 PDT 2021,207,396,0
1627770017950,Sat Jul 31 15:20:17 PDT 2021,207,401,1
1627772398113,Sat Jul 31 15:59:58 PDT 2021,207,402,-1
1627777032904,Sat Jul 31 17:17:12 PDT 2021,207,403,0
1627777033089,Sat Jul 31 17:17:13 PDT 2021,207,403,0
1627838194398,Sun Aug 01 10:16:34 PDT 2021,207,404,-1
1626029794635,Sun Jul 11 11:56:34 PDT 2021,208,242,1
1626033020769,Sun Jul 11 12:50:20 PDT 2021,209,243,1
1626039446718,Sun Jul 11 14:37:26 PDT 2021,210,244,1
1626194951833,Tue Jul 13 09:49:11 PDT 2021,211,0,1
1626145164477,Mon Jul 12 19:59:24 PDT 2021,211,98,1
1626324657933,Wed Jul 14 21:50:57 PDT 2021,211,100,1
1626454831685,Fri Jul 16 10:00:31 PDT 2021,211,152,-1
1626475691636,Fri Jul 16 15:48:11 PDT 2021,211,153,1
1627051295397,Fri Jul 23 07:41:35 PDT 2021,211,224,1
1626378266054,Thu Jul 15 12:44:26 PDT 2021,211,232,0
1626160014754,Tue Jul 13 00:06:54 PDT 2021,211,255,1
1626184142954,Tue Jul 13 06:49:02 PDT 2021,211,256,-1
1626197929969,Tue Jul 13 10:38:49 PDT 2021,211,257,1
1626228020961,Tue Jul 13 19:00:20 PDT 2021,211,259,0
1626213649156,Tue Jul 13 15:00:49 PDT 2021,211,260,-1
1626215431251,Tue Jul 13 15:30:31 PDT 2021,211,261,1
1626218670751,Tue Jul 13 16:24:30 PDT 2021,211,262,0
1626220784229,Tue Jul 13 16:59:44 PDT 2021,211,263,1
1626234462521,Tue Jul 13 20:47:42 PDT 2021,211,264,0
1626235397026,Tue Jul 13 21:03:17 PDT 2021,211,265,-1
1626383723808,Thu Jul 15 14:15:23 PDT 2021,211,267,1
1626385968184,Thu Jul 15 14:52:48 PDT 2021,211,271,0
1626455870595,Fri Jul 16 10:17:50 PDT 2021,211,274,-1
1626471154614,Fri Jul 16 14:32:34 PDT 2021,211,275,1
1626492686410,Fri Jul 16 20:31:26 PDT 2021,211,276,0
1626541403797,Sat Jul 17 10:03:23 PDT 2021,211,278,-1
1626545787325,Sat Jul 17 11:16:27 PDT 2021,211,280,1
1626552480100,Sat Jul 17 13:08:00 PDT 2021,211,281,1
1626553448813,Sat Jul 17 13:24:08 PDT 2021,211,282,-1
1626568417045,Sat Jul 17 17:33:37 PDT 2021,211,284,1
1626584765091,Sat Jul 17 22:06:05 PDT 2021,211,286,1
1626713340020,Mon Jul 19 09:49:00 PDT 2021,211,288,1
1626716419961,Mon Jul 19 10:40:19 PDT 2021,211,290,1
1626720708806,Mon Jul 19 11:51:48 PDT 2021,211,291,1
1626737612299,Mon Jul 19 16:33:32 PDT 2021,211,292,1
1626737336531,Mon Jul 19 16:28:56 PDT 2021,211,294,-1
1626752295186,Mon Jul 19 20:38:15 PDT 2021,211,295,-1
1626792136201,Tue Jul 20 07:42:16 PDT 2021,211,296,1
1626799070004,Tue Jul 20 09:37:50 PDT 2021,211,298,0
1626910139331,Wed Jul 21 16:28:59 PDT 2021,211,299,1
1626965338524,Thu Jul 22 07:48:58 PDT 2021,211,300,0
1627001413103,Thu Jul 22 17:50:13 PDT 2021,211,302,1
1627002578240,Thu Jul 22 18:09:38 PDT 2021,211,303,-1
1627008736726,Thu Jul 22 19:52:16 PDT 2021,211,305,1
1627084335007,Fri Jul 23 16:52:15 PDT 2021,211,309,1
1627085760157,Fri Jul 23 17:16:00 PDT 2021,211,310,1
1627087328649,Fri Jul 23 17:42:08 PDT 2021,211,311,1
1627088170578,Fri Jul 23 17:56:10 PDT 2021,211,312,1
1627099923615,Fri Jul 23 21:12:03 PDT 2021,211,313,1
1627100734404,Fri Jul 23 21:25:34 PDT 2021,211,314,1
1627101770954,Fri Jul 23 21:42:50 PDT 2021,211,315,1
1627163242453,Sat Jul 24 14:47:22 PDT 2021,211,317,0
1627188042736,Sat Jul 24 21:40:42 PDT 2021,211,318,1
1627192185436,Sat Jul 24 22:49:45 PDT 2021,211,319,0
1627408034540,Tue Jul 27 10:47:14 PDT 2021,211,322,1
1627414837470,Tue Jul 27 12:40:37 PDT 2021,211,325,1
1627699585265,Fri Jul 30 19:46:25 PDT 2021,211,326,1
1627451629291,Tue Jul 27 22:53:49 PDT 2021,211,330,1
1627504258291,Wed Jul 28 13:30:58 PDT 2021,211,334,1
1627505321332,Wed Jul 28 13:48:41 PDT 2021,211,337,1
1627505871477,Wed Jul 28 13:57:51 PDT 2021,211,339,1
1627506793600,Wed Jul 28 14:13:13 PDT 2021,211,341,1
1627509087588,Wed Jul 28 14:51:27 PDT 2021,211,343,1
1627515347828,Wed Jul 28 16:35:47 PDT 2021,211,348,-1
1627522905289,Wed Jul 28 18:41:45 PDT 2021,211,353,-1
1627522267777,Wed Jul 28 18:31:07 PDT 2021,211,356,-1
1627529302866,Wed Jul 28 20:28:22 PDT 2021,211,357,1
1627532010516,Wed Jul 28 21:13:30 PDT 2021,211,358,1
1627532665889,Wed Jul 28 21:24:25 PDT 2021,211,359,0
1627542793522,Thu Jul 29 00:13:13 PDT 2021,211,364,1
1627573475991,Thu Jul 29 08:44:35 PDT 2021,211,366,1
1627586753911,Thu Jul 29 12:25:53 PDT 2021,211,373,-1
1627593557360,Thu Jul 29 14:19:17 PDT 2021,211,374,1
1627608950235,Thu Jul 29 18:35:50 PDT 2021,211,376,0
1627614135437,Thu Jul 29 20:02:15 PDT 2021,211,378,0
1627656459951,Fri Jul 30 07:47:39 PDT 2021,211,380,0
1627656086157,Fri Jul 30 07:41:26 PDT 2021,211,381,1
1627664154320,Fri Jul 30 09:55:54 PDT 2021,211,382,1
1627667839290,Fri Jul 30 10:57:19 PDT 2021,211,384,1
1627676611660,Fri Jul 30 13:23:31 PDT 2021,211,386,-1
1627681656451,Fri Jul 30 14:47:36 PDT 2021,211,388,1
1627682351099,Fri Jul 30 14:59:11 PDT 2021,211,389,-1
1627683987284,Fri Jul 30 15:26:27 PDT 2021,211,391,1
1627686282670,Fri Jul 30 16:04:42 PDT 2021,211,394,1
1627703326186,Fri Jul 30 20:48:46 PDT 2021,211,396,0
1627752582824,Sat Jul 31 10:29:42 PDT 2021,211,398,1
1627760061144,Sat Jul 31 12:34:21 PDT 2021,211,400,-1
1627769542070,Sat Jul 31 15:12:22 PDT 2021,211,401,1
1627772289794,Sat Jul 31 15:58:09 PDT 2021,211,402,1
1627776735429,Sat Jul 31 17:12:15 PDT 2021,211,403,0
1627838043280,Sun Aug 01 10:14:03 PDT 2021,211,404,1
1626145220991,Mon Jul 12 20:00:20 PDT 2021,212,98,1
1626194943415,Tue Jul 13 09:49:03 PDT 2021,213,0,-1
1626204086374,Tue Jul 13 12:21:26 PDT 2021,213,98,-1
1626324692138,Wed Jul 14 21:51:32 PDT 2021,213,100,-1
1626454870525,Fri Jul 16 10:01:10 PDT 2021,213,152,-1
1626475709545,Fri Jul 16 15:48:29 PDT 2021,213,153,-1
1627051273667,Fri Jul 23 07:41:13 PDT 2021,213,224,0
1626378238007,Thu Jul 15 12:43:58 PDT 2021,213,232,-1
1626160665912,Tue Jul 13 00:17:45 PDT 2021,213,255,1
1626197943885,Tue Jul 13 10:39:03 PDT 2021,213,257,0
1626227949451,Tue Jul 13 18:59:09 PDT 2021,213,259,-1
1626213972695,Tue Jul 13 15:06:12 PDT 2021,213,260,-1
1626215400350,Tue Jul 13 15:30:00 PDT 2021,213,261,1
1626218756469,Tue Jul 13 16:25:56 PDT 2021,213,262,1
1626220849894,Tue Jul 13 17:00:49 PDT 2021,213,263,1
1626235250739,Tue Jul 13 21:00:50 PDT 2021,213,265,-1
1626383803598,Thu Jul 15 14:16:43 PDT 2021,213,267,-1
1626360467348,Thu Jul 15 07:47:47 PDT 2021,213,269,0
1626386245199,Thu Jul 15 14:57:25 PDT 2021,213,271,0
1626455293849,Fri Jul 16 10:08:13 PDT 2021,213,274,1
1626471937306,Fri Jul 16 14:45:37 PDT 2021,213,275,-1
1626493058745,Fri Jul 16 20:37:38 PDT 2021,213,276,-1
1626541543717,Sat Jul 17 10:05:43 PDT 2021,213,278,-1
1626545729264,Sat Jul 17 11:15:29 PDT 2021,213,280,0
1626552735615,Sat Jul 17 13:12:15 PDT 2021,213,281,-1
1626553936160,Sat Jul 17 13:32:16 PDT 2021,213,282,-1
1626568397297,Sat Jul 17 17:33:17 PDT 2021,213,284,-1
1626584898639,Sat Jul 17 22:08:18 PDT 2021,213,286,1
1626713449998,Mon Jul 19 09:50:49 PDT 2021,213,288,-1
1626716582572,Mon Jul 19 10:43:02 PDT 2021,213,290,1
1626720904986,Mon Jul 19 11:55:04 PDT 2021,213,291,-1
1626738023870,Mon Jul 19 16:40:23 PDT 2021,213,294,1
1626752568810,Mon Jul 19 20:42:48 PDT 2021,213,295,1
1626792609459,Tue Jul 20 07:50:09 PDT 2021,213,296,1
1626799174907,Tue Jul 20 09:39:34 PDT 2021,213,298,0
1626908846510,Wed Jul 21 16:07:26 PDT 2021,213,299,1
1626965380576,Thu Jul 22 07:49:40 PDT 2021,213,300,1
1627001529198,Thu Jul 22 17:52:09 PDT 2021,213,302,1
1627002685750,Thu Jul 22 18:11:25 PDT 2021,213,303,-1
1627008279482,Thu Jul 22 19:44:39 PDT 2021,213,305,0
1627084478111,Fri Jul 23 16:54:38 PDT 2021,213,309,1
1627085866595,Fri Jul 23 17:17:46 PDT 2021,213,310,-1
1627087040317,Fri Jul 23 17:37:20 PDT 2021,213,311,1
1627088386205,Fri Jul 23 17:59:46 PDT 2021,213,312,-1
1627100265652,Fri Jul 23 21:17:45 PDT 2021,213,313,-1
1627101023604,Fri Jul 23 21:30:23 PDT 2021,213,314,-1
1627102062638,Fri Jul 23 21:47:42 PDT 2021,213,315,-1
1627163427645,Sat Jul 24 14:50:27 PDT 2021,213,317,1
1627187788965,Sat Jul 24 21:36:28 PDT 2021,213,318,-1
1627192257165,Sat Jul 24 22:50:57 PDT 2021,213,319,-1
1627407928457,Tue Jul 27 10:45:28 PDT 2021,213,322,-1
1627698096338,Fri Jul 30 19:21:36 PDT 2021,213,326,-1
1627505346831,Wed Jul 28 13:49:06 PDT 2021,213,337,1
1627509209082,Wed Jul 28 14:53:29 PDT 2021,213,343,-1
1627515119366,Wed Jul 28 16:31:59 PDT 2021,213,348,-1
1627523476655,Wed Jul 28 18:51:16 PDT 2021,213,353,-1
1627522049470,Wed Jul 28 18:27:29 PDT 2021,213,356,-1
1627530536482,Wed Jul 28 20:48:56 PDT 2021,213,357,-1
1627531802686,Wed Jul 28 21:10:02 PDT 2021,213,358,1
1627574110099,Thu Jul 29 08:55:10 PDT 2021,213,366,0
1627583795558,Thu Jul 29 11:36:35 PDT 2021,213,371,1
1627587351468,Thu Jul 29 12:35:51 PDT 2021,213,373,-1
1627610102404,Thu Jul 29 18:55:02 PDT 2021,213,376,0
1627656452352,Fri Jul 30 07:47:32 PDT 2021,213,380,-1
1627656579211,Fri Jul 30 07:49:39 PDT 2021,213,381,0
1627663886687,Fri Jul 30 09:51:26 PDT 2021,213,382,-1
1627667800100,Fri Jul 30 10:56:40 PDT 2021,213,384,-1
1627676724836,Fri Jul 30 13:25:24 PDT 2021,213,386,-1
1627681889594,Fri Jul 30 14:51:29 PDT 2021,213,388,-1
1627682732468,Fri Jul 30 15:05:32 PDT 2021,213,389,-1
1627685313546,Fri Jul 30 15:48:33 PDT 2021,213,393,-1
1627702834567,Fri Jul 30 20:40:34 PDT 2021,213,396,-1
1627770171929,Sat Jul 31 15:22:51 PDT 2021,213,401,-1
1627772375552,Sat Jul 31 15:59:35 PDT 2021,213,402,0
1627777403559,Sat Jul 31 17:23:23 PDT 2021,213,403,-1
1627838213757,Sun Aug 01 10:16:53 PDT 2021,213,404,-1
1626194947744,Tue Jul 13 09:49:07 PDT 2021,214,0,1
1626204074423,Tue Jul 13 12:21:14 PDT 2021,214,98,0
1626324713714,Wed Jul 14 21:51:53 PDT 2021,214,100,1
1626454861337,Fri Jul 16 10:01:01 PDT 2021,214,152,1
1626475702160,Fri Jul 16 15:48:22 PDT 2021,214,153,1
1627051231678,Fri Jul 23 07:40:31 PDT 2021,214,224,1
1626378283614,Thu Jul 15 12:44:43 PDT 2021,214,232,1
1626160686638,Tue Jul 13 00:18:06 PDT 2021,214,255,1
1626197952344,Tue Jul 13 10:39:12 PDT 2021,214,257,1
1626640956052,Sun Jul 18 13:42:36 PDT 2021,214,258,1
1626228159546,Tue Jul 13 19:02:39 PDT 2021,214,259,0
1626213990906,Tue Jul 13 15:06:30 PDT 2021,214,260,1
1626215320738,Tue Jul 13 15:28:40 PDT 2021,214,261,1
1626218938965,Tue Jul 13 16:28:58 PDT 2021,214,262,0
1626220620321,Tue Jul 13 16:57:00 PDT 2021,214,263,1
1626235331043,Tue Jul 13 21:02:11 PDT 2021,214,265,1
1626383425652,Thu Jul 15 14:10:25 PDT 2021,214,267,1
1626328250252,Wed Jul 14 22:50:50 PDT 2021,214,268,0
1626360744251,Thu Jul 15 07:52:24 PDT 2021,214,269,-1
1626385597488,Thu Jul 15 14:46:37 PDT 2021,214,271,0
1626455624138,Fri Jul 16 10:13:44 PDT 2021,214,274,1
1626471061306,Fri Jul 16 14:31:01 PDT 2021,214,275,0
1626493052274,Fri Jul 16 20:37:32 PDT 2021,214,276,0
1626540350528,Sat Jul 17 09:45:50 PDT 2021,214,278,1
1626545251139,Sat Jul 17 11:07:31 PDT 2021,214,280,1
1626552648586,Sat Jul 17 13:10:48 PDT 2021,214,281,1
1626553560456,Sat Jul 17 13:26:00 PDT 2021,214,282,0
1626571104012,Sat Jul 17 18:18:24 PDT 2021,214,284,-1
1626578135933,Sat Jul 17 20:15:35 PDT 2021,214,285,1
1626584807751,Sat Jul 17 22:06:47 PDT 2021,214,286,1
1626713313611,Mon Jul 19 09:48:33 PDT 2021,214,288,1
1626716566658,Mon Jul 19 10:42:46 PDT 2021,214,290,1
1626720090101,Mon Jul 19 11:41:30 PDT 2021,214,291,1
1626724027922,Mon Jul 19 12:47:07 PDT 2021,214,292,0
1626737642026,Mon Jul 19 16:34:02 PDT 2021,214,294,1
1626752523462,Mon Jul 19 20:42:03 PDT 2021,214,295,1
1626792034645,Tue Jul 20 07:40:34 PDT 2021,214,296,1
1626799228283,Tue Jul 20 09:40:28 PDT 2021,214,298,0
1626909869761,Wed Jul 21 16:24:29 PDT 2021,214,299,1
1626965190312,Thu Jul 22 07:46:30 PDT 2021,214,300,1
1627001582614,Thu Jul 22 17:53:02 PDT 2021,214,302,1
1627002546966,Thu Jul 22 18:09:06 PDT 2021,214,303,-1
1627009000386,Thu Jul 22 19:56:40 PDT 2021,214,305,0
1627084404510,Fri Jul 23 16:53:24 PDT 2021,214,309,1
1627085677641,Fri Jul 23 17:14:37 PDT 2021,214,310,1
1627087175400,Fri Jul 23 17:39:35 PDT 2021,214,311,1
1627088407361,Fri Jul 23 18:00:07 PDT 2021,214,312,1
1627099969076,Fri Jul 23 21:12:49 PDT 2021,214,313,1
1627100998196,Fri Jul 23 21:29:58 PDT 2021,214,314,1
1627101999640,Fri Jul 23 21:46:39 PDT 2021,214,315,1
1627163125590,Sat Jul 24 14:45:25 PDT 2021,214,317,1
1627188055375,Sat Jul 24 21:40:55 PDT 2021,214,318,-1
1627191889157,Sat Jul 24 22:44:49 PDT 2021,214,319,-1
1627407436705,Tue Jul 27 10:37:16 PDT 2021,214,322,0
1627426211527,Tue Jul 27 15:50:11 PDT 2021,214,326,1
1627439409007,Tue Jul 27 19:30:09 PDT 2021,214,327,1
1627501570224,Wed Jul 28 12:46:10 PDT 2021,214,332,1
1627505116125,Wed Jul 28 13:45:16 PDT 2021,214,337,1
1627505977388,Wed Jul 28 13:59:37 PDT 2021,214,339,1
1627506709512,Wed Jul 28 14:11:49 PDT 2021,214,341,1
1627509041154,Wed Jul 28 14:50:41 PDT 2021,214,343,1
1627509913495,Wed Jul 28 15:05:13 PDT 2021,214,346,1
1627515512174,Wed Jul 28 16:38:32 PDT 2021,214,348,1
1627522723279,Wed Jul 28 18:38:43 PDT 2021,214,353,-1
1627522223570,Wed Jul 28 18:30:23 PDT 2021,214,356,-1
1627530125576,Wed Jul 28 20:42:05 PDT 2021,214,357,1
1627543865714,Thu Jul 29 00:31:05 PDT 2021,214,364,-1
1627573262406,Thu Jul 29 08:41:02 PDT 2021,214,366,-1
1627578116141,Thu Jul 29 10:01:56 PDT 2021,214,368,1
1627587130680,Thu Jul 29 12:32:10 PDT 2021,214,373,0
1627608826973,Thu Jul 29 18:33:46 PDT 2021,214,376,0
1627613817874,Thu Jul 29 19:56:57 PDT 2021,214,378,0
1627656123261,Fri Jul 30 07:42:03 PDT 2021,214,380,0
1627663980587,Fri Jul 30 09:53:00 PDT 2021,214,382,-1
1627667647867,Fri Jul 30 10:54:07 PDT 2021,214,384,1
1627676524065,Fri Jul 30 13:22:04 PDT 2021,214,386,0
1627680778654,Fri Jul 30 14:32:58 PDT 2021,214,388,1
1627682330177,Fri Jul 30 14:58:50 PDT 2021,214,389,1
1627690353774,Fri Jul 30 17:12:33 PDT 2021,214,395,0
1627703751224,Fri Jul 30 20:55:51 PDT 2021,214,396,-1
1627769750126,Sat Jul 31 15:15:50 PDT 2021,214,401,1
1627772391371,Sat Jul 31 15:59:51 PDT 2021,214,402,-1
1627776104006,Sat Jul 31 17:01:44 PDT 2021,214,403,0
1627837879503,Sun Aug 01 10:11:19 PDT 2021,214,404,-1
1626194955126,Tue Jul 13 09:49:15 PDT 2021,215,0,1
1626204081243,Tue Jul 13 12:21:21 PDT 2021,215,98,-1
1626324630693,Wed Jul 14 21:50:30 PDT 2021,215,100,0
1626454854234,Fri Jul 16 10:00:54 PDT 2021,215,152,1
1626475684583,Fri Jul 16 15:48:04 PDT 2021,215,153,1
1627051180877,Fri Jul 23 07:39:40 PDT 2021,215,224,1
1626378203166,Thu Jul 15 12:43:23 PDT 2021,215,232,1
1626185644605,Tue Jul 13 07:14:04 PDT 2021,215,256,1
1626197881980,Tue Jul 13 10:38:01 PDT 2021,215,257,0
1626641210023,Sun Jul 18 13:46:50 PDT 2021,215,258,-1
1626213828890,Tue Jul 13 15:03:48 PDT 2021,215,260,-1
1626218995248,Tue Jul 13 16:29:55 PDT 2021,215,262,0
1626220765081,Tue Jul 13 16:59:25 PDT 2021,215,263,-1
1626234540363,Tue Jul 13 20:49:00 PDT 2021,215,264,1
1626274918440,Wed Jul 14 08:01:58 PDT 2021,215,265,1
1626383732913,Thu Jul 15 14:15:32 PDT 2021,215,267,1
1626360752016,Thu Jul 15 07:52:32 PDT 2021,215,269,1
1626386052007,Thu Jul 15 14:54:12 PDT 2021,215,271,1
1626455381450,Fri Jul 16 10:09:41 PDT 2021,215,274,0
1626470885595,Fri Jul 16 14:28:05 PDT 2021,215,275,1
1626492634561,Fri Jul 16 20:30:34 PDT 2021,215,276,-1
1626541166183,Sat Jul 17 09:59:26 PDT 2021,215,278,1
1626540517632,Sat Jul 17 09:48:37 PDT 2021,215,279,1
1626545402932,Sat Jul 17 11:10:02 PDT 2021,215,280,1
1626552631380,Sat Jul 17 13:10:31 PDT 2021,215,281,1
1626553427619,Sat Jul 17 13:23:47 PDT 2021,215,282,1
1626568001216,Sat Jul 17 17:26:41 PDT 2021,215,284,1
1626578284811,Sat Jul 17 20:18:04 PDT 2021,215,285,0
1626584479259,Sat Jul 17 22:01:19 PDT 2021,215,286,1
1626713030606,Mon Jul 19 09:43:50 PDT 2021,215,288,1
1626716539539,Mon Jul 19 10:42:19 PDT 2021,215,290,1
1626720746045,Mon Jul 19 11:52:26 PDT 2021,215,291,1
1626737594400,Mon Jul 19 16:33:14 PDT 2021,215,294,1
1626752036662,Mon Jul 19 20:33:56 PDT 2021,215,295,1
1626791870994,Tue Jul 20 07:37:50 PDT 2021,215,296,-1
1626799104986,Tue Jul 20 09:38:24 PDT 2021,215,298,1
1626909507142,Wed Jul 21 16:18:27 PDT 2021,215,299,0
1626965277285,Thu Jul 22 07:47:57 PDT 2021,215,300,1
1627001331711,Thu Jul 22 17:48:51 PDT 2021,215,302,1
1627002463871,Thu Jul 22 18:07:43 PDT 2021,215,303,-1
1627009124139,Thu Jul 22 19:58:44 PDT 2021,215,305,1
1627083657330,Fri Jul 23 16:40:57 PDT 2021,215,309,1
1627085474127,Fri Jul 23 17:11:14 PDT 2021,215,310,1
1627087353998,Fri Jul 23 17:42:33 PDT 2021,215,311,1
1627088283756,Fri Jul 23 17:58:03 PDT 2021,215,312,1
1627100063154,Fri Jul 23 21:14:23 PDT 2021,215,313,1
1627100650606,Fri Jul 23 21:24:10 PDT 2021,215,314,1
1627102018202,Fri Jul 23 21:46:58 PDT 2021,215,315,1
1627162510052,Sat Jul 24 14:35:10 PDT 2021,215,317,1
1627188049560,Sat Jul 24 21:40:49 PDT 2021,215,318,-1
1627191842573,Sat Jul 24 22:44:02 PDT 2021,215,319,-1
1627407909246,Tue Jul 27 10:45:09 PDT 2021,215,322,1
1627415060999,Tue Jul 27 12:44:20 PDT 2021,215,325,1
1627698472224,Fri Jul 30 19:27:52 PDT 2021,215,326,1
1627439582946,Tue Jul 27 19:33:02 PDT 2021,215,327,0
1627502725996,Wed Jul 28 13:05:25 PDT 2021,215,332,1
1627505149880,Wed Jul 28 13:45:49 PDT 2021,215,337,1
1627505876414,Wed Jul 28 13:57:56 PDT 2021,215,339,1
1627506751763,Wed Jul 28 14:12:31 PDT 2021,215,341,1
1627509144043,Wed Jul 28 14:52:24 PDT 2021,215,343,1
1627509249624,Wed Jul 28 14:54:09 PDT 2021,215,345,1
1627509958085,Wed Jul 28 15:05:58 PDT 2021,215,346,1
1627515357690,Wed Jul 28 16:35:57 PDT 2021,215,348,1
1627520165171,Wed Jul 28 17:56:05 PDT 2021,215,353,1
1627522373677,Wed Jul 28 18:32:53 PDT 2021,215,356,1
1627529827410,Wed Jul 28 20:37:07 PDT 2021,215,357,-1
1627531550996,Wed Jul 28 21:05:50 PDT 2021,215,358,1
1627535371563,Wed Jul 28 22:09:31 PDT 2021,215,362,1
1627536528207,Wed Jul 28 22:28:48 PDT 2021,215,363,0
1627543607541,Thu Jul 29 00:26:47 PDT 2021,215,364,1
1627568316092,Thu Jul 29 07:18:36 PDT 2021,215,365,1
1627573753142,Thu Jul 29 08:49:13 PDT 2021,215,366,-1
1627586458069,Thu Jul 29 12:20:58 PDT 2021,215,373,1
1627595301031,Thu Jul 29 14:48:21 PDT 2021,215,375,1
1627608688913,Thu Jul 29 18:31:28 PDT 2021,215,376,1
1627613746685,Thu Jul 29 19:55:46 PDT 2021,215,378,1
1627618004214,Thu Jul 29 21:06:44 PDT 2021,215,379,1
1627655126985,Fri Jul 30 07:25:26 PDT 2021,215,380,1
1627656486553,Fri Jul 30 07:48:06 PDT 2021,215,381,1
1627664170330,Fri Jul 30 09:56:10 PDT 2021,215,382,1
1627666593684,Fri Jul 30 10:36:33 PDT 2021,215,384,1
1627675243306,Fri Jul 30 13:00:43 PDT 2021,215,386,1
1627680027444,Fri Jul 30 14:20:27 PDT 2021,215,388,1
1627681915524,Fri Jul 30 14:51:55 PDT 2021,215,389,1
1627686299162,Fri Jul 30 16:04:59 PDT 2021,215,394,1
1627689910854,Fri Jul 30 17:05:10 PDT 2021,215,395,1
1627702148935,Fri Jul 30 20:29:08 PDT 2021,215,396,1
1627757039783,Sat Jul 31 11:43:59 PDT 2021,215,399,1
1627770118122,Sat Jul 31 15:21:58 PDT 2021,215,401,1
1627771667255,Sat Jul 31 15:47:47 PDT 2021,215,402,1
1627777189672,Sat Jul 31 17:19:49 PDT 2021,215,403,1
1627837905199,Sun Aug 01 10:11:45 PDT 2021,215,404,1
1626215065104,Tue Jul 13 15:24:25 PDT 2021,216,260,1
1626361114021,Thu Jul 15 07:58:34 PDT 2021,217,269,1
1626383099786,Thu Jul 15 14:04:59 PDT 2021,218,267,1
1626908335162,Wed Jul 21 15:58:55 PDT 2021,219,0,1
1626485829082,Fri Jul 16 18:37:09 PDT 2021,219,100,-1
1626731072369,Mon Jul 19 14:44:32 PDT 2021,219,152,1
1626475695485,Fri Jul 16 15:48:15 PDT 2021,219,153,1
1627051278946,Fri Jul 23 07:41:18 PDT 2021,219,224,0
1627604144552,Thu Jul 29 17:15:44 PDT 2021,219,265,0
1626415256662,Thu Jul 15 23:00:56 PDT 2021,219,272,1
1626455579948,Fri Jul 16 10:12:59 PDT 2021,219,274,-1
1626470805786,Fri Jul 16 14:26:45 PDT 2021,219,275,-1
1626492550397,Fri Jul 16 20:29:10 PDT 2021,219,276,0
1626540587584,Sat Jul 17 09:49:47 PDT 2021,219,278,0
1626540339291,Sat Jul 17 09:45:39 PDT 2021,219,279,1
1626545742483,Sat Jul 17 11:15:42 PDT 2021,219,280,1
1626552524063,Sat Jul 17 13:08:44 PDT 2021,219,281,-1
1626553578069,Sat Jul 17 13:26:18 PDT 2021,219,282,-1
1626567956387,Sat Jul 17 17:25:56 PDT 2021,219,284,1
1626584620669,Sat Jul 17 22:03:40 PDT 2021,219,286,1
1626712755874,Mon Jul 19 09:39:15 PDT 2021,219,288,0
1626716430200,Mon Jul 19 10:40:30 PDT 2021,219,290,1
1626720585883,Mon Jul 19 11:49:45 PDT 2021,219,291,0
1626733816431,Mon Jul 19 15:30:16 PDT 2021,219,292,-1
1626737684943,Mon Jul 19 16:34:44 PDT 2021,219,294,1
1626752383181,Mon Jul 19 20:39:43 PDT 2021,219,295,0
1626792492721,Tue Jul 20 07:48:12 PDT 2021,219,296,0
1626799232553,Tue Jul 20 09:40:32 PDT 2021,219,298,0
1626910149221,Wed Jul 21 16:29:09 PDT 2021,219,299,-1
1626965431818,Thu Jul 22 07:50:31 PDT 2021,219,300,0
1627001482099,Thu Jul 22 17:51:22 PDT 2021,219,302,0
1627002713097,Thu Jul 22 18:11:53 PDT 2021,219,303,-1
1627009133881,Thu Jul 22 19:58:53 PDT 2021,219,305,0
1627084359672,Fri Jul 23 16:52:39 PDT 2021,219,309,1
1627085652237,Fri Jul 23 17:14:12 PDT 2021,219,310,-1
1627087256064,Fri Jul 23 17:40:56 PDT 2021,219,311,-1
1627088624844,Fri Jul 23 18:03:44 PDT 2021,219,312,-1
1627100386995,Fri Jul 23 21:19:46 PDT 2021,219,313,-1
1627101246190,Fri Jul 23 21:34:06 PDT 2021,219,314,-1
1627101566311,Fri Jul 23 21:39:26 PDT 2021,219,315,-1
1627163473795,Sat Jul 24 14:51:13 PDT 2021,219,317,1
1627187822150,Sat Jul 24 21:37:02 PDT 2021,219,318,0
1627192219284,Sat Jul 24 22:50:19 PDT 2021,219,319,-1
1627408088309,Tue Jul 27 10:48:08 PDT 2021,219,322,-1
1627699830656,Fri Jul 30 19:50:30 PDT 2021,219,326,0
1627505376434,Wed Jul 28 13:49:36 PDT 2021,219,337,1
1627509242753,Wed Jul 28 14:54:02 PDT 2021,219,343,-1
1627509942819,Wed Jul 28 15:05:42 PDT 2021,219,346,1
1627515635078,Wed Jul 28 16:40:35 PDT 2021,219,348,0
1627524310619,Wed Jul 28 19:05:10 PDT 2021,219,353,0
1627521539892,Wed Jul 28 18:18:59 PDT 2021,219,356,0
1627530779083,Wed Jul 28 20:52:59 PDT 2021,219,357,-1
1627532161787,Wed Jul 28 21:16:01 PDT 2021,219,358,1
1627574029550,Thu Jul 29 08:53:49 PDT 2021,219,366,1
1627587134506,Thu Jul 29 12:32:14 PDT 2021,219,373,0
1627595341626,Thu Jul 29 14:49:01 PDT 2021,219,375,0
1627609813988,Thu Jul 29 18:50:13 PDT 2021,219,376,1
1627656589826,Fri Jul 30 07:49:49 PDT 2021,219,380,0
1627664374539,Fri Jul 30 09:59:34 PDT 2021,219,382,0
1627667375547,Fri Jul 30 10:49:35 PDT 2021,219,384,0
1627675959159,Fri Jul 30 13:12:39 PDT 2021,219,386,0
1627681806694,Fri Jul 30 14:50:06 PDT 2021,219,388,0
1627682980195,Fri Jul 30 15:09:40 PDT 2021,219,389,-1
1627703689312,Fri Jul 30 20:54:49 PDT 2021,219,396,0
1627770704931,Sat Jul 31 15:31:44 PDT 2021,219,401,0
1627772434211,Sat Jul 31 16:00:34 PDT 2021,219,402,-1
1627777420865,Sat Jul 31 17:23:40 PDT 2021,219,403,-1
1627838304828,Sun Aug 01 10:18:24 PDT 2021,219,404,-1
1626525466877,Sat Jul 17 05:37:46 PDT 2021,220,277,1
1626541884492,Sat Jul 17 10:11:24 PDT 2021,221,278,1
1626908337953,Wed Jul 21 15:58:57 PDT 2021,222,0,1
1626911127767,Wed Jul 21 16:45:27 PDT 2021,222,100,0
1626731058598,Mon Jul 19 14:44:18 PDT 2021,222,152,1
1627051173847,Fri Jul 23 07:39:33 PDT 2021,222,224,0
1626641092655,Sun Jul 18 13:44:52 PDT 2021,222,258,1
1627604109114,Thu Jul 29 17:15:09 PDT 2021,222,265,0
1626554634344,Sat Jul 17 13:43:54 PDT 2021,222,282,1
1626567942382,Sat Jul 17 17:25:42 PDT 2021,222,284,1
1626578026754,Sat Jul 17 20:13:46 PDT 2021,222,285,0
1626584475588,Sat Jul 17 22:01:15 PDT 2021,222,286,1
1626712785817,Mon Jul 19 09:39:45 PDT 2021,222,288,1
1626716266934,Mon Jul 19 10:37:46 PDT 2021,222,290,1
1626719693661,Mon Jul 19 11:34:53 PDT 2021,222,291,1
1626724291923,Mon Jul 19 12:51:31 PDT 2021,222,292,0
1626737271656,Mon Jul 19 16:27:51 PDT 2021,222,294,0
1626751925122,Mon Jul 19 20:32:05 PDT 2021,222,295,0
1626791783476,Tue Jul 20 07:36:23 PDT 2021,222,296,-1
1626798798219,Tue Jul 20 09:33:18 PDT 2021,222,298,1
1626907965803,Wed Jul 21 15:52:45 PDT 2021,222,299,-1
1626965361687,Thu Jul 22 07:49:21 PDT 2021,222,300,0
1626919327745,Wed Jul 21 19:02:07 PDT 2021,222,301,1
1627001473391,Thu Jul 22 17:51:13 PDT 2021,222,302,0
1627002675954,Thu Jul 22 18:11:15 PDT 2021,222,303,-1
1627008379250,Thu Jul 22 19:46:19 PDT 2021,222,305,1
1627084331059,Fri Jul 23 16:52:11 PDT 2021,222,309,1
1627085400374,Fri Jul 23 17:10:00 PDT 2021,222,310,1
1627087222869,Fri Jul 23 17:40:22 PDT 2021,222,311,1
1627088082746,Fri Jul 23 17:54:42 PDT 2021,222,312,1
1627100117342,Fri Jul 23 21:15:17 PDT 2021,222,313,1
1627100721207,Fri Jul 23 21:25:21 PDT 2021,222,314,1
1627102078401,Fri Jul 23 21:47:58 PDT 2021,222,315,1
1627163264165,Sat Jul 24 14:47:44 PDT 2021,222,317,0
1627187709313,Sat Jul 24 21:35:09 PDT 2021,222,318,-1
1627192302387,Sat Jul 24 22:51:42 PDT 2021,222,319,-1
1627407771718,Tue Jul 27 10:42:51 PDT 2021,222,322,0
1627410964186,Tue Jul 27 11:36:04 PDT 2021,222,323,1
1627698185429,Fri Jul 30 19:23:05 PDT 2021,222,326,1
1627439555919,Tue Jul 27 19:32:35 PDT 2021,222,327,0
1627451061350,Tue Jul 27 22:44:21 PDT 2021,222,328,1
1627502578933,Wed Jul 28 13:02:58 PDT 2021,222,332,1
1627503121764,Wed Jul 28 13:12:01 PDT 2021,222,334,1
1627504833168,Wed Jul 28 13:40:33 PDT 2021,222,337,1
1627505867142,Wed Jul 28 13:57:47 PDT 2021,222,339,1
1627506802133,Wed Jul 28 14:13:22 PDT 2021,222,341,1
1627508921830,Wed Jul 28 14:48:41 PDT 2021,222,343,1
1627515322342,Wed Jul 28 16:35:22 PDT 2021,222,348,1
1627515240822,Wed Jul 28 16:34:00 PDT 2021,222,349,1
1627515404796,Wed Jul 28 16:36:44 PDT 2021,222,350,1
1627524132032,Wed Jul 28 19:02:12 PDT 2021,222,353,-1
1627521929578,Wed Jul 28 18:25:29 PDT 2021,222,356,1
1627529292438,Wed Jul 28 20:28:12 PDT 2021,222,357,-1
1627531597862,Wed Jul 28 21:06:37 PDT 2021,222,358,-1
1627573811599,Thu Jul 29 08:50:11 PDT 2021,222,366,-1
1627582660489,Thu Jul 29 11:17:40 PDT 2021,222,369,1
1627586805337,Thu Jul 29 12:26:45 PDT 2021,222,373,1
1627609644073,Thu Jul 29 18:47:24 PDT 2021,222,376,1
1627614114769,Thu Jul 29 20:01:54 PDT 2021,222,378,1
1627656386311,Fri Jul 30 07:46:26 PDT 2021,222,380,1
1627655920423,Fri Jul 30 07:38:40 PDT 2021,222,381,1
1627664227346,Fri Jul 30 09:57:07 PDT 2021,222,382,0
1627666968559,Fri Jul 30 10:42:48 PDT 2021,222,384,1
1627675259867,Fri Jul 30 13:00:59 PDT 2021,222,386,1
1627675823346,Fri Jul 30 13:10:23 PDT 2021,222,387,0
1627681236205,Fri Jul 30 14:40:36 PDT 2021,222,388,0
1627682891554,Fri Jul 30 15:08:11 PDT 2021,222,389,1
1627684348754,Fri Jul 30 15:32:28 PDT 2021,222,391,1
1627685284270,Fri Jul 30 15:48:04 PDT 2021,222,393,0
1627686296603,Fri Jul 30 16:04:56 PDT 2021,222,394,1
1627703478546,Fri Jul 30 20:51:18 PDT 2021,222,396,1
1627770392802,Sat Jul 31 15:26:32 PDT 2021,222,401,1
1627772297356,Sat Jul 31 15:58:17 PDT 2021,222,402,0
1627776356129,Sat Jul 31 17:05:56 PDT 2021,222,403,1
1627838199838,Sun Aug 01 10:16:39 PDT 2021,222,404,-1
1626713910237,Mon Jul 19 09:58:30 PDT 2021,223,288,1
1626716146778,Mon Jul 19 10:35:46 PDT 2021,224,289,1
1626721242835,Mon Jul 19 12:00:42 PDT 2021,225,291,1
1626737181622,Mon Jul 19 16:26:21 PDT 2021,226,294,1
1626908328709,Wed Jul 21 15:58:48 PDT 2021,227,0,1
1626911063315,Wed Jul 21 16:44:23 PDT 2021,227,100,0
1627486038604,Wed Jul 28 08:27:18 PDT 2021,227,152,-1
1627051257883,Fri Jul 23 07:40:57 PDT 2021,227,224,1
1627604154388,Thu Jul 29 17:15:54 PDT 2021,227,265,1
1626792229664,Tue Jul 20 07:43:49 PDT 2021,227,296,1
1626798442347,Tue Jul 20 09:27:22 PDT 2021,227,298,0
1626908653981,Wed Jul 21 16:04:13 PDT 2021,227,299,1
1626910772055,Wed Jul 21 16:39:32 PDT 2021,227,300,0
1626919261679,Wed Jul 21 19:01:01 PDT 2021,227,301,-1
1627001232890,Thu Jul 22 17:47:12 PDT 2021,227,302,1
1627002558676,Thu Jul 22 18:09:18 PDT 2021,227,303,-1
1627007600653,Thu Jul 22 19:33:20 PDT 2021,227,304,0
1627009089711,Thu Jul 22 19:58:09 PDT 2021,227,305,1
1627082505913,Fri Jul 23 16:21:45 PDT 2021,227,308,1
1627083928017,Fri Jul 23 16:45:28 PDT 2021,227,309,-1
1627085370812,Fri Jul 23 17:09:30 PDT 2021,227,310,-1
1627086885527,Fri Jul 23 17:34:45 PDT 2021,227,311,-1
1627088075333,Fri Jul 23 17:54:35 PDT 2021,227,312,-1
1627100068310,Fri Jul 23 21:14:28 PDT 2021,227,313,-1
1627100886269,Fri Jul 23 21:28:06 PDT 2021,227,314,-1
1627101572222,Fri Jul 23 21:39:32 PDT 2021,227,315,-1
1627162525589,Sat Jul 24 14:35:25 PDT 2021,227,317,-1
1627187763458,Sat Jul 24 21:36:03 PDT 2021,227,318,-1
1627192153764,Sat Jul 24 22:49:13 PDT 2021,227,319,-1
1627404871027,Tue Jul 27 09:54:31 PDT 2021,227,321,-1
1627407750344,Tue Jul 27 10:42:30 PDT 2021,227,322,0
1627409325906,Tue Jul 27 11:08:45 PDT 2021,227,323,-1
1627415024424,Tue Jul 27 12:43:44 PDT 2021,227,325,-1
1627698843830,Fri Jul 30 19:34:03 PDT 2021,227,326,0
1627505267268,Wed Jul 28 13:47:47 PDT 2021,227,337,-1
1627508643647,Wed Jul 28 14:44:03 PDT 2021,227,343,-1
1627509302124,Wed Jul 28 14:55:02 PDT 2021,227,345,-1
1627515520311,Wed Jul 28 16:38:40 PDT 2021,227,348,-1
1627523453210,Wed Jul 28 18:50:53 PDT 2021,227,353,-1
1627522466268,Wed Jul 28 18:34:26 PDT 2021,227,356,-1
1627530078211,Wed Jul 28 20:41:18 PDT 2021,227,357,1
1627574089536,Thu Jul 29 08:54:49 PDT 2021,227,366,1
1627587168349,Thu Jul 29 12:32:48 PDT 2021,227,373,0
1627608775094,Thu Jul 29 18:32:55 PDT 2021,227,376,0
1627613867676,Thu Jul 29 19:57:47 PDT 2021,227,378,0
1627656600108,Fri Jul 30 07:50:00 PDT 2021,227,380,0
1627664063889,Fri Jul 30 09:54:23 PDT 2021,227,382,-1
1627667969967,Fri Jul 30 10:59:29 PDT 2021,227,384,-1
1627676640723,Fri Jul 30 13:24:00 PDT 2021,227,386,0
1627681951113,Fri Jul 30 14:52:31 PDT 2021,227,388,0
1627682720461,Fri Jul 30 15:05:20 PDT 2021,227,389,-1
1627703080958,Fri Jul 30 20:44:40 PDT 2021,227,396,-1
1627759731865,Sat Jul 31 12:28:51 PDT 2021,227,400,0
1627770854258,Sat Jul 31 15:34:14 PDT 2021,227,401,-1
1627772413433,Sat Jul 31 16:00:13 PDT 2021,227,402,-1
1627777366033,Sat Jul 31 17:22:46 PDT 2021,227,403,-1
1627838227156,Sun Aug 01 10:17:07 PDT 2021,227,404,-1
1626908332243,Wed Jul 21 15:58:52 PDT 2021,228,0,1
1626910952185,Wed Jul 21 16:42:32 PDT 2021,228,100,-1
1627485956480,Wed Jul 28 08:25:56 PDT 2021,228,152,0
1627051149623,Fri Jul 23 07:39:09 PDT 2021,228,224,-1
1627603935511,Thu Jul 29 17:12:15 PDT 2021,228,265,-1
1626908070377,Wed Jul 21 15:54:30 PDT 2021,228,299,1
1626964940373,Thu Jul 22 07:42:20 PDT 2021,228,300,0
1626918922039,Wed Jul 21 18:55:22 PDT 2021,228,301,-1
1627000829580,Thu Jul 22 17:40:29 PDT 2021,228,302,0
1627002498750,Thu Jul 22 18:08:18 PDT 2021,228,303,1
1627008264623,Thu Jul 22 19:44:24 PDT 2021,228,305,-1
1627082429687,Fri Jul 23 16:20:29 PDT 2021,228,308,1
1627083863112,Fri Jul 23 16:44:23 PDT 2021,228,309,1
1627085042272,Fri Jul 23 17:04:02 PDT 2021,228,310,1
1627086588695,Fri Jul 23 17:29:48 PDT 2021,228,311,1
1627088158060,Fri Jul 23 17:55:58 PDT 2021,228,312,1
1627099617192,Fri Jul 23 21:06:57 PDT 2021,228,313,1
1627100830315,Fri Jul 23 21:27:10 PDT 2021,228,314,1
1627101599391,Fri Jul 23 21:39:59 PDT 2021,228,315,1
1627162332142,Sat Jul 24 14:32:12 PDT 2021,228,317,0
1627187770614,Sat Jul 24 21:36:10 PDT 2021,228,318,0
1627187770911,Sat Jul 24 21:36:10 PDT 2021,228,318,0
1627192021561,Sat Jul 24 22:47:01 PDT 2021,228,319,-1
1627404961640,Tue Jul 27 09:56:01 PDT 2021,228,321,-1
1627407949631,Tue Jul 27 10:45:49 PDT 2021,228,322,1
1627414642729,Tue Jul 27 12:37:22 PDT 2021,228,325,1
1627698938505,Fri Jul 30 19:35:38 PDT 2021,228,326,0
1627439495313,Tue Jul 27 19:31:35 PDT 2021,228,327,1
1627451203822,Tue Jul 27 22:46:43 PDT 2021,228,328,1
1627502769188,Wed Jul 28 13:06:09 PDT 2021,228,332,1
1627505192626,Wed Jul 28 13:46:32 PDT 2021,228,337,1
1627505660709,Wed Jul 28 13:54:20 PDT 2021,228,339,1
1627506102172,Wed Jul 28 14:01:42 PDT 2021,228,340,1
1627508964876,Wed Jul 28 14:49:24 PDT 2021,228,343,1
1627509230260,Wed Jul 28 14:53:50 PDT 2021,228,345,-1
1627509872836,Wed Jul 28 15:04:32 PDT 2021,228,346,1
1627515069363,Wed Jul 28 16:31:09 PDT 2021,228,348,-1
1627523645055,Wed Jul 28 18:54:05 PDT 2021,228,353,-1
1627522397637,Wed Jul 28 18:33:17 PDT 2021,228,356,-1
1627529585660,Wed Jul 28 20:33:05 PDT 2021,228,357,1
1627532205177,Wed Jul 28 21:16:45 PDT 2021,228,358,1
1627535754845,Wed Jul 28 22:15:54 PDT 2021,228,361,0
1627543277446,Thu Jul 29 00:21:17 PDT 2021,228,364,1
1627573943843,Thu Jul 29 08:52:23 PDT 2021,228,366,1
1627579319028,Thu Jul 29 10:21:59 PDT 2021,228,368,1
1627583135569,Thu Jul 29 11:25:35 PDT 2021,228,369,1
1627586919601,Thu Jul 29 12:28:39 PDT 2021,228,373,0
1627608764294,Thu Jul 29 18:32:44 PDT 2021,228,376,-1
1627614059607,Thu Jul 29 20:00:59 PDT 2021,228,378,0
1627655221245,Fri Jul 30 07:27:01 PDT 2021,228,380,-1
1627663767298,Fri Jul 30 09:49:27 PDT 2021,228,382,-1
1627667434686,Fri Jul 30 10:50:34 PDT 2021,228,384,1
1627675221557,Fri Jul 30 13:00:21 PDT 2021,228,386,0
1627675763964,Fri Jul 30 13:09:23 PDT 2021,228,387,1
1627680934203,Fri Jul 30 14:35:34 PDT 2021,228,388,-1
1627681608006,Fri Jul 30 14:46:48 PDT 2021,228,389,-1
1627686290926,Fri Jul 30 16:04:50 PDT 2021,228,394,1
1627703467477,Fri Jul 30 20:51:07 PDT 2021,228,396,-1
1627752402041,Sat Jul 31 10:26:42 PDT 2021,228,397,1
1627757075377,Sat Jul 31 11:44:35 PDT 2021,228,399,0
1627770408373,Sat Jul 31 15:26:48 PDT 2021,228,401,-1
1627772154840,Sat Jul 31 15:55:54 PDT 2021,228,402,-1
1627776607372,Sat Jul 31 17:10:07 PDT 2021,228,403,-1
1627838026177,Sun Aug 01 10:13:46 PDT 2021,228,404,-1
1626908323816,Wed Jul 21 15:58:43 PDT 2021,229,0,1
1626910971504,Wed Jul 21 16:42:51 PDT 2021,229,100,1
1627486010837,Wed Jul 28 08:26:50 PDT 2021,229,152,-1
1627051214897,Fri Jul 23 07:40:14 PDT 2021,229,224,-1
1627140926031,Sat Jul 24 08:35:26 PDT 2021,229,258,0
1627604041029,Thu Jul 29 17:14:01 PDT 2021,229,265,-1
1626908154810,Wed Jul 21 15:55:54 PDT 2021,229,299,1
1626910761741,Wed Jul 21 16:39:21 PDT 2021,229,300,1
1626918956581,Wed Jul 21 18:55:56 PDT 2021,229,301,-1
1627000885845,Thu Jul 22 17:41:25 PDT 2021,229,302,0
1627002393424,Thu Jul 22 18:06:33 PDT 2021,229,303,1
1627008290457,Thu Jul 22 19:44:50 PDT 2021,229,305,-1
1627082462531,Fri Jul 23 16:21:02 PDT 2021,229,308,1
1627083617250,Fri Jul 23 16:40:17 PDT 2021,229,309,1
1627085263468,Fri Jul 23 17:07:43 PDT 2021,229,310,1
1627086732736,Fri Jul 23 17:32:12 PDT 2021,229,311,1
1627087988745,Fri Jul 23 17:53:08 PDT 2021,229,312,1
1627099650849,Fri Jul 23 21:07:30 PDT 2021,229,313,1
1627100585293,Fri Jul 23 21:23:05 PDT 2021,229,314,1
1627101519071,Fri Jul 23 21:38:39 PDT 2021,229,315,1
1627163182183,Sat Jul 24 14:46:22 PDT 2021,229,317,0
1627187015392,Sat Jul 24 21:23:35 PDT 2021,229,318,0
1627191964575,Sat Jul 24 22:46:04 PDT 2021,229,319,0
1627407830883,Tue Jul 27 10:43:50 PDT 2021,229,322,0
1627424690412,Tue Jul 27 15:24:50 PDT 2021,229,326,0
1627439559639,Tue Jul 27 19:32:39 PDT 2021,229,327,1
1627451115437,Tue Jul 27 22:45:15 PDT 2021,229,328,1
1627451532000,Tue Jul 27 22:52:12 PDT 2021,229,329,1
1627503195880,Wed Jul 28 13:13:15 PDT 2021,229,334,1
1627505228927,Wed Jul 28 13:47:08 PDT 2021,229,337,1
1627506666754,Wed Jul 28 14:11:06 PDT 2021,229,341,1
1627506834747,Wed Jul 28 14:13:54 PDT 2021,229,342,0
1627508638652,Wed Jul 28 14:43:58 PDT 2021,229,343,1
1627515210966,Wed Jul 28 16:33:30 PDT 2021,229,348,-1
1627523512969,Wed Jul 28 18:51:52 PDT 2021,229,353,-1
1627522331682,Wed Jul 28 18:32:11 PDT 2021,229,356,-1
1627529937302,Wed Jul 28 20:38:57 PDT 2021,229,357,1
1627532418398,Wed Jul 28 21:20:18 PDT 2021,229,359,1
1627536178465,Wed Jul 28 22:22:58 PDT 2021,229,361,0
1627544860369,Thu Jul 29 00:47:40 PDT 2021,229,364,-1
1627573461697,Thu Jul 29 08:44:21 PDT 2021,229,366,1
1627582775695,Thu Jul 29 11:19:35 PDT 2021,229,369,1
1627587083315,Thu Jul 29 12:31:23 PDT 2021,229,373,-1
1627607867139,Thu Jul 29 18:17:47 PDT 2021,229,376,0
1627656510265,Fri Jul 30 07:48:30 PDT 2021,229,380,-1
1627664032296,Fri Jul 30 09:53:52 PDT 2021,229,382,0
1627667628703,Fri Jul 30 10:53:48 PDT 2021,229,384,1
1627676171972,Fri Jul 30 13:16:11 PDT 2021,229,386,-1
1627681279622,Fri Jul 30 14:41:19 PDT 2021,229,388,0
1627681601311,Fri Jul 30 14:46:41 PDT 2021,229,389,1
1627686341543,Fri Jul 30 16:05:41 PDT 2021,229,394,1
1627690281849,Fri Jul 30 17:11:21 PDT 2021,229,395,0
1627703681346,Fri Jul 30 20:54:41 PDT 2021,229,396,0
1627752533484,Sat Jul 31 10:28:53 PDT 2021,229,398,1
1627757022209,Sat Jul 31 11:43:42 PDT 2021,229,399,0
1627770331921,Sat Jul 31 15:25:31 PDT 2021,229,401,-1
1627771884583,Sat Jul 31 15:51:24 PDT 2021,229,402,0
1627776449677,Sat Jul 31 17:07:29 PDT 2021,229,403,-1
1627837800627,Sun Aug 01 10:10:00 PDT 2021,229,404,1
1626908252380,Wed Jul 21 15:57:32 PDT 2021,230,299,1
1627247609891,Sun Jul 25 14:13:29 PDT 2021,231,0,1
1626911025937,Wed Jul 21 16:43:45 PDT 2021,231,100,-1
1627485963054,Wed Jul 28 08:26:03 PDT 2021,231,152,-1
1627051210513,Fri Jul 23 07:40:10 PDT 2021,231,224,-1
1627603915632,Thu Jul 29 17:11:55 PDT 2021,231,265,-1
1626908323506,Wed Jul 21 15:58:43 PDT 2021,231,299,1
1626910744769,Wed Jul 21 16:39:04 PDT 2021,231,300,0
1626919108317,Wed Jul 21 18:58:28 PDT 2021,231,301,-1
1627000891236,Thu Jul 22 17:41:31 PDT 2021,231,302,1
1627002370551,Thu Jul 22 18:06:10 PDT 2021,231,303,1
1627008503047,Thu Jul 22 19:48:23 PDT 2021,231,305,-1
1627082441510,Fri Jul 23 16:20:41 PDT 2021,231,308,1
1627083847531,Fri Jul 23 16:44:07 PDT 2021,231,309,1
1627085201979,Fri Jul 23 17:06:41 PDT 2021,231,310,1
1627086465684,Fri Jul 23 17:27:45 PDT 2021,231,311,1
1627087686716,Fri Jul 23 17:48:06 PDT 2021,231,312,1
1627099975648,Fri Jul 23 21:12:55 PDT 2021,231,313,1
1627100559771,Fri Jul 23 21:22:39 PDT 2021,231,314,1
1627101691821,Fri Jul 23 21:41:31 PDT 2021,231,315,1
1627162544216,Sat Jul 24 14:35:44 PDT 2021,231,317,0
1627187198352,Sat Jul 24 21:26:38 PDT 2021,231,318,1
1627191935940,Sat Jul 24 22:45:35 PDT 2021,231,319,1
1627404884745,Tue Jul 27 09:54:44 PDT 2021,231,321,-1
1627407859619,Tue Jul 27 10:44:19 PDT 2021,231,322,1
1627414670258,Tue Jul 27 12:37:50 PDT 2021,231,325,1
1627425826896,Tue Jul 27 15:43:46 PDT 2021,231,326,0
1627439598449,Tue Jul 27 19:33:18 PDT 2021,231,327,1
1627451166353,Tue Jul 27 22:46:06 PDT 2021,231,328,1
1627502999186,Wed Jul 28 13:09:59 PDT 2021,231,332,1
1627503134473,Wed Jul 28 13:12:14 PDT 2021,231,334,1
1627505232403,Wed Jul 28 13:47:12 PDT 2021,231,337,1
1627505522170,Wed Jul 28 13:52:02 PDT 2021,231,339,1
1627506707470,Wed Jul 28 14:11:47 PDT 2021,231,341,1
1627509114698,Wed Jul 28 14:51:54 PDT 2021,231,343,1
1627509382475,Wed Jul 28 14:56:22 PDT 2021,231,345,0
1627515426965,Wed Jul 28 16:37:06 PDT 2021,231,348,-1
1627523525292,Wed Jul 28 18:52:05 PDT 2021,231,353,-1
1627522145704,Wed Jul 28 18:29:05 PDT 2021,231,356,0
1627529609315,Wed Jul 28 20:33:29 PDT 2021,231,357,1
1627531479608,Wed Jul 28 21:04:39 PDT 2021,231,358,1
1627543587540,Thu Jul 29 00:26:27 PDT 2021,231,364,-1
1627573644081,Thu Jul 29 08:47:24 PDT 2021,231,366,1
1627578901389,Thu Jul 29 10:15:01 PDT 2021,231,368,0
1627583256116,Thu Jul 29 11:27:36 PDT 2021,231,369,1
1627585070544,Thu Jul 29 11:57:50 PDT 2021,231,372,1
1627586979689,Thu Jul 29 12:29:39 PDT 2021,231,373,-1
1627609214285,Thu Jul 29 18:40:14 PDT 2021,231,376,0
1627613823312,Thu Jul 29 19:57:03 PDT 2021,231,378,0
1627655378621,Fri Jul 30 07:29:38 PDT 2021,231,380,-1
1627655968435,Fri Jul 30 07:39:28 PDT 2021,231,381,0
1627663891904,Fri Jul 30 09:51:31 PDT 2021,231,382,1
1627667937025,Fri Jul 30 10:58:57 PDT 2021,231,384,0
1627676416911,Fri Jul 30 13:20:16 PDT 2021,231,386,-1
1627680636648,Fri Jul 30 14:30:36 PDT 2021,231,388,0
1627681721892,Fri Jul 30 14:48:41 PDT 2021,231,389,-1
1627686307985,Fri Jul 30 16:05:07 PDT 2021,231,394,1
1627703406979,Fri Jul 30 20:50:06 PDT 2021,231,396,0
1627752589941,Sat Jul 31 10:29:49 PDT 2021,231,398,1
1627770463277,Sat Jul 31 15:27:43 PDT 2021,231,401,-1
1627772267442,Sat Jul 31 15:57:47 PDT 2021,231,402,1
1627775174988,Sat Jul 31 16:46:14 PDT 2021,231,403,-1
1627837855908,Sun Aug 01 10:10:55 PDT 2021,231,404,1
1627247634039,Sun Jul 25 14:13:54 PDT 2021,232,0,1
1626911094289,Wed Jul 21 16:44:54 PDT 2021,232,100,-1
1627486034207,Wed Jul 28 08:27:14 PDT 2021,232,152,-1
1627051224910,Fri Jul 23 07:40:24 PDT 2021,232,224,-1
1627604007717,Thu Jul 29 17:13:27 PDT 2021,232,265,-1
1626908422673,Wed Jul 21 16:00:22 PDT 2021,232,299,1
1626910700436,Wed Jul 21 16:38:20 PDT 2021,232,300,0
1626919029788,Wed Jul 21 18:57:09 PDT 2021,232,301,-1
1627000779577,Thu Jul 22 17:39:39 PDT 2021,232,302,0
1627002357288,Thu Jul 22 18:05:57 PDT 2021,232,303,1
1627007803417,Thu Jul 22 19:36:43 PDT 2021,232,304,-1
1627008467033,Thu Jul 22 19:47:47 PDT 2021,232,305,-1
1627082487908,Fri Jul 23 16:21:27 PDT 2021,232,308,1
1627083755789,Fri Jul 23 16:42:35 PDT 2021,232,309,-1
1627085388944,Fri Jul 23 17:09:48 PDT 2021,232,310,-1
1627086858762,Fri Jul 23 17:34:18 PDT 2021,232,311,-1
1627088303838,Fri Jul 23 17:58:23 PDT 2021,232,312,-1
1627100248101,Fri Jul 23 21:17:28 PDT 2021,232,313,-1
1627100661560,Fri Jul 23 21:24:21 PDT 2021,232,314,-1
1627101931657,Fri Jul 23 21:45:31 PDT 2021,232,315,-1
1627162840589,Sat Jul 24 14:40:40 PDT 2021,232,317,-1
1627188387867,Sat Jul 24 21:46:27 PDT 2021,232,318,0
1627192213669,Sat Jul 24 22:50:13 PDT 2021,232,319,1
1627407997944,Tue Jul 27 10:46:37 PDT 2021,232,322,1
1627415017114,Tue Jul 27 12:43:37 PDT 2021,232,325,1
1627699344629,Fri Jul 30 19:42:24 PDT 2021,232,326,1
1627502902917,Wed Jul 28 13:08:22 PDT 2021,232,332,1
1627504853495,Wed Jul 28 13:40:53 PDT 2021,232,337,1
1627505525799,Wed Jul 28 13:52:05 PDT 2021,232,339,1
1627506658901,Wed Jul 28 14:10:58 PDT 2021,232,341,1
1627509069594,Wed Jul 28 14:51:09 PDT 2021,232,343,-1
1627515203478,Wed Jul 28 16:33:23 PDT 2021,232,348,-1
1627522363230,Wed Jul 28 18:32:43 PDT 2021,232,353,-1
1627522179956,Wed Jul 28 18:29:39 PDT 2021,232,356,0
1627530623064,Wed Jul 28 20:50:23 PDT 2021,232,357,1
1627532158232,Wed Jul 28 21:15:58 PDT 2021,232,358,0
1627573366665,Thu Jul 29 08:42:46 PDT 2021,232,366,1
1627587247207,Thu Jul 29 12:34:07 PDT 2021,232,373,-1
1627607799902,Thu Jul 29 18:16:39 PDT 2021,232,376,0
1627654902137,Fri Jul 30 07:21:42 PDT 2021,232,380,-1
1627663903426,Fri Jul 30 09:51:43 PDT 2021,232,382,1
1627668009140,Fri Jul 30 11:00:09 PDT 2021,232,384,0
1627676360219,Fri Jul 30 13:19:20 PDT 2021,232,386,-1
1627680170282,Fri Jul 30 14:22:50 PDT 2021,232,388,0
1627682537919,Fri Jul 30 15:02:17 PDT 2021,232,389,-1
1627684646196,Fri Jul 30 15:37:26 PDT 2021,232,392,1
1627703272720,Fri Jul 30 20:47:52 PDT 2021,232,396,-1
1627770453855,Sat Jul 31 15:27:33 PDT 2021,232,401,-1
1627772127228,Sat Jul 31 15:55:27 PDT 2021,232,402,1
1627777221601,Sat Jul 31 17:20:21 PDT 2021,232,403,-1
1627837915360,Sun Aug 01 10:11:55 PDT 2021,232,404,1
1627247616687,Sun Jul 25 14:13:36 PDT 2021,233,0,1
1626910934067,Wed Jul 21 16:42:14 PDT 2021,233,100,-1
1627485991478,Wed Jul 28 08:26:31 PDT 2021,233,152,-1
1627051192522,Fri Jul 23 07:39:52 PDT 2021,233,224,0
1627603947765,Thu Jul 29 17:12:27 PDT 2021,233,265,-1
1626908506838,Wed Jul 21 16:01:46 PDT 2021,233,299,1
1626910679303,Wed Jul 21 16:37:59 PDT 2021,233,300,1
1626918906814,Wed Jul 21 18:55:06 PDT 2021,233,301,-1
1627000719787,Thu Jul 22 17:38:39 PDT 2021,233,302,1
1627002318618,Thu Jul 22 18:05:18 PDT 2021,233,303,-1
1627007713257,Thu Jul 22 19:35:13 PDT 2021,233,304,0
1627008578522,Thu Jul 22 19:49:38 PDT 2021,233,305,1
1627082355091,Fri Jul 23 16:19:15 PDT 2021,233,308,1
1627084117996,Fri Jul 23 16:48:37 PDT 2021,233,309,1
1627085500604,Fri Jul 23 17:11:40 PDT 2021,233,310,1
1627086940758,Fri Jul 23 17:35:40 PDT 2021,233,311,1
1627087759172,Fri Jul 23 17:49:19 PDT 2021,233,312,1
1627099539654,Fri Jul 23 21:05:39 PDT 2021,233,313,1
1627100718540,Fri Jul 23 21:25:18 PDT 2021,233,314,1
1627101420020,Fri Jul 23 21:37:00 PDT 2021,233,315,1
1627162877919,Sat Jul 24 14:41:17 PDT 2021,233,317,1
1627186984417,Sat Jul 24 21:23:04 PDT 2021,233,318,-1
1627191658748,Sat Jul 24 22:40:58 PDT 2021,233,319,1
1627407353503,Tue Jul 27 10:35:53 PDT 2021,233,322,-1
1627414829477,Tue Jul 27 12:40:29 PDT 2021,233,325,1
1627697951651,Fri Jul 30 19:19:11 PDT 2021,233,326,1
1627451196431,Tue Jul 27 22:46:36 PDT 2021,233,328,1
1627502696176,Wed Jul 28 13:04:56 PDT 2021,233,332,1
1627504237932,Wed Jul 28 13:30:37 PDT 2021,233,334,1
1627505258675,Wed Jul 28 13:47:38 PDT 2021,233,337,1
1627505916180,Wed Jul 28 13:58:36 PDT 2021,233,339,1
1627506797373,Wed Jul 28 14:13:17 PDT 2021,233,341,1
1627508607038,Wed Jul 28 14:43:27 PDT 2021,233,343,1
1627509879750,Wed Jul 28 15:04:39 PDT 2021,233,346,1
1627515015386,Wed Jul 28 16:30:15 PDT 2021,233,348,-1
1627515357844,Wed Jul 28 16:35:57 PDT 2021,233,350,1
1627523781174,Wed Jul 28 18:56:21 PDT 2021,233,353,1
1627521546534,Wed Jul 28 18:19:06 PDT 2021,233,356,-1
1627529274632,Wed Jul 28 20:27:54 PDT 2021,233,357,1
1627532148940,Wed Jul 28 21:15:48 PDT 2021,233,358,1
1627532237857,Wed Jul 28 21:17:17 PDT 2021,233,359,1
1627535861219,Wed Jul 28 22:17:41 PDT 2021,233,361,-1
1627544949362,Thu Jul 29 00:49:09 PDT 2021,233,364,1
1627573706133,Thu Jul 29 08:48:26 PDT 2021,233,366,1
1627579162829,Thu Jul 29 10:19:22 PDT 2021,233,368,1
1627582903407,Thu Jul 29 11:21:43 PDT 2021,233,369,1
1627586481655,Thu Jul 29 12:21:21 PDT 2021,233,373,1
1627608414715,Thu Jul 29 18:26:54 PDT 2021,233,376,1
1627611972734,Thu Jul 29 19:26:12 PDT 2021,233,377,1
1627613771775,Thu Jul 29 19:56:11 PDT 2021,233,378,-1
1627655427360,Fri Jul 30 07:30:27 PDT 2021,233,380,-1
1627656414285,Fri Jul 30 07:46:54 PDT 2021,233,381,0
1627663825791,Fri Jul 30 09:50:25 PDT 2021,233,382,-1
1627667668842,Fri Jul 30 10:54:28 PDT 2021,233,384,1
1627676445407,Fri Jul 30 13:20:45 PDT 2021,233,386,-1
1627681182838,Fri Jul 30 14:39:42 PDT 2021,233,388,1
1627682602935,Fri Jul 30 15:03:22 PDT 2021,233,389,-1
1627685978351,Fri Jul 30 15:59:38 PDT 2021,233,394,1
1627703146836,Fri Jul 30 20:45:46 PDT 2021,233,396,-1
1627769553639,Sat Jul 31 15:12:33 PDT 2021,233,401,-1
1627771959975,Sat Jul 31 15:52:39 PDT 2021,233,402,-1
1627775578722,Sat Jul 31 16:52:58 PDT 2021,233,403,-1
1627837635869,Sun Aug 01 10:07:15 PDT 2021,233,404,1
1627247621304,Sun Jul 25 14:13:41 PDT 2021,234,0,1
1626910985293,Wed Jul 21 16:43:05 PDT 2021,234,100,-1
1627485981432,Wed Jul 28 08:26:21 PDT 2021,234,152,-1
1627051167529,Fri Jul 23 07:39:27 PDT 2021,234,224,-1
1627697030716,Fri Jul 30 19:03:50 PDT 2021,234,261,1
1627604092684,Thu Jul 29 17:14:52 PDT 2021,234,265,-1
1626908559618,Wed Jul 21 16:02:39 PDT 2021,234,299,1
1626964950027,Thu Jul 22 07:42:30 PDT 2021,234,300,0
1626919048562,Wed Jul 21 18:57:28 PDT 2021,234,301,-1
1627000856021,Thu Jul 22 17:40:56 PDT 2021,234,302,1
1627002428828,Thu Jul 22 18:07:08 PDT 2021,234,303,-1
1627007766562,Thu Jul 22 19:36:06 PDT 2021,234,304,-1
1627008512487,Thu Jul 22 19:48:32 PDT 2021,234,305,-1
1627082468784,Fri Jul 23 16:21:08 PDT 2021,234,308,1
1627084060689,Fri Jul 23 16:47:40 PDT 2021,234,309,1
1627085319336,Fri Jul 23 17:08:39 PDT 2021,234,310,1
1627086476396,Fri Jul 23 17:27:56 PDT 2021,234,311,1
1627087790036,Fri Jul 23 17:49:50 PDT 2021,234,312,1
1627099737701,Fri Jul 23 21:08:57 PDT 2021,234,313,1
1627100655412,Fri Jul 23 21:24:15 PDT 2021,234,314,1
1627101556251,Fri Jul 23 21:39:16 PDT 2021,234,315,1
1627162747935,Sat Jul 24 14:39:07 PDT 2021,234,317,-1
1627187496243,Sat Jul 24 21:31:36 PDT 2021,234,318,-1
1627191250317,Sat Jul 24 22:34:10 PDT 2021,234,319,-1
1627407316616,Tue Jul 27 10:35:16 PDT 2021,234,322,-1
1627414709917,Tue Jul 27 12:38:29 PDT 2021,234,325,1
1627698394541,Fri Jul 30 19:26:34 PDT 2021,234,326,0
1627439400921,Tue Jul 27 19:30:00 PDT 2021,234,327,1
1627451219977,Tue Jul 27 22:46:59 PDT 2021,234,328,1
1627501573224,Wed Jul 28 12:46:13 PDT 2021,234,332,1
1627503984942,Wed Jul 28 13:26:24 PDT 2021,234,335,0
1627505169097,Wed Jul 28 13:46:09 PDT 2021,234,337,1
1627505974876,Wed Jul 28 13:59:34 PDT 2021,234,339,1
1627506746996,Wed Jul 28 14:12:26 PDT 2021,234,341,1
1627508782084,Wed Jul 28 14:46:22 PDT 2021,234,343,1
1627679687483,Fri Jul 30 14:14:47 PDT 2021,234,347,-1
1627515587277,Wed Jul 28 16:39:47 PDT 2021,234,348,-1
1627523441129,Wed Jul 28 18:50:41 PDT 2021,234,353,-1
1627521825474,Wed Jul 28 18:23:45 PDT 2021,234,356,-1
1627529566764,Wed Jul 28 20:32:46 PDT 2021,234,357,-1
1627532077361,Wed Jul 28 21:14:37 PDT 2021,234,358,1
1627543634179,Thu Jul 29 00:27:14 PDT 2021,234,364,-1
1627573799399,Thu Jul 29 08:49:59 PDT 2021,234,366,-1
1627577906565,Thu Jul 29 09:58:26 PDT 2021,234,368,-1
1627583054345,Thu Jul 29 11:24:14 PDT 2021,234,369,1
1627585166326,Thu Jul 29 11:59:26 PDT 2021,234,372,1
1627586467296,Thu Jul 29 12:21:07 PDT 2021,234,373,1
1627595254841,Thu Jul 29 14:47:34 PDT 2021,234,375,-1
1627608722802,Thu Jul 29 18:32:02 PDT 2021,234,376,-1
1627612093777,Thu Jul 29 19:28:13 PDT 2021,234,377,-1
1627613805111,Thu Jul 29 19:56:45 PDT 2021,234,378,-1
1627617993677,Thu Jul 29 21:06:33 PDT 2021,234,379,1
1627655113371,Fri Jul 30 07:25:13 PDT 2021,234,380,-1
1627656454302,Fri Jul 30 07:47:34 PDT 2021,234,381,0
1627663912097,Fri Jul 30 09:51:52 PDT 2021,234,382,-1
1627666712682,Fri Jul 30 10:38:32 PDT 2021,234,384,-1
1627675330660,Fri Jul 30 13:02:10 PDT 2021,234,386,-1
1627680288466,Fri Jul 30 14:24:48 PDT 2021,234,388,0
1627682495385,Fri Jul 30 15:01:35 PDT 2021,234,389,-1
1627682289420,Fri Jul 30 14:58:09 PDT 2021,234,390,-1
1627686312476,Fri Jul 30 16:05:12 PDT 2021,234,394,1
1627703285280,Fri Jul 30 20:48:05 PDT 2021,234,396,-1
1627752480847,Sat Jul 31 10:28:00 PDT 2021,234,397,1
1627769659043,Sat Jul 31 15:14:19 PDT 2021,234,401,1
1627771918330,Sat Jul 31 15:51:58 PDT 2021,234,402,-1
1627776404242,Sat Jul 31 17:06:44 PDT 2021,234,403,-1
1627838006595,Sun Aug 01 10:13:26 PDT 2021,234,404,1
1626908646740,Wed Jul 21 16:04:06 PDT 2021,235,299,1
1627247606841,Sun Jul 25 14:13:26 PDT 2021,236,0,1
1626911034727,Wed Jul 21 16:43:54 PDT 2021,236,100,1
1627485996211,Wed Jul 28 08:26:36 PDT 2021,236,152,-1
1627051241344,Fri Jul 23 07:40:41 PDT 2021,236,224,-1
1627140935960,Sat Jul 24 08:35:35 PDT 2021,236,258,0
1627752280534,Sat Jul 31 10:24:40 PDT 2021,236,261,1
1627604061191,Thu Jul 29 17:14:21 PDT 2021,236,265,-1
1626908750623,Wed Jul 21 16:05:50 PDT 2021,236,299,1
1626910705320,Wed Jul 21 16:38:25 PDT 2021,236,300,1
1626918979807,Wed Jul 21 18:56:19 PDT 2021,236,301,-1
1627000807586,Thu Jul 22 17:40:07 PDT 2021,236,302,-1
1627002449788,Thu Jul 22 18:07:29 PDT 2021,236,303,-1
1627007785732,Thu Jul 22 19:36:25 PDT 2021,236,304,-1
1627008653664,Thu Jul 22 19:50:53 PDT 2021,236,305,-1
1627082526222,Fri Jul 23 16:22:06 PDT 2021,236,308,1
1627083633971,Fri Jul 23 16:40:33 PDT 2021,236,309,1
1627085037476,Fri Jul 23 17:03:57 PDT 2021,236,310,1
1627086768015,Fri Jul 23 17:32:48 PDT 2021,236,311,1
1627087762581,Fri Jul 23 17:49:22 PDT 2021,236,312,1
1627099704476,Fri Jul 23 21:08:24 PDT 2021,236,313,1
1627100520758,Fri Jul 23 21:22:00 PDT 2021,236,314,1
1627101445530,Fri Jul 23 21:37:25 PDT 2021,236,315,1
1627131625589,Sat Jul 24 06:00:25 PDT 2021,236,316,1
1627162648411,Sat Jul 24 14:37:28 PDT 2021,236,317,-1
1627187348931,Sat Jul 24 21:29:08 PDT 2021,236,318,1
1627191447227,Sat Jul 24 22:37:27 PDT 2021,236,319,1
1627407709016,Tue Jul 27 10:41:49 PDT 2021,236,322,1
1627414663937,Tue Jul 27 12:37:43 PDT 2021,236,325,1
1627425809293,Tue Jul 27 15:43:29 PDT 2021,236,326,0
1627451138650,Tue Jul 27 22:45:38 PDT 2021,236,328,1
1627451484147,Tue Jul 27 22:51:24 PDT 2021,236,329,1
1627504610788,Wed Jul 28 13:36:50 PDT 2021,236,336,0
1627505261425,Wed Jul 28 13:47:41 PDT 2021,236,337,1
1627505672562,Wed Jul 28 13:54:32 PDT 2021,236,339,1
1627509060270,Wed Jul 28 14:51:00 PDT 2021,236,343,0
1627515465807,Wed Jul 28 16:37:45 PDT 2021,236,348,0
1627523069763,Wed Jul 28 18:44:29 PDT 2021,236,353,-1
1627522437447,Wed Jul 28 18:33:57 PDT 2021,236,356,-1
1627529440792,Wed Jul 28 20:30:40 PDT 2021,236,357,1
1627532015060,Wed Jul 28 21:13:35 PDT 2021,236,358,0
1627536217417,Wed Jul 28 22:23:37 PDT 2021,236,361,0
1627535654498,Wed Jul 28 22:14:14 PDT 2021,236,362,0
1627543814022,Thu Jul 29 00:30:14 PDT 2021,236,364,-1
1627568303737,Thu Jul 29 07:18:23 PDT 2021,236,365,-1
1627573980030,Thu Jul 29 08:53:00 PDT 2021,236,366,1
1627579062976,Thu Jul 29 10:17:42 PDT 2021,236,368,0
1627587241019,Thu Jul 29 12:34:01 PDT 2021,236,373,-1
1627595349712,Thu Jul 29 14:49:09 PDT 2021,236,375,0
1627609696593,Thu Jul 29 18:48:16 PDT 2021,236,376,0
1627613740817,Thu Jul 29 19:55:40 PDT 2021,236,378,0
1627656414487,Fri Jul 30 07:46:54 PDT 2021,236,380,-1
1627655850845,Fri Jul 30 07:37:30 PDT 2021,236,381,0
1627663998994,Fri Jul 30 09:53:18 PDT 2021,236,382,1
1627666953957,Fri Jul 30 10:42:33 PDT 2021,236,384,0
1627675547161,Fri Jul 30 13:05:47 PDT 2021,236,386,0
1627681650509,Fri Jul 30 14:47:30 PDT 2021,236,388,0
1627682039845,Fri Jul 30 14:53:59 PDT 2021,236,389,-1
1627702512339,Fri Jul 30 20:35:12 PDT 2021,236,396,0
1627752427044,Sat Jul 31 10:27:07 PDT 2021,236,397,1
1627770208851,Sat Jul 31 15:23:28 PDT 2021,236,401,0
1627772363579,Sat Jul 31 15:59:23 PDT 2021,236,402,1
1627775548938,Sat Jul 31 16:52:28 PDT 2021,236,403,0
1627837969031,Sun Aug 01 10:12:49 PDT 2021,236,404,1
1627508612419,Wed Jul 28 14:43:32 PDT 2021,237,0,1
1627602115945,Thu Jul 29 16:41:55 PDT 2021,237,100,-1
1627569465634,Thu Jul 29 07:37:45 PDT 2021,237,152,-1
1627604068010,Thu Jul 29 17:14:28 PDT 2021,237,265,-1
1626908830265,Wed Jul 21 16:07:10 PDT 2021,237,299,1
1627608193852,Thu Jul 29 18:23:13 PDT 2021,237,322,1
1627699674384,Fri Jul 30 19:47:54 PDT 2021,237,326,0
1627506918603,Wed Jul 28 14:15:18 PDT 2021,237,342,0
1627508671694,Wed Jul 28 14:44:31 PDT 2021,237,343,1
1627508849305,Wed Jul 28 14:47:29 PDT 2021,237,345,1
1627509849667,Wed Jul 28 15:04:09 PDT 2021,237,346,1
1627514904344,Wed Jul 28 16:28:24 PDT 2021,237,348,-1
1627515151092,Wed Jul 28 16:32:31 PDT 2021,237,349,-1
1627515388705,Wed Jul 28 16:36:28 PDT 2021,237,350,0
1627523063482,Wed Jul 28 18:44:23 PDT 2021,237,353,-1
1627521718138,Wed Jul 28 18:21:58 PDT 2021,237,356,-1
1627529384951,Wed Jul 28 20:29:44 PDT 2021,237,357,1
1627531913870,Wed Jul 28 21:11:53 PDT 2021,237,358,1
1627532487516,Wed Jul 28 21:21:27 PDT 2021,237,359,-1
1627536090250,Wed Jul 28 22:21:30 PDT 2021,237,361,0
1627544360237,Thu Jul 29 00:39:20 PDT 2021,237,364,-1
1627568465988,Thu Jul 29 07:21:05 PDT 2021,237,365,-1
1627573995106,Thu Jul 29 08:53:15 PDT 2021,237,366,1
1627578126503,Thu Jul 29 10:02:06 PDT 2021,237,368,-1
1627586581118,Thu Jul 29 12:23:01 PDT 2021,237,373,-1
1627595164965,Thu Jul 29 14:46:04 PDT 2021,237,375,-1
1627609030557,Thu Jul 29 18:37:10 PDT 2021,237,376,-1
1627614102328,Thu Jul 29 20:01:42 PDT 2021,237,378,0
1627655697250,Fri Jul 30 07:34:57 PDT 2021,237,380,-1
1627656149999,Fri Jul 30 07:42:29 PDT 2021,237,381,0
1627664280670,Fri Jul 30 09:58:00 PDT 2021,237,382,1
1627667758552,Fri Jul 30 10:55:58 PDT 2021,237,384,0
1627676198573,Fri Jul 30 13:16:38 PDT 2021,237,386,-1
1627680917521,Fri Jul 30 14:35:17 PDT 2021,237,388,0
1627682694450,Fri Jul 30 15:04:54 PDT 2021,237,389,-1
1627685400522,Fri Jul 30 15:50:00 PDT 2021,237,393,1
1627686234019,Fri Jul 30 16:03:54 PDT 2021,237,394,1
1627690333808,Fri Jul 30 17:12:13 PDT 2021,237,395,0
1627702444875,Fri Jul 30 20:34:04 PDT 2021,237,396,0
1627770486091,Sat Jul 31 15:28:06 PDT 2021,237,401,0
1627772356688,Sat Jul 31 15:59:16 PDT 2021,237,402,1
1627777182040,Sat Jul 31 17:19:42 PDT 2021,237,403,-1
1627838230952,Sun Aug 01 10:17:10 PDT 2021,237,404,1
1627247587622,Sun Jul 25 14:13:07 PDT 2021,238,0,1
1627409360557,Tue Jul 27 11:09:20 PDT 2021,238,100,-1
1627485986719,Wed Jul 28 08:26:26 PDT 2021,238,152,-1
1627140901533,Sat Jul 24 08:35:01 PDT 2021,238,258,0
1627604084385,Thu Jul 29 17:14:44 PDT 2021,238,265,-1
1626908895265,Wed Jul 21 16:08:15 PDT 2021,238,299,1
1627099366662,Fri Jul 23 21:02:46 PDT 2021,238,312,1
1627099527028,Fri Jul 23 21:05:27 PDT 2021,238,313,1
1627100704194,Fri Jul 23 21:25:04 PDT 2021,238,314,1
1627101412625,Fri Jul 23 21:36:52 PDT 2021,238,315,1
1627131620845,Sat Jul 24 06:00:20 PDT 2021,238,316,1
1627162609928,Sat Jul 24 14:36:49 PDT 2021,238,317,-1
1627187224475,Sat Jul 24 21:27:04 PDT 2021,238,318,1
1627191585713,Sat Jul 24 22:39:45 PDT 2021,238,319,1
1627404851897,Tue Jul 27 09:54:11 PDT 2021,238,321,-1
1627407571925,Tue Jul 27 10:39:31 PDT 2021,238,322,1
1627409334175,Tue Jul 27 11:08:54 PDT 2021,238,323,1
1627414885393,Tue Jul 27 12:41:25 PDT 2021,238,325,1
1627698951541,Fri Jul 30 19:35:51 PDT 2021,238,326,0
1627439360027,Tue Jul 27 19:29:20 PDT 2021,238,327,1
1627502920491,Wed Jul 28 13:08:40 PDT 2021,238,332,1
1627503200875,Wed Jul 28 13:13:20 PDT 2021,238,334,1
1627504039235,Wed Jul 28 13:27:19 PDT 2021,238,335,-1
1627505105433,Wed Jul 28 13:45:05 PDT 2021,238,337,1
1627505892147,Wed Jul 28 13:58:12 PDT 2021,238,339,1
1627506622625,Wed Jul 28 14:10:22 PDT 2021,238,341,1
1627506817880,Wed Jul 28 14:13:37 PDT 2021,238,342,0
1627508735357,Wed Jul 28 14:45:35 PDT 2021,238,343,1
1627509390226,Wed Jul 28 14:56:30 PDT 2021,238,345,0
1627509951536,Wed Jul 28 15:05:51 PDT 2021,238,346,1
1627515440595,Wed Jul 28 16:37:20 PDT 2021,238,348,0
1627515069219,Wed Jul 28 16:31:09 PDT 2021,238,349,0
1627523790114,Wed Jul 28 18:56:30 PDT 2021,238,353,-1
1627522362944,Wed Jul 28 18:32:42 PDT 2021,238,356,0
1627530485325,Wed Jul 28 20:48:05 PDT 2021,238,357,1
1627532101752,Wed Jul 28 21:15:01 PDT 2021,238,358,1
1627532270506,Wed Jul 28 21:17:50 PDT 2021,238,359,-1
1627535430833,Wed Jul 28 22:10:30 PDT 2021,238,361,0
1627573315454,Thu Jul 29 08:41:55 PDT 2021,238,366,1
1627578856583,Thu Jul 29 10:14:16 PDT 2021,238,368,0
1627586505521,Thu Jul 29 12:21:45 PDT 2021,238,373,-1
1627609984328,Thu Jul 29 18:53:04 PDT 2021,238,376,0
1627655943579,Fri Jul 30 07:39:03 PDT 2021,238,380,-1
1627656348618,Fri Jul 30 07:45:48 PDT 2021,238,381,0
1627663560972,Fri Jul 30 09:46:00 PDT 2021,238,382,1
1627667616413,Fri Jul 30 10:53:36 PDT 2021,238,384,1
1627676257134,Fri Jul 30 13:17:37 PDT 2021,238,386,-1
1627680584957,Fri Jul 30 14:29:44 PDT 2021,238,388,0
1627681706506,Fri Jul 30 14:48:26 PDT 2021,238,389,-1
1627684591799,Fri Jul 30 15:36:31 PDT 2021,238,392,1
1627685232870,Fri Jul 30 15:47:12 PDT 2021,238,393,1
1627703361963,Fri Jul 30 20:49:21 PDT 2021,238,396,-1
1627756924345,Sat Jul 31 11:42:04 PDT 2021,238,399,1
1627759671513,Sat Jul 31 12:27:51 PDT 2021,238,400,-1
1627770769365,Sat Jul 31 15:32:49 PDT 2021,238,401,-1
1627772149863,Sat Jul 31 15:55:49 PDT 2021,238,402,1
1627776752277,Sat Jul 31 17:12:32 PDT 2021,238,403,-1
1627837887258,Sun Aug 01 10:11:27 PDT 2021,238,404,1
1626908954752,Wed Jul 21 16:09:14 PDT 2021,239,299,1
1627149526338,Sat Jul 24 10:58:46 PDT 2021,240,0,1
1626911076859,Wed Jul 21 16:44:36 PDT 2021,240,100,-1
1627485971241,Wed Jul 28 08:26:11 PDT 2021,240,152,1
1627051220027,Fri Jul 23 07:40:20 PDT 2021,240,224,-1
1627192523490,Sat Jul 24 22:55:23 PDT 2021,240,258,0
1627604035023,Thu Jul 29 17:13:55 PDT 2021,240,265,-1
1626908999875,Wed Jul 21 16:09:59 PDT 2021,240,299,1
1626910736127,Wed Jul 21 16:38:56 PDT 2021,240,300,1
1626919124198,Wed Jul 21 18:58:44 PDT 2021,240,301,-1
1627000823660,Thu Jul 22 17:40:23 PDT 2021,240,302,-1
1627002332755,Thu Jul 22 18:05:32 PDT 2021,240,303,-1
1627008591171,Thu Jul 22 19:49:51 PDT 2021,240,305,-1
1627084000107,Fri Jul 23 16:46:40 PDT 2021,240,309,1
1627085067795,Fri Jul 23 17:04:27 PDT 2021,240,310,1
1627086818983,Fri Jul 23 17:33:38 PDT 2021,240,311,1
1627087863512,Fri Jul 23 17:51:03 PDT 2021,240,312,1
1627099582764,Fri Jul 23 21:06:22 PDT 2021,240,313,1
1627100681024,Fri Jul 23 21:24:41 PDT 2021,240,314,1
1627101497491,Fri Jul 23 21:38:17 PDT 2021,240,315,1
1627131499020,Sat Jul 24 05:58:19 PDT 2021,240,316,-1
1627162854989,Sat Jul 24 14:40:54 PDT 2021,240,317,-1
1627187397154,Sat Jul 24 21:29:57 PDT 2021,240,318,-1
1627191717739,Sat Jul 24 22:41:57 PDT 2021,240,319,-1
1627404935151,Tue Jul 27 09:55:35 PDT 2021,240,321,1
1627407507033,Tue Jul 27 10:38:27 PDT 2021,240,322,-1
1627409355422,Tue Jul 27 11:09:15 PDT 2021,240,323,1
1627414868433,Tue Jul 27 12:41:08 PDT 2021,240,325,1
1627425863195,Tue Jul 27 15:44:23 PDT 2021,240,326,0
1627451189508,Tue Jul 27 22:46:29 PDT 2021,240,328,1
1627502677756,Wed Jul 28 13:04:37 PDT 2021,240,332,1
1627505213669,Wed Jul 28 13:46:53 PDT 2021,240,337,1
1627505865077,Wed Jul 28 13:57:45 PDT 2021,240,339,1
1627508586660,Wed Jul 28 14:43:06 PDT 2021,240,343,1
1627515364378,Wed Jul 28 16:36:04 PDT 2021,240,348,-1
1627522728150,Wed Jul 28 18:38:48 PDT 2021,240,353,1
1627521623209,Wed Jul 28 18:20:23 PDT 2021,240,356,0
1627529102304,Wed Jul 28 20:25:02 PDT 2021,240,357,1
1627531848974,Wed Jul 28 21:10:48 PDT 2021,240,358,1
1627532579970,Wed Jul 28 21:22:59 PDT 2021,240,359,0
1627536249702,Wed Jul 28 22:24:09 PDT 2021,240,361,0
1627542770508,Thu Jul 29 00:12:50 PDT 2021,240,364,-1
1627573972893,Thu Jul 29 08:52:52 PDT 2021,240,366,1
1627578394342,Thu Jul 29 10:06:34 PDT 2021,240,368,-1
1627585142939,Thu Jul 29 11:59:02 PDT 2021,240,372,1
1627586936397,Thu Jul 29 12:28:56 PDT 2021,240,373,-1
1627608639885,Thu Jul 29 18:30:39 PDT 2021,240,376,0
1627614041316,Thu Jul 29 20:00:41 PDT 2021,240,378,0
1627617942779,Thu Jul 29 21:05:42 PDT 2021,240,379,1
1627655521763,Fri Jul 30 07:32:01 PDT 2021,240,380,0
1627663966174,Fri Jul 30 09:52:46 PDT 2021,240,382,-1
1627666818734,Fri Jul 30 10:40:18 PDT 2021,240,384,1
1627676035382,Fri Jul 30 13:13:55 PDT 2021,240,386,-1
1627681752184,Fri Jul 30 14:49:12 PDT 2021,240,388,-1
1627681858717,Fri Jul 30 14:50:58 PDT 2021,240,389,-1
1627686200942,Fri Jul 30 16:03:20 PDT 2021,240,394,1
1627690342282,Fri Jul 30 17:12:22 PDT 2021,240,395,0
1627702874716,Fri Jul 30 20:41:14 PDT 2021,240,396,0
1627756959309,Sat Jul 31 11:42:39 PDT 2021,240,399,0
1627770553394,Sat Jul 31 15:29:13 PDT 2021,240,401,0
1627772113523,Sat Jul 31 15:55:13 PDT 2021,240,402,-1
1627776862157,Sat Jul 31 17:14:22 PDT 2021,240,403,-1
1627837748434,Sun Aug 01 10:09:08 PDT 2021,240,404,-1
1627247613167,Sun Jul 25 14:13:33 PDT 2021,241,0,1
1626911103419,Wed Jul 21 16:45:03 PDT 2021,241,100,1
1627485976200,Wed Jul 28 08:26:16 PDT 2021,241,152,1
1627051157396,Fri Jul 23 07:39:17 PDT 2021,241,224,1
1627604014195,Thu Jul 29 17:13:34 PDT 2021,241,265,1
1626909086629,Wed Jul 21 16:11:26 PDT 2021,241,299,1
1626965013352,Thu Jul 22 07:43:33 PDT 2021,241,300,1
1626918998035,Wed Jul 21 18:56:38 PDT 2021,241,301,1
1627000757353,Thu Jul 22 17:39:17 PDT 2021,241,302,1
1627002326897,Thu Jul 22 18:05:26 PDT 2021,241,303,1
1627007587980,Thu Jul 22 19:33:07 PDT 2021,241,304,1
1627008301081,Thu Jul 22 19:45:01 PDT 2021,241,305,1
1627070209933,Fri Jul 23 12:56:49 PDT 2021,241,307,1
1627082471443,Fri Jul 23 16:21:11 PDT 2021,241,308,1
1627083607692,Fri Jul 23 16:40:07 PDT 2021,241,309,1
1627085086334,Fri Jul 23 17:04:46 PDT 2021,241,310,1
1627086625547,Fri Jul 23 17:30:25 PDT 2021,241,311,1
1627087911376,Fri Jul 23 17:51:51 PDT 2021,241,312,1
1627099564607,Fri Jul 23 21:06:04 PDT 2021,241,313,1
1627100859324,Fri Jul 23 21:27:39 PDT 2021,241,314,1
1627101475741,Fri Jul 23 21:37:55 PDT 2021,241,315,1
1627162792162,Sat Jul 24 14:39:52 PDT 2021,241,317,1
1627187117816,Sat Jul 24 21:25:17 PDT 2021,241,318,1
1627191411486,Sat Jul 24 22:36:51 PDT 2021,241,319,-1
1627407656895,Tue Jul 27 10:40:56 PDT 2021,241,322,1
1627414803917,Tue Jul 27 12:40:03 PDT 2021,241,325,1
1627425678963,Tue Jul 27 15:41:18 PDT 2021,241,326,1
1627439455591,Tue Jul 27 19:30:55 PDT 2021,241,327,1
1627502522624,Wed Jul 28 13:02:02 PDT 2021,241,332,1
1627503246770,Wed Jul 28 13:14:06 PDT 2021,241,334,1
1627504073729,Wed Jul 28 13:27:53 PDT 2021,241,335,1
1627505194862,Wed Jul 28 13:46:34 PDT 2021,241,337,1
1627505985693,Wed Jul 28 13:59:45 PDT 2021,241,339,1
1627506714150,Wed Jul 28 14:11:54 PDT 2021,241,341,1
1627508950384,Wed Jul 28 14:49:10 PDT 2021,241,343,1
1627515417649,Wed Jul 28 16:36:57 PDT 2021,241,348,1
1627515157775,Wed Jul 28 16:32:37 PDT 2021,241,349,1
1627522797445,Wed Jul 28 18:39:57 PDT 2021,241,353,1
1627522236878,Wed Jul 28 18:30:36 PDT 2021,241,356,-1
1627529259112,Wed Jul 28 20:27:39 PDT 2021,241,357,1
1627532004627,Wed Jul 28 21:13:24 PDT 2021,241,358,1
1627532293668,Wed Jul 28 21:18:13 PDT 2021,241,359,1
1627535710319,Wed Jul 28 22:15:10 PDT 2021,241,361,1
1627543200729,Thu Jul 29 00:20:00 PDT 2021,241,364,1
1627573953001,Thu Jul 29 08:52:33 PDT 2021,241,366,1
1627578065432,Thu Jul 29 10:01:05 PDT 2021,241,368,1
1627577980242,Thu Jul 29 09:59:40 PDT 2021,241,369,1
1627586854440,Thu Jul 29 12:27:34 PDT 2021,241,373,1
1627595404850,Thu Jul 29 14:50:04 PDT 2021,241,375,1
1627609578818,Thu Jul 29 18:46:18 PDT 2021,241,376,1
1627611882660,Thu Jul 29 19:24:42 PDT 2021,241,377,1
1627613989964,Thu Jul 29 19:59:49 PDT 2021,241,378,0
1627655568390,Fri Jul 30 07:32:48 PDT 2021,241,380,0
1627656551131,Fri Jul 30 07:49:11 PDT 2021,241,381,1
1627664102096,Fri Jul 30 09:55:02 PDT 2021,241,382,1
1627667923383,Fri Jul 30 10:58:43 PDT 2021,241,384,1
1627676379142,Fri Jul 30 13:19:39 PDT 2021,241,386,1
1627680663340,Fri Jul 30 14:31:03 PDT 2021,241,388,1
1627682100139,Fri Jul 30 14:55:00 PDT 2021,241,389,1
1627686032477,Fri Jul 30 16:00:32 PDT 2021,241,394,1
1627690298396,Fri Jul 30 17:11:38 PDT 2021,241,395,0
1627702320875,Fri Jul 30 20:32:00 PDT 2021,241,396,0
1627769989254,Sat Jul 31 15:19:49 PDT 2021,241,401,1
1627772199962,Sat Jul 31 15:56:39 PDT 2021,241,402,1
1627775776233,Sat Jul 31 16:56:16 PDT 2021,241,403,0
1627837814470,Sun Aug 01 10:10:14 PDT 2021,241,404,1
1627247599392,Sun Jul 25 14:13:19 PDT 2021,242,0,1
1627409273636,Tue Jul 27 11:07:53 PDT 2021,242,100,-1
1627485960700,Wed Jul 28 08:26:00 PDT 2021,242,152,-1
1627140896756,Sat Jul 24 08:34:56 PDT 2021,242,258,1
1627697038632,Fri Jul 30 19:03:58 PDT 2021,242,261,1
1627604031806,Thu Jul 29 17:13:51 PDT 2021,242,265,-1
1626909170874,Wed Jul 21 16:12:50 PDT 2021,242,299,1
1627099374200,Fri Jul 23 21:02:54 PDT 2021,242,312,1
1627099510437,Fri Jul 23 21:05:10 PDT 2021,242,313,1
1627100484485,Fri Jul 23 21:21:24 PDT 2021,242,314,1
1627101366141,Fri Jul 23 21:36:06 PDT 2021,242,315,1
1627162325678,Sat Jul 24 14:32:05 PDT 2021,242,317,-1
1627187048609,Sat Jul 24 21:24:08 PDT 2021,242,318,1
1627191531240,Sat Jul 24 22:38:51 PDT 2021,242,319,1
1627404892582,Tue Jul 27 09:54:52 PDT 2021,242,321,-1
1627407447773,Tue Jul 27 10:37:27 PDT 2021,242,322,1
1627414659207,Tue Jul 27 12:37:39 PDT 2021,242,325,1
1627426217332,Tue Jul 27 15:50:17 PDT 2021,242,326,0
1627451209996,Tue Jul 27 22:46:49 PDT 2021,242,328,1
1627451643068,Tue Jul 27 22:54:03 PDT 2021,242,330,1
1627502649534,Wed Jul 28 13:04:09 PDT 2021,242,332,1
1627504152798,Wed Jul 28 13:29:12 PDT 2021,242,335,0
1627505142323,Wed Jul 28 13:45:42 PDT 2021,242,337,1
1627505680235,Wed Jul 28 13:54:40 PDT 2021,242,339,1
1627506739609,Wed Jul 28 14:12:19 PDT 2021,242,341,1
1627508909910,Wed Jul 28 14:48:29 PDT 2021,242,343,1
1627515566859,Wed Jul 28 16:39:26 PDT 2021,242,348,-1
1627515309126,Wed Jul 28 16:35:09 PDT 2021,242,349,-1
1627515317713,Wed Jul 28 16:35:17 PDT 2021,242,350,0
1627523600383,Wed Jul 28 18:53:20 PDT 2021,242,353,-1
1627521667493,Wed Jul 28 18:21:07 PDT 2021,242,356,-1
1627529840604,Wed Jul 28 20:37:20 PDT 2021,242,357,1
1627535821715,Wed Jul 28 22:17:01 PDT 2021,242,361,0
1627544282471,Thu Jul 29 00:38:02 PDT 2021,242,364,-1
1627574093029,Thu Jul 29 08:54:53 PDT 2021,242,366,1
1627585139826,Thu Jul 29 11:58:59 PDT 2021,242,372,1
1627587210229,Thu Jul 29 12:33:30 PDT 2021,242,373,-1
1627596221306,Thu Jul 29 15:03:41 PDT 2021,242,375,0
1627608392517,Thu Jul 29 18:26:32 PDT 2021,242,376,-1
1627612128539,Thu Jul 29 19:28:48 PDT 2021,242,377,-1
1627613777329,Thu Jul 29 19:56:17 PDT 2021,242,378,0
1627655385752,Fri Jul 30 07:29:45 PDT 2021,242,380,0
1627664010082,Fri Jul 30 09:53:30 PDT 2021,242,382,1
1627667488384,Fri Jul 30 10:51:28 PDT 2021,242,384,0
1627676106076,Fri Jul 30 13:15:06 PDT 2021,242,386,0
1627681304862,Fri Jul 30 14:41:44 PDT 2021,242,388,0
1627682677219,Fri Jul 30 15:04:37 PDT 2021,242,389,-1
1627686143490,Fri Jul 30 16:02:23 PDT 2021,242,394,1
1627703735698,Fri Jul 30 20:55:35 PDT 2021,242,396,0
1627752541686,Sat Jul 31 10:29:01 PDT 2021,242,398,1
1627759741596,Sat Jul 31 12:29:01 PDT 2021,242,400,-1
1627770037547,Sat Jul 31 15:20:37 PDT 2021,242,401,0
1627772079469,Sat Jul 31 15:54:39 PDT 2021,242,402,1
1627776151382,Sat Jul 31 17:02:31 PDT 2021,242,403,1
1627838162515,Sun Aug 01 10:16:02 PDT 2021,242,404,1
1627149523549,Sat Jul 24 10:58:43 PDT 2021,243,0,1
1626911005384,Wed Jul 21 16:43:25 PDT 2021,243,100,-1
1627486002763,Wed Jul 28 08:26:42 PDT 2021,243,152,1
1627051144379,Fri Jul 23 07:39:04 PDT 2021,243,224,1
1627192488293,Sat Jul 24 22:54:48 PDT 2021,243,258,1
1627698330519,Fri Jul 30 19:25:30 PDT 2021,243,261,1
1627604119544,Thu Jul 29 17:15:19 PDT 2021,243,265,1
1626909232556,Wed Jul 21 16:13:52 PDT 2021,243,299,1
1626910725033,Wed Jul 21 16:38:45 PDT 2021,243,300,1
1626918967624,Wed Jul 21 18:56:07 PDT 2021,243,301,1
1627000729953,Thu Jul 22 17:38:49 PDT 2021,243,302,1
1627002339495,Thu Jul 22 18:05:39 PDT 2021,243,303,-1
1627007730942,Thu Jul 22 19:35:30 PDT 2021,243,304,1
1627008454661,Thu Jul 22 19:47:34 PDT 2021,243,305,1
1627082558558,Fri Jul 23 16:22:38 PDT 2021,243,308,1
1627083721105,Fri Jul 23 16:42:01 PDT 2021,243,309,1
1627085226139,Fri Jul 23 17:07:06 PDT 2021,243,310,1
1627086708605,Fri Jul 23 17:31:48 PDT 2021,243,311,1
1627088043360,Fri Jul 23 17:54:03 PDT 2021,243,312,1
1627099465762,Fri Jul 23 21:04:25 PDT 2021,243,313,1
1627100726967,Fri Jul 23 21:25:26 PDT 2021,243,314,1
1627101614502,Fri Jul 23 21:40:14 PDT 2021,243,315,1
1627131612744,Sat Jul 24 06:00:12 PDT 2021,243,316,0
1627163052840,Sat Jul 24 14:44:12 PDT 2021,243,317,0
1627187552801,Sat Jul 24 21:32:32 PDT 2021,243,318,1
1627191612868,Sat Jul 24 22:40:12 PDT 2021,243,319,1
1627407462005,Tue Jul 27 10:37:42 PDT 2021,243,322,1
1627414689870,Tue Jul 27 12:38:09 PDT 2021,243,325,1
1627425621274,Tue Jul 27 15:40:21 PDT 2021,243,326,0
1627439521742,Tue Jul 27 19:32:01 PDT 2021,243,327,1
1627502784620,Wed Jul 28 13:06:24 PDT 2021,243,332,1
1627504265109,Wed Jul 28 13:31:05 PDT 2021,243,334,1
1627504589849,Wed Jul 28 13:36:29 PDT 2021,243,336,1
1627505186069,Wed Jul 28 13:46:26 PDT 2021,243,337,1
1627506002773,Wed Jul 28 14:00:02 PDT 2021,243,339,1
1627508677732,Wed Jul 28 14:44:37 PDT 2021,243,343,1
1627515060246,Wed Jul 28 16:31:00 PDT 2021,243,348,0
1627523485496,Wed Jul 28 18:51:25 PDT 2021,243,353,-1
1627521898733,Wed Jul 28 18:24:58 PDT 2021,243,356,1
1627529024484,Wed Jul 28 20:23:44 PDT 2021,243,357,1
1627531925611,Wed Jul 28 21:12:05 PDT 2021,243,358,1
1627536032840,Wed Jul 28 22:20:32 PDT 2021,243,361,1
1627543794732,Thu Jul 29 00:29:54 PDT 2021,243,364,1
1627573636730,Thu Jul 29 08:47:16 PDT 2021,243,366,1
1627578143278,Thu Jul 29 10:02:23 PDT 2021,243,368,0
1627583079580,Thu Jul 29 11:24:39 PDT 2021,243,369,1
1627587097688,Thu Jul 29 12:31:37 PDT 2021,243,373,1
1627607617544,Thu Jul 29 18:13:37 PDT 2021,243,376,1
1627612052151,Thu Jul 29 19:27:32 PDT 2021,243,377,1
1627613940630,Thu Jul 29 19:59:00 PDT 2021,243,378,0
1627655680195,Fri Jul 30 07:34:40 PDT 2021,243,380,0
1627664052356,Fri Jul 30 09:54:12 PDT 2021,243,382,1
1627664898172,Fri Jul 30 10:08:18 PDT 2021,243,383,1
1627667085733,Fri Jul 30 10:44:45 PDT 2021,243,384,1
1627676390452,Fri Jul 30 13:19:50 PDT 2021,243,386,1
1627681456502,Fri Jul 30 14:44:16 PDT 2021,243,388,1
1627681906077,Fri Jul 30 14:51:46 PDT 2021,243,389,-1
1627685060319,Fri Jul 30 15:44:20 PDT 2021,243,393,1
1627686317646,Fri Jul 30 16:05:17 PDT 2021,243,394,1
1627702071841,Fri Jul 30 20:27:51 PDT 2021,243,396,1
1627757014311,Sat Jul 31 11:43:34 PDT 2021,243,399,1
1627769790714,Sat Jul 31 15:16:30 PDT 2021,243,401,1
1627772032123,Sat Jul 31 15:53:52 PDT 2021,243,402,1
1627776338024,Sat Jul 31 17:05:38 PDT 2021,243,403,0
1627838071236,Sun Aug 01 10:14:31 PDT 2021,243,404,1
1627508608039,Wed Jul 28 14:43:28 PDT 2021,244,0,0
1627602178694,Thu Jul 29 16:42:58 PDT 2021,244,100,0
1627569636015,Thu Jul 29 07:40:36 PDT 2021,244,152,1
1627604048987,Thu Jul 29 17:14:08 PDT 2021,244,265,-1
1626909347156,Wed Jul 21 16:15:47 PDT 2021,244,299,1
1627608182629,Thu Jul 29 18:23:02 PDT 2021,244,322,-1
1627699809083,Fri Jul 30 19:50:09 PDT 2021,244,326,1
1627508401697,Wed Jul 28 14:40:01 PDT 2021,244,343,-1
1627508943614,Wed Jul 28 14:49:03 PDT 2021,244,345,-1
1627515193426,Wed Jul 28 16:33:13 PDT 2021,244,348,-1
1627518193076,Wed Jul 28 17:23:13 PDT 2021,244,352,0
1627522554214,Wed Jul 28 18:35:54 PDT 2021,244,353,-1
1627522026677,Wed Jul 28 18:27:06 PDT 2021,244,356,-1
1627529867341,Wed Jul 28 20:37:47 PDT 2021,244,357,1
1627535840021,Wed Jul 28 22:17:20 PDT 2021,244,361,1
1627544871081,Thu Jul 29 00:47:51 PDT 2021,244,364,-1
1627573588084,Thu Jul 29 08:46:28 PDT 2021,244,366,-1
1627582890735,Thu Jul 29 11:21:30 PDT 2021,244,369,1
1627587199274,Thu Jul 29 12:33:19 PDT 2021,244,373,-1
1627608928324,Thu Jul 29 18:35:28 PDT 2021,244,376,-1
1627656154786,Fri Jul 30 07:42:34 PDT 2021,244,380,0
1627656257948,Fri Jul 30 07:44:17 PDT 2021,244,381,-1
1627664234655,Fri Jul 30 09:57:14 PDT 2021,244,382,-1
1627667752691,Fri Jul 30 10:55:52 PDT 2021,244,384,-1
1627676583570,Fri Jul 30 13:23:03 PDT 2021,244,386,-1
1627681855613,Fri Jul 30 14:50:55 PDT 2021,244,388,0
1627683012185,Fri Jul 30 15:10:12 PDT 2021,244,389,-1
1627686265423,Fri Jul 30 16:04:25 PDT 2021,244,394,1
1627689899727,Fri Jul 30 17:04:59 PDT 2021,244,395,-1
1627703125787,Fri Jul 30 20:45:25 PDT 2021,244,396,0
1627770711360,Sat Jul 31 15:31:51 PDT 2021,244,401,-1
1627772410031,Sat Jul 31 16:00:10 PDT 2021,244,402,-1
1627777396354,Sat Jul 31 17:23:16 PDT 2021,244,403,-1
1627838273953,Sun Aug 01 10:17:53 PDT 2021,244,404,-1
1626909487122,Wed Jul 21 16:18:07 PDT 2021,245,299,1
1627508598387,Wed Jul 28 14:43:18 PDT 2021,246,0,1
1627602120266,Thu Jul 29 16:42:00 PDT 2021,246,100,1
1627569481204,Thu Jul 29 07:38:01 PDT 2021,246,152,1
1627603904207,Thu Jul 29 17:11:44 PDT 2021,246,265,1
1626909503204,Wed Jul 21 16:18:23 PDT 2021,246,299,1
1627608174185,Thu Jul 29 18:22:54 PDT 2021,246,322,0
1627698397115,Fri Jul 30 19:26:37 PDT 2021,246,326,1
1627506898285,Wed Jul 28 14:14:58 PDT 2021,246,342,1
1627508445543,Wed Jul 28 14:40:45 PDT 2021,246,343,1
1627508592374,Wed Jul 28 14:43:12 PDT 2021,246,344,0
1627508897296,Wed Jul 28 14:48:17 PDT 2021,246,345,0
1627509954380,Wed Jul 28 15:05:54 PDT 2021,246,346,1
1627514896203,Wed Jul 28 16:28:16 PDT 2021,246,348,1
1627515048666,Wed Jul 28 16:30:48 PDT 2021,246,349,1
1627515487007,Wed Jul 28 16:38:07 PDT 2021,246,350,1
1627522758180,Wed Jul 28 18:39:18 PDT 2021,246,353,1
1627521598103,Wed Jul 28 18:19:58 PDT 2021,246,356,1
1627529369623,Wed Jul 28 20:29:29 PDT 2021,246,357,-1
1627531665509,Wed Jul 28 21:07:45 PDT 2021,246,358,-1
1627532586793,Wed Jul 28 21:23:06 PDT 2021,246,359,1
1627544310986,Thu Jul 29 00:38:30 PDT 2021,246,364,1
1627573772483,Thu Jul 29 08:49:32 PDT 2021,246,366,-1
1627577191502,Thu Jul 29 09:46:31 PDT 2021,246,367,0
1627579176321,Thu Jul 29 10:19:36 PDT 2021,246,368,1
1627577988909,Thu Jul 29 09:59:48 PDT 2021,246,369,1
1627586516597,Thu Jul 29 12:21:56 PDT 2021,246,373,1
1627607262308,Thu Jul 29 18:07:42 PDT 2021,246,376,1
1627613620310,Thu Jul 29 19:53:40 PDT 2021,246,378,1
1627654954084,Fri Jul 30 07:22:34 PDT 2021,246,380,1
1627664306240,Fri Jul 30 09:58:26 PDT 2021,246,382,0
1627667161693,Fri Jul 30 10:46:01 PDT 2021,246,384,1
1627676735082,Fri Jul 30 13:25:35 PDT 2021,246,386,1
1627680518762,Fri Jul 30 14:28:38 PDT 2021,246,388,1
1627682713106,Fri Jul 30 15:05:13 PDT 2021,246,389,1
1627686025566,Fri Jul 30 16:00:25 PDT 2021,246,394,1
1627702679945,Fri Jul 30 20:37:59 PDT 2021,246,396,1
1627770105691,Sat Jul 31 15:21:45 PDT 2021,246,401,1
1627772293161,Sat Jul 31 15:58:13 PDT 2021,246,402,0
1627777110275,Sat Jul 31 17:18:30 PDT 2021,246,403,1
1627838099443,Sun Aug 01 10:14:59 PDT 2021,246,404,1
1626909750522,Wed Jul 21 16:22:30 PDT 2021,247,299,1
1627247602827,Sun Jul 25 14:13:22 PDT 2021,248,0,1
1627409329659,Tue Jul 27 11:08:49 PDT 2021,248,100,-1
1627485949630,Wed Jul 28 08:25:49 PDT 2021,248,152,1
1627051264375,Fri Jul 23 07:41:04 PDT 2021,248,224,-1
1627603922451,Thu Jul 29 17:12:02 PDT 2021,248,265,-1
1626909845928,Wed Jul 21 16:24:05 PDT 2021,248,299,1
1626965007394,Thu Jul 22 07:43:27 PDT 2021,248,300,1
1626919018365,Wed Jul 21 18:56:58 PDT 2021,248,301,-1
1627000788193,Thu Jul 22 17:39:48 PDT 2021,248,302,0
1627002360478,Thu Jul 22 18:06:00 PDT 2021,248,303,-1
1627008558929,Thu Jul 22 19:49:18 PDT 2021,248,305,-1
1627082384402,Fri Jul 23 16:19:44 PDT 2021,248,308,1
1627083600647,Fri Jul 23 16:40:00 PDT 2021,248,309,1
1627085273743,Fri Jul 23 17:07:53 PDT 2021,248,310,1
1627086542189,Fri Jul 23 17:29:02 PDT 2021,248,311,1
1627087947371,Fri Jul 23 17:52:27 PDT 2021,248,312,1
1627099515238,Fri Jul 23 21:05:15 PDT 2021,248,313,1
1627100769916,Fri Jul 23 21:26:09 PDT 2021,248,314,1
1627101560212,Fri Jul 23 21:39:20 PDT 2021,248,315,1
1627162558490,Sat Jul 24 14:35:58 PDT 2021,248,317,0
1627187130210,Sat Jul 24 21:25:30 PDT 2021,248,318,-1
1627191651685,Sat Jul 24 22:40:51 PDT 2021,248,319,-1
1627407895668,Tue Jul 27 10:44:55 PDT 2021,248,322,-1
1627414865948,Tue Jul 27 12:41:05 PDT 2021,248,325,1
1627425595713,Tue Jul 27 15:39:55 PDT 2021,248,326,0
1627451181958,Tue Jul 27 22:46:21 PDT 2021,248,328,1
1627451554099,Tue Jul 27 22:52:34 PDT 2021,248,329,1
1627502890026,Wed Jul 28 13:08:10 PDT 2021,248,332,1
1627505118985,Wed Jul 28 13:45:18 PDT 2021,248,337,1
1627505930116,Wed Jul 28 13:58:50 PDT 2021,248,339,1
1627508849985,Wed Jul 28 14:47:29 PDT 2021,248,343,1
1627509916118,Wed Jul 28 15:05:16 PDT 2021,248,346,1
1627515226157,Wed Jul 28 16:33:46 PDT 2021,248,348,1
1627522593318,Wed Jul 28 18:36:33 PDT 2021,248,353,1
1627520863269,Wed Jul 28 18:07:43 PDT 2021,248,355,1
1627522098044,Wed Jul 28 18:28:18 PDT 2021,248,356,1
1627529519760,Wed Jul 28 20:31:59 PDT 2021,248,357,1
1627531930037,Wed Jul 28 21:12:10 PDT 2021,248,358,1
1627536240371,Wed Jul 28 22:24:00 PDT 2021,248,361,0
1627544656378,Thu Jul 29 00:44:16 PDT 2021,248,364,-1
1627573424972,Thu Jul 29 08:43:44 PDT 2021,248,366,1
1627578752658,Thu Jul 29 10:12:32 PDT 2021,248,368,0
1627586860378,Thu Jul 29 12:27:40 PDT 2021,248,373,-1
1627608014909,Thu Jul 29 18:20:14 PDT 2021,248,376,0
1627614163328,Thu Jul 29 20:02:43 PDT 2021,248,378,0
1627656427292,Fri Jul 30 07:47:07 PDT 2021,248,380,0
1627663705853,Fri Jul 30 09:48:25 PDT 2021,248,382,-1
1627667735199,Fri Jul 30 10:55:35 PDT 2021,248,384,1
1627676313901,Fri Jul 30 13:18:33 PDT 2021,248,386,-1
1627681200729,Fri Jul 30 14:40:00 PDT 2021,248,388,0
1627682450874,Fri Jul 30 15:00:50 PDT 2021,248,389,-1
1627684004308,Fri Jul 30 15:26:44 PDT 2021,248,391,1
1627686334961,Fri Jul 30 16:05:34 PDT 2021,248,394,1
1627702132872,Fri Jul 30 20:28:52 PDT 2021,248,396,0
1627756888658,Sat Jul 31 11:41:28 PDT 2021,248,399,0
1627769798398,Sat Jul 31 15:16:38 PDT 2021,248,401,-1
1627772143134,Sat Jul 31 15:55:43 PDT 2021,248,402,-1
1627776422203,Sat Jul 31 17:07:02 PDT 2021,248,403,-1
1627837804173,Sun Aug 01 10:10:04 PDT 2021,248,404,-1
1627247631159,Sun Jul 25 14:13:51 PDT 2021,249,0,-1
1627409405443,Tue Jul 27 11:10:05 PDT 2021,249,100,1
1627486015516,Wed Jul 28 08:26:55 PDT 2021,249,152,-1
1627051201826,Fri Jul 23 07:40:01 PDT 2021,249,224,0
1627603996122,Thu Jul 29 17:13:16 PDT 2021,249,265,-1
1626909953267,Wed Jul 21 16:25:53 PDT 2021,249,299,1
1626965089826,Thu Jul 22 07:44:49 PDT 2021,249,300,1
1626919055661,Wed Jul 21 18:57:35 PDT 2021,249,301,1
1627000708591,Thu Jul 22 17:38:28 PDT 2021,249,302,-1
1627002315333,Thu Jul 22 18:05:15 PDT 2021,249,303,1
1627007837769,Thu Jul 22 19:37:17 PDT 2021,249,304,-1
1627008357989,Thu Jul 22 19:45:57 PDT 2021,249,305,1
1627082424220,Fri Jul 23 16:20:24 PDT 2021,249,308,-1
1627083746516,Fri Jul 23 16:42:26 PDT 2021,249,309,-1
1627085238418,Fri Jul 23 17:07:18 PDT 2021,249,310,-1
1627087027908,Fri Jul 23 17:37:07 PDT 2021,249,311,-1
1627088263805,Fri Jul 23 17:57:43 PDT 2021,249,312,-1
1627100311892,Fri Jul 23 21:18:31 PDT 2021,249,313,-1
1627100988331,Fri Jul 23 21:29:48 PDT 2021,249,314,-1
1627101939038,Fri Jul 23 21:45:39 PDT 2021,249,315,-1
1627163113004,Sat Jul 24 14:45:13 PDT 2021,249,317,1
1627187885576,Sat Jul 24 21:38:05 PDT 2021,249,318,-1
1627191453965,Sat Jul 24 22:37:33 PDT 2021,249,319,-1
1627404916770,Tue Jul 27 09:55:16 PDT 2021,249,321,-1
1627407198691,Tue Jul 27 10:33:18 PDT 2021,249,322,-1
1627425738747,Tue Jul 27 15:42:18 PDT 2021,249,326,0
1627451243232,Tue Jul 27 22:47:23 PDT 2021,249,328,-1
1627505302375,Wed Jul 28 13:48:22 PDT 2021,249,337,-1
1627506008768,Wed Jul 28 14:00:08 PDT 2021,249,339,-1
1627509186808,Wed Jul 28 14:53:06 PDT 2021,249,343,-1
1627515499103,Wed Jul 28 16:38:19 PDT 2021,249,348,-1
1627522607629,Wed Jul 28 18:36:47 PDT 2021,249,353,1
1627522409156,Wed Jul 28 18:33:29 PDT 2021,249,356,-1
1627530609385,Wed Jul 28 20:50:09 PDT 2021,249,357,1
1627531757807,Wed Jul 28 21:09:17 PDT 2021,249,358,-1
1627535556864,Wed Jul 28 22:12:36 PDT 2021,249,362,1
1627574050063,Thu Jul 29 08:54:10 PDT 2021,249,366,1
1627583235983,Thu Jul 29 11:27:15 PDT 2021,249,369,-1
1627587297051,Thu Jul 29 12:34:57 PDT 2021,249,373,0
1627608002200,Thu Jul 29 18:20:02 PDT 2021,249,376,-1
1627614037150,Thu Jul 29 20:00:37 PDT 2021,249,378,0
1627655474772,Fri Jul 30 07:31:14 PDT 2021,249,380,0
1627663832012,Fri Jul 30 09:50:32 PDT 2021,249,382,1
1627667914589,Fri Jul 30 10:58:34 PDT 2021,249,384,-1
1627673899301,Fri Jul 30 12:38:19 PDT 2021,249,385,1
1627676597159,Fri Jul 30 13:23:17 PDT 2021,249,386,1
1627680801949,Fri Jul 30 14:33:21 PDT 2021,249,388,-1
1627682620513,Fri Jul 30 15:03:40 PDT 2021,249,389,-1
1627686339935,Fri Jul 30 16:05:39 PDT 2021,249,394,-1
1627702892881,Fri Jul 30 20:41:32 PDT 2021,249,396,-1
1627770503453,Sat Jul 31 15:28:23 PDT 2021,249,401,-1
1627772191669,Sat Jul 31 15:56:31 PDT 2021,249,402,-1
1627777175969,Sat Jul 31 17:19:35 PDT 2021,249,403,1
1627838190680,Sun Aug 01 10:16:30 PDT 2021,249,404,1
1627149534901,Sat Jul 24 10:58:54 PDT 2021,250,0,0
1627409426494,Tue Jul 27 11:10:26 PDT 2021,250,100,1
1627486024280,Wed Jul 28 08:27:04 PDT 2021,250,152,1
1627604075888,Thu Jul 29 17:14:35 PDT 2021,250,265,1
1626910033824,Wed Jul 21 16:27:13 PDT 2021,250,299,1
1627099392320,Fri Jul 23 21:03:12 PDT 2021,250,312,0
1627099499451,Fri Jul 23 21:04:59 PDT 2021,250,313,-1
1627100779958,Fri Jul 23 21:26:19 PDT 2021,250,314,-1
1627101683579,Fri Jul 23 21:41:23 PDT 2021,250,315,0
1627163253205,Sat Jul 24 14:47:33 PDT 2021,250,317,1
1627188025627,Sat Jul 24 21:40:25 PDT 2021,250,318,-1
1627191803995,Sat Jul 24 22:43:23 PDT 2021,250,319,-1
1627407528234,Tue Jul 27 10:38:48 PDT 2021,250,322,-1
1627415007692,Tue Jul 27 12:43:27 PDT 2021,250,325,0
1627699669080,Fri Jul 30 19:47:49 PDT 2021,250,326,0
1627451534989,Tue Jul 27 22:52:14 PDT 2021,250,329,0
1627505329121,Wed Jul 28 13:48:49 PDT 2021,250,337,0
1627505991347,Wed Jul 28 13:59:51 PDT 2021,250,339,0
1627506596191,Wed Jul 28 14:09:56 PDT 2021,250,341,0
1627509202599,Wed Jul 28 14:53:22 PDT 2021,250,343,1
1627515596172,Wed Jul 28 16:39:56 PDT 2021,250,348,1
1627515097380,Wed Jul 28 16:31:37 PDT 2021,250,349,1
1627524298213,Wed Jul 28 19:04:58 PDT 2021,250,353,1
1627522232429,Wed Jul 28 18:30:32 PDT 2021,250,356,1
1627530688983,Wed Jul 28 20:51:28 PDT 2021,250,357,-1
1627574058983,Thu Jul 29 08:54:18 PDT 2021,250,366,-1
1627587217008,Thu Jul 29 12:33:37 PDT 2021,250,373,1
1627610029283,Thu Jul 29 18:53:49 PDT 2021,250,376,0
1627613975268,Thu Jul 29 19:59:35 PDT 2021,250,378,1
1627655099886,Fri Jul 30 07:24:59 PDT 2021,250,380,1
1627663994359,Fri Jul 30 09:53:14 PDT 2021,250,382,-1
1627667048930,Fri Jul 30 10:44:08 PDT 2021,250,384,0
1627676621810,Fri Jul 30 13:23:41 PDT 2021,250,386,1
1627681759503,Fri Jul 30 14:49:19 PDT 2021,250,388,0
1627682973678,Fri Jul 30 15:09:33 PDT 2021,250,389,1
1627703579214,Fri Jul 30 20:52:59 PDT 2021,250,396,0
1627752588356,Sat Jul 31 10:29:48 PDT 2021,250,398,1
1627770845234,Sat Jul 31 15:34:05 PDT 2021,250,401,1
1627772166014,Sat Jul 31 15:56:06 PDT 2021,250,402,-1
1627776699648,Sat Jul 31 17:11:39 PDT 2021,250,403,1
1627837594079,Sun Aug 01 10:06:34 PDT 2021,250,404,-1
1626910110818,Wed Jul 21 16:28:30 PDT 2021,251,299,1
1627247625058,Sun Jul 25 14:13:45 PDT 2021,252,0,1
1627409438476,Tue Jul 27 11:10:38 PDT 2021,252,100,-1
1627486043436,Wed Jul 28 08:27:23 PDT 2021,252,152,-1
1627051162269,Fri Jul 23 07:39:22 PDT 2021,252,224,-1
1627604124734,Thu Jul 29 17:15:24 PDT 2021,252,265,-1
1626910234035,Wed Jul 21 16:30:34 PDT 2021,252,299,1
1626964986624,Thu Jul 22 07:43:06 PDT 2021,252,300,0
1626919137399,Wed Jul 21 18:58:57 PDT 2021,252,301,-1
1627000796335,Thu Jul 22 17:39:56 PDT 2021,252,302,-1
1627002654380,Thu Jul 22 18:10:54 PDT 2021,252,303,-1
1627008331920,Thu Jul 22 19:45:31 PDT 2021,252,305,-1
1627082358642,Fri Jul 23 16:19:18 PDT 2021,252,308,1
1627083641152,Fri Jul 23 16:40:41 PDT 2021,252,309,-1
1627085659721,Fri Jul 23 17:14:19 PDT 2021,252,310,-1
1627086894348,Fri Jul 23 17:34:54 PDT 2021,252,311,-1
1627087851005,Fri Jul 23 17:50:51 PDT 2021,252,312,-1
1627100010299,Fri Jul 23 21:13:30 PDT 2021,252,313,-1
1627100926445,Fri Jul 23 21:28:46 PDT 2021,252,314,-1
1627101985455,Fri Jul 23 21:46:25 PDT 2021,252,315,-1
1627163216463,Sat Jul 24 14:46:56 PDT 2021,252,317,-1
1627187757388,Sat Jul 24 21:35:57 PDT 2021,252,318,0
1627192041077,Sat Jul 24 22:47:21 PDT 2021,252,319,0
1627408011008,Tue Jul 27 10:46:51 PDT 2021,252,322,0
1627414944201,Tue Jul 27 12:42:24 PDT 2021,252,325,1
1627699854355,Fri Jul 30 19:50:54 PDT 2021,252,326,0
1627505072298,Wed Jul 28 13:44:32 PDT 2021,252,337,1
1627506083440,Wed Jul 28 14:01:23 PDT 2021,252,340,-1
1627509261988,Wed Jul 28 14:54:21 PDT 2021,252,343,-1
1627515629647,Wed Jul 28 16:40:29 PDT 2021,252,348,-1
1627524374275,Wed Jul 28 19:06:14 PDT 2021,252,353,-1
1627522277013,Wed Jul 28 18:31:17 PDT 2021,252,356,-1
1627530132569,Wed Jul 28 20:42:12 PDT 2021,252,357,1
1627574066373,Thu Jul 29 08:54:26 PDT 2021,252,366,-1
1627579258750,Thu Jul 29 10:20:58 PDT 2021,252,368,-1
1627587487932,Thu Jul 29 12:38:07 PDT 2021,252,373,0
1627609571291,Thu Jul 29 18:46:11 PDT 2021,252,376,0
1627656543089,Fri Jul 30 07:49:03 PDT 2021,252,380,-1
1627664377587,Fri Jul 30 09:59:37 PDT 2021,252,382,0
1627668111017,Fri Jul 30 11:01:51 PDT 2021,252,384,0
1627676741640,Fri Jul 30 13:25:41 PDT 2021,252,386,-1
1627681666050,Fri Jul 30 14:47:46 PDT 2021,252,388,0
1627683055872,Fri Jul 30 15:10:55 PDT 2021,252,389,0
1627703903641,Fri Jul 30 20:58:23 PDT 2021,252,396,0
1627770874394,Sat Jul 31 15:34:34 PDT 2021,252,401,0
1627772427064,Sat Jul 31 16:00:27 PDT 2021,252,402,0
1627777428379,Sat Jul 31 17:23:48 PDT 2021,252,403,-1
1627838301470,Sun Aug 01 10:18:21 PDT 2021,252,404,0
1626910453555,Wed Jul 21 16:34:13 PDT 2021,253,299,1
1627247595274,Sun Jul 25 14:13:15 PDT 2021,254,0,1
1627409384602,Tue Jul 27 11:09:44 PDT 2021,254,100,0
1627485945442,Wed Jul 28 08:25:45 PDT 2021,254,152,1
1627140906018,Sat Jul 24 08:35:06 PDT 2021,254,258,1
1627603898876,Thu Jul 29 17:11:38 PDT 2021,254,265,1
1627084796875,Fri Jul 23 16:59:56 PDT 2021,254,309,1
1627085325586,Fri Jul 23 17:08:45 PDT 2021,254,310,1
1627086455856,Fri Jul 23 17:27:35 PDT 2021,254,311,1
1627087702865,Fri Jul 23 17:48:22 PDT 2021,254,312,1
1627099534734,Fri Jul 23 21:05:34 PDT 2021,254,313,1
1627100443977,Fri Jul 23 21:20:43 PDT 2021,254,314,1
1627101377751,Fri Jul 23 21:36:17 PDT 2021,254,315,1
1627131480085,Sat Jul 24 05:58:00 PDT 2021,254,316,-1
1627162571558,Sat Jul 24 14:36:11 PDT 2021,254,317,0
1627186994872,Sat Jul 24 21:23:14 PDT 2021,254,318,-1
1627191434965,Sat Jul 24 22:37:14 PDT 2021,254,319,1
1627404841950,Tue Jul 27 09:54:01 PDT 2021,254,321,1
1627407610774,Tue Jul 27 10:40:10 PDT 2021,254,322,0
1627414681008,Tue Jul 27 12:38:01 PDT 2021,254,325,1
1627424647696,Tue Jul 27 15:24:07 PDT 2021,254,326,0
1627439303451,Tue Jul 27 19:28:23 PDT 2021,254,327,-1
1627502819056,Wed Jul 28 13:06:59 PDT 2021,254,332,1
1627504252410,Wed Jul 28 13:30:52 PDT 2021,254,334,1
1627504844001,Wed Jul 28 13:40:44 PDT 2021,254,337,1
1627505913892,Wed Jul 28 13:58:33 PDT 2021,254,339,1
1627506741667,Wed Jul 28 14:12:21 PDT 2021,254,341,1
1627506940533,Wed Jul 28 14:15:40 PDT 2021,254,342,1
1627508879821,Wed Jul 28 14:47:59 PDT 2021,254,343,1
1627515052546,Wed Jul 28 16:30:52 PDT 2021,254,348,1
1627523104618,Wed Jul 28 18:45:04 PDT 2021,254,353,-1
1627521725511,Wed Jul 28 18:22:05 PDT 2021,254,356,1
1627529661661,Wed Jul 28 20:34:21 PDT 2021,254,357,-1
1627531720727,Wed Jul 28 21:08:40 PDT 2021,254,358,1
1627536156526,Wed Jul 28 22:22:36 PDT 2021,254,361,0
1627573820586,Thu Jul 29 08:50:20 PDT 2021,254,366,-1
1627578580353,Thu Jul 29 10:09:40 PDT 2021,254,368,1
1627587362053,Thu Jul 29 12:36:02 PDT 2021,254,373,1
1627607755707,Thu Jul 29 18:15:55 PDT 2021,254,376,1
1627655481551,Fri Jul 30 07:31:21 PDT 2021,254,380,0
1627664119007,Fri Jul 30 09:55:19 PDT 2021,254,382,-1
1627667391830,Fri Jul 30 10:49:51 PDT 2021,254,384,0
1627676237404,Fri Jul 30 13:17:17 PDT 2021,254,386,1
1627681830411,Fri Jul 30 14:50:30 PDT 2021,254,388,0
1627681488692,Fri Jul 30 14:44:48 PDT 2021,254,389,1
1627684326144,Fri Jul 30 15:32:06 PDT 2021,254,391,1
1627686063203,Fri Jul 30 16:01:03 PDT 2021,254,394,1
1627703433115,Fri Jul 30 20:50:33 PDT 2021,254,396,1
1627770402430,Sat Jul 31 15:26:42 PDT 2021,254,401,1
1627771996638,Sat Jul 31 15:53:16 PDT 2021,254,402,-1
1627776437171,Sat Jul 31 17:07:17 PDT 2021,254,403,1
1627838061933,Sun Aug 01 10:14:21 PDT 2021,254,404,-1
1627149540366,Sat Jul 24 10:59:00 PDT 2021,255,0,1
1627409393709,Tue Jul 27 11:09:53 PDT 2021,255,100,-1
1627486018614,Wed Jul 28 08:26:58 PDT 2021,255,152,-1
1627140866313,Sat Jul 24 08:34:26 PDT 2021,255,258,-1
1627140866332,Sat Jul 24 08:34:26 PDT 2021,255,258,-1
1627140866654,Sat Jul 24 08:34:26 PDT 2021,255,258,-1
1627140866966,Sat Jul 24 08:34:26 PDT 2021,255,258,-1
1627603890631,Thu Jul 29 17:11:30 PDT 2021,255,265,-1
1627084908711,Fri Jul 23 17:01:48 PDT 2021,255,309,1
1627085287707,Fri Jul 23 17:08:07 PDT 2021,255,310,1
1627086448249,Fri Jul 23 17:27:28 PDT 2021,255,311,1
1627087769230,Fri Jul 23 17:49:29 PDT 2021,255,312,1
1627099520424,Fri Jul 23 21:05:20 PDT 2021,255,313,1
1627100547711,Fri Jul 23 21:22:27 PDT 2021,255,314,1
1627101467260,Fri Jul 23 21:37:47 PDT 2021,255,315,1
1627131509116,Sat Jul 24 05:58:29 PDT 2021,255,316,-1
1627162398744,Sat Jul 24 14:33:18 PDT 2021,255,317,-1
1627187096061,Sat Jul 24 21:24:56 PDT 2021,255,318,-1
1627191702500,Sat Jul 24 22:41:42 PDT 2021,255,319,-1
1627407254609,Tue Jul 27 10:34:14 PDT 2021,255,322,-1
1627414715323,Tue Jul 27 12:38:35 PDT 2021,255,325,1
1627424559222,Tue Jul 27 15:22:39 PDT 2021,255,326,0
1627439486782,Tue Jul 27 19:31:26 PDT 2021,255,327,0
1627451080395,Tue Jul 27 22:44:40 PDT 2021,255,328,1
1627502914890,Wed Jul 28 13:08:34 PDT 2021,255,332,1
1627503223926,Wed Jul 28 13:13:43 PDT 2021,255,334,1
1627504091133,Wed Jul 28 13:28:11 PDT 2021,255,335,0
1627504835090,Wed Jul 28 13:40:35 PDT 2021,255,337,1
1627505729902,Wed Jul 28 13:55:29 PDT 2021,255,339,1
1627508933215,Wed Jul 28 14:48:53 PDT 2021,255,343,1
1627515397551,Wed Jul 28 16:36:37 PDT 2021,255,348,-1
1627524023972,Wed Jul 28 19:00:23 PDT 2021,255,353,-1
1627521699880,Wed Jul 28 18:21:39 PDT 2021,255,356,0
1627529469811,Wed Jul 28 20:31:09 PDT 2021,255,357,-1
1627531542682,Wed Jul 28 21:05:42 PDT 2021,255,358,1
1627532724158,Wed Jul 28 21:25:24 PDT 2021,255,359,0
1627544668488,Thu Jul 29 00:44:28 PDT 2021,255,364,-1
1627573584616,Thu Jul 29 08:46:24 PDT 2021,255,366,-1
1627587204085,Thu Jul 29 12:33:24 PDT 2021,255,373,-1
1627608573929,Thu Jul 29 18:29:33 PDT 2021,255,376,1
1627613835565,Thu Jul 29 19:57:15 PDT 2021,255,378,1
1627655926656,Fri Jul 30 07:38:46 PDT 2021,255,380,0
1627656235214,Fri Jul 30 07:43:55 PDT 2021,255,381,0
1627664022986,Fri Jul 30 09:53:42 PDT 2021,255,382,1
1627666508206,Fri Jul 30 10:35:08 PDT 2021,255,384,1
1627676667291,Fri Jul 30 13:24:27 PDT 2021,255,386,-1
1627675841127,Fri Jul 30 13:10:41 PDT 2021,255,387,0
1627681615807,Fri Jul 30 14:46:55 PDT 2021,255,388,-1
1627681559370,Fri Jul 30 14:45:59 PDT 2021,255,389,1
1627686222191,Fri Jul 30 16:03:42 PDT 2021,255,394,1
1627703660026,Fri Jul 30 20:54:20 PDT 2021,255,396,0
1627769681944,Sat Jul 31 15:14:41 PDT 2021,255,401,1
1627772002598,Sat Jul 31 15:53:22 PDT 2021,255,402,0
1627776939811,Sat Jul 31 17:15:39 PDT 2021,255,403,-1
1627837975604,Sun Aug 01 10:12:55 PDT 2021,255,404,-1
1627086079956,Fri Jul 23 17:21:19 PDT 2021,256,310,1
1627087557817,Fri Jul 23 17:45:57 PDT 2021,257,311,1
1627088880459,Fri Jul 23 18:08:00 PDT 2021,258,312,1
1627089047303,Fri Jul 23 18:10:47 PDT 2021,259,312,1
1627247591912,Sun Jul 25 14:13:11 PDT 2021,260,0,1
1627409315518,Tue Jul 27 11:08:35 PDT 2021,260,100,0
1627485953057,Wed Jul 28 08:25:53 PDT 2021,260,152,-1
1627140911268,Sat Jul 24 08:35:11 PDT 2021,260,258,1
1627603872066,Thu Jul 29 17:11:12 PDT 2021,260,265,-1
1627089332619,Fri Jul 23 18:15:32 PDT 2021,260,312,1
1627099543218,Fri Jul 23 21:05:43 PDT 2021,260,313,1
1627100490603,Fri Jul 23 21:21:30 PDT 2021,260,314,1
1627101389675,Fri Jul 23 21:36:29 PDT 2021,260,315,1
1627131489218,Sat Jul 24 05:58:09 PDT 2021,260,316,0
1627162429762,Sat Jul 24 14:33:49 PDT 2021,260,317,-1
1627186968965,Sat Jul 24 21:22:48 PDT 2021,260,318,1
1627191628262,Sat Jul 24 22:40:28 PDT 2021,260,319,1
1627407715214,Tue Jul 27 10:41:55 PDT 2021,260,322,1
1627414927960,Tue Jul 27 12:42:07 PDT 2021,260,325,1
1627424696691,Tue Jul 27 15:24:56 PDT 2021,260,326,0
1627439579853,Tue Jul 27 19:32:59 PDT 2021,260,327,0
1627451229416,Tue Jul 27 22:47:09 PDT 2021,260,328,1
1627502790772,Wed Jul 28 13:06:30 PDT 2021,260,332,1
1627503174392,Wed Jul 28 13:12:54 PDT 2021,260,334,1
1627504848701,Wed Jul 28 13:40:48 PDT 2021,260,337,1
1627505681988,Wed Jul 28 13:54:41 PDT 2021,260,339,1
1627506718131,Wed Jul 28 14:11:58 PDT 2021,260,341,1
1627509148931,Wed Jul 28 14:52:28 PDT 2021,260,343,1
1627515423519,Wed Jul 28 16:37:03 PDT 2021,260,348,-1
1627523627748,Wed Jul 28 18:53:47 PDT 2021,260,353,-1
1627522012829,Wed Jul 28 18:26:52 PDT 2021,260,356,-1
1627530084388,Wed Jul 28 20:41:24 PDT 2021,260,357,1
1627532145106,Wed Jul 28 21:15:45 PDT 2021,260,358,1
1627544410749,Thu Jul 29 00:40:10 PDT 2021,260,364,-1
1627573927272,Thu Jul 29 08:52:07 PDT 2021,260,366,1
1627579327015,Thu Jul 29 10:22:07 PDT 2021,260,368,-1
1627579578631,Thu Jul 29 10:26:18 PDT 2021,260,370,-1
1627586558168,Thu Jul 29 12:22:38 PDT 2021,260,373,0
1627608645593,Thu Jul 29 18:30:45 PDT 2021,260,376,0
1627654982845,Fri Jul 30 07:23:02 PDT 2021,260,380,-1
1627664040889,Fri Jul 30 09:54:00 PDT 2021,260,382,1
1627667521848,Fri Jul 30 10:52:01 PDT 2021,260,384,0
1627673891826,Fri Jul 30 12:38:11 PDT 2021,260,385,1
1627676001909,Fri Jul 30 13:13:21 PDT 2021,260,386,-1
1627680034895,Fri Jul 30 14:20:34 PDT 2021,260,388,0
1627682959150,Fri Jul 30 15:09:19 PDT 2021,260,389,-1
1627685265697,Fri Jul 30 15:47:45 PDT 2021,260,393,1
1627690239330,Fri Jul 30 17:10:39 PDT 2021,260,395,1
1627702798047,Fri Jul 30 20:39:58 PDT 2021,260,396,0
1627769637810,Sat Jul 31 15:13:57 PDT 2021,260,401,0
1627772052598,Sat Jul 31 15:54:12 PDT 2021,260,402,1
1627776512187,Sat Jul 31 17:08:32 PDT 2021,260,403,-1
1627837797760,Sun Aug 01 10:09:57 PDT 2021,260,404,1
1627089473847,Fri Jul 23 18:17:53 PDT 2021,261,312,1
1627149518905,Sat Jul 24 10:58:38 PDT 2021,262,0,1
1627409300054,Tue Jul 27 11:08:20 PDT 2021,262,100,-1
1627485967669,Wed Jul 28 08:26:07 PDT 2021,262,152,-1
1627140889806,Sat Jul 24 08:34:49 PDT 2021,262,258,1
1627140890075,Sat Jul 24 08:34:50 PDT 2021,262,258,1
1627604096220,Thu Jul 29 17:14:56 PDT 2021,262,265,-1
1627099369613,Fri Jul 23 21:02:49 PDT 2021,262,312,1
1627099567000,Fri Jul 23 21:06:07 PDT 2021,262,313,1
1627100633939,Fri Jul 23 21:23:53 PDT 2021,262,314,1
1627101386155,Fri Jul 23 21:36:26 PDT 2021,262,315,1
1627131563293,Sat Jul 24 05:59:23 PDT 2021,262,316,0
1627162497724,Sat Jul 24 14:34:57 PDT 2021,262,317,0
1627187102083,Sat Jul 24 21:25:02 PDT 2021,262,318,1
1627191675386,Sat Jul 24 22:41:15 PDT 2021,262,319,1
1627404928613,Tue Jul 27 09:55:28 PDT 2021,262,321,-1
1627407842932,Tue Jul 27 10:44:02 PDT 2021,262,322,1
1627414683406,Tue Jul 27 12:38:03 PDT 2021,262,325,1
1627699317352,Fri Jul 30 19:41:57 PDT 2021,262,326,0
1627439462139,Tue Jul 27 19:31:02 PDT 2021,262,327,0
1627502658904,Wed Jul 28 13:04:18 PDT 2021,262,332,1
1627505151446,Wed Jul 28 13:45:51 PDT 2021,262,337,1
1627505080065,Wed Jul 28 13:44:40 PDT 2021,262,338,0
1627505495273,Wed Jul 28 13:51:35 PDT 2021,262,339,1
1627506099903,Wed Jul 28 14:01:39 PDT 2021,262,340,1
1627508883135,Wed Jul 28 14:48:03 PDT 2021,262,343,1
1627515229532,Wed Jul 28 16:33:49 PDT 2021,262,348,-1
1627515043848,Wed Jul 28 16:30:43 PDT 2021,262,349,0
1627518205545,Wed Jul 28 17:23:25 PDT 2021,262,352,-1
1627522397375,Wed Jul 28 18:33:17 PDT 2021,262,353,-1
1627522205488,Wed Jul 28 18:30:05 PDT 2021,262,356,-1
1627529500679,Wed Jul 28 20:31:40 PDT 2021,262,357,1
1627531790907,Wed Jul 28 21:09:50 PDT 2021,262,358,0
1627543740494,Thu Jul 29 00:29:00 PDT 2021,262,364,-1
1627573404701,Thu Jul 29 08:43:24 PDT 2021,262,366,1
1627579287232,Thu Jul 29 10:21:27 PDT 2021,262,368,0
1627583063666,Thu Jul 29 11:24:23 PDT 2021,262,369,1
1627583760812,Thu Jul 29 11:36:00 PDT 2021,262,371,1
1627586774812,Thu Jul 29 12:26:14 PDT 2021,262,373,0
1627609140912,Thu Jul 29 18:39:00 PDT 2021,262,376,-1
1627656463693,Fri Jul 30 07:47:43 PDT 2021,262,380,-1
1627664211959,Fri Jul 30 09:56:51 PDT 2021,262,382,1
1627666613736,Fri Jul 30 10:36:53 PDT 2021,262,384,0
1627676466943,Fri Jul 30 13:21:06 PDT 2021,262,386,-1
1627680602069,Fri Jul 30 14:30:02 PDT 2021,262,388,0
1627681799412,Fri Jul 30 14:49:59 PDT 2021,262,389,1
1627686354713,Fri Jul 30 16:05:54 PDT 2021,262,394,1
1627702663897,Fri Jul 30 20:37:43 PDT 2021,262,396,0
1627759992126,Sat Jul 31 12:33:12 PDT 2021,262,400,-1
1627770048983,Sat Jul 31 15:20:48 PDT 2021,262,401,0
1627772230076,Sat Jul 31 15:57:10 PDT 2021,262,402,1
1627775740051,Sat Jul 31 16:55:40 PDT 2021,262,403,-1
1627837978576,Sun Aug 01 10:12:58 PDT 2021,262,404,1
1627583364422,Thu Jul 29 11:29:24 PDT 2021,263,0,1
1627602105990,Thu Jul 29 16:41:45 PDT 2021,263,100,-1
1627569455205,Thu Jul 29 07:37:35 PDT 2021,263,152,0
1627604139268,Thu Jul 29 17:15:39 PDT 2021,263,265,-1
1627188565712,Sat Jul 24 21:49:25 PDT 2021,263,318,1
1627608208489,Thu Jul 29 18:23:28 PDT 2021,263,322,1
1627699747690,Fri Jul 30 19:49:07 PDT 2021,263,326,0
1627685548630,Fri Jul 30 15:52:28 PDT 2021,263,343,1
1627518103095,Wed Jul 28 17:21:43 PDT 2021,263,352,0
1627522446012,Wed Jul 28 18:34:06 PDT 2021,263,353,-1
1627521585675,Wed Jul 28 18:19:45 PDT 2021,263,356,1
1627529314196,Wed Jul 28 20:28:34 PDT 2021,263,357,1
1627531830499,Wed Jul 28 21:10:30 PDT 2021,263,358,1
1627532689004,Wed Jul 28 21:24:49 PDT 2021,263,359,0
1627536129214,Wed Jul 28 22:22:09 PDT 2021,263,361,0
1627535434514,Wed Jul 28 22:10:34 PDT 2021,263,362,0
1627544083942,Thu Jul 29 00:34:43 PDT 2021,263,364,0
1627573362115,Thu Jul 29 08:42:42 PDT 2021,263,366,1
1627579014184,Thu Jul 29 10:16:54 PDT 2021,263,368,0
1627582674004,Thu Jul 29 11:17:54 PDT 2021,263,369,1
1627587088682,Thu Jul 29 12:31:28 PDT 2021,263,373,0
1627609854771,Thu Jul 29 18:50:54 PDT 2021,263,376,0
1627614202758,Thu Jul 29 20:03:22 PDT 2021,263,378,0
1627656594366,Fri Jul 30 07:49:54 PDT 2021,263,380,-1
1627664289198,Fri Jul 30 09:58:09 PDT 2021,263,382,1
1627668043186,Fri Jul 30 11:00:43 PDT 2021,263,384,1
1627676691302,Fri Jul 30 13:24:51 PDT 2021,263,386,0
1627681799084,Fri Jul 30 14:49:59 PDT 2021,263,388,0
1627681781036,Fri Jul 30 14:49:41 PDT 2021,263,389,-1
1627686352965,Fri Jul 30 16:05:52 PDT 2021,263,394,1
1627702015072,Fri Jul 30 20:26:55 PDT 2021,263,396,0
1627757072246,Sat Jul 31 11:44:32 PDT 2021,263,399,0
1627769705058,Sat Jul 31 15:15:05 PDT 2021,263,401,0
1627772340812,Sat Jul 31 15:59:00 PDT 2021,263,402,1
1627777025366,Sat Jul 31 17:17:05 PDT 2021,263,403,-1
1627838153007,Sun Aug 01 10:15:53 PDT 2021,263,404,1
1627189161641,Sat Jul 24 21:59:21 PDT 2021,264,318,1
1627698412383,Fri Jul 30 19:26:52 PDT 2021,265,0,1
1627751125914,Sat Jul 31 10:05:25 PDT 2021,265,265,1
1627242377849,Sun Jul 25 12:46:17 PDT 2021,265,317,1
1627671034448,Fri Jul 30 11:50:34 PDT 2021,265,322,-1
1627698484810,Fri Jul 30 19:28:04 PDT 2021,265,326,0
1627685432121,Fri Jul 30 15:50:32 PDT 2021,265,343,-1
1627691845361,Fri Jul 30 17:37:25 PDT 2021,265,357,1
1627671087544,Fri Jul 30 11:51:27 PDT 2021,265,382,-1
1627664869029,Fri Jul 30 10:07:49 PDT 2021,265,383,1
1627666572408,Fri Jul 30 10:36:12 PDT 2021,265,384,-1
1627673886522,Fri Jul 30 12:38:06 PDT 2021,265,385,1
1627675518279,Fri Jul 30 13:05:18 PDT 2021,265,386,-1
1627675938449,Fri Jul 30 13:12:18 PDT 2021,265,387,-1
1627680362584,Fri Jul 30 14:26:02 PDT 2021,265,388,1
1627681475490,Fri Jul 30 14:44:35 PDT 2021,265,389,-1
1627686014638,Fri Jul 30 16:00:14 PDT 2021,265,394,1
1627689991909,Fri Jul 30 17:06:31 PDT 2021,265,395,0
1627702654338,Fri Jul 30 20:37:34 PDT 2021,265,396,-1
1627752390875,Sat Jul 31 10:26:30 PDT 2021,265,397,1
1627752662979,Sat Jul 31 10:31:02 PDT 2021,265,398,1
1627769861509,Sat Jul 31 15:17:41 PDT 2021,265,401,-1
1627772369129,Sat Jul 31 15:59:29 PDT 2021,265,402,-1
1627777145973,Sat Jul 31 17:19:05 PDT 2021,265,403,-1
1627838121360,Sun Aug 01 10:15:21 PDT 2021,265,404,-1
1627698406272,Fri Jul 30 19:26:46 PDT 2021,266,0,1
1627751131378,Sat Jul 31 10:05:31 PDT 2021,266,265,0
1627242471615,Sun Jul 25 12:47:51 PDT 2021,266,317,1
1627670999778,Fri Jul 30 11:49:59 PDT 2021,266,322,0
1627699607196,Fri Jul 30 19:46:47 PDT 2021,266,326,0
1627685479406,Fri Jul 30 15:51:19 PDT 2021,266,343,0
1627679696635,Fri Jul 30 14:14:56 PDT 2021,266,347,1
1627691915474,Fri Jul 30 17:38:35 PDT 2021,266,357,-1
1627671058906,Fri Jul 30 11:50:58 PDT 2021,266,382,0
1627664890951,Fri Jul 30 10:08:10 PDT 2021,266,383,1
1627666546679,Fri Jul 30 10:35:46 PDT 2021,266,384,1
1627675442518,Fri Jul 30 13:04:02 PDT 2021,266,386,1
1627680347565,Fri Jul 30 14:25:47 PDT 2021,266,388,1
1627681467058,Fri Jul 30 14:44:27 PDT 2021,266,389,1
1627684331716,Fri Jul 30 15:32:11 PDT 2021,266,391,1
1627684430720,Fri Jul 30 15:33:50 PDT 2021,266,392,1
1627685192650,Fri Jul 30 15:46:32 PDT 2021,266,393,0
1627686351077,Fri Jul 30 16:05:51 PDT 2021,266,394,1
1627690345130,Fri Jul 30 17:12:25 PDT 2021,266,395,0
1627702489517,Fri Jul 30 20:34:49 PDT 2021,266,396,0
1627770792725,Sat Jul 31 15:33:12 PDT 2021,266,401,1
1627771954305,Sat Jul 31 15:52:34 PDT 2021,266,402,1
1627776286597,Sat Jul 31 17:04:46 PDT 2021,266,403,1
1627837985771,Sun Aug 01 10:13:05 PDT 2021,266,404,1
1627698397684,Fri Jul 30 19:26:37 PDT 2021,267,0,-1
1627751099068,Sat Jul 31 10:04:59 PDT 2021,267,265,1
1627242633087,Sun Jul 25 12:50:33 PDT 2021,267,317,1
1627670989607,Fri Jul 30 11:49:49 PDT 2021,267,322,1
1627697933108,Fri Jul 30 19:18:53 PDT 2021,267,326,0
1627685501551,Fri Jul 30 15:51:41 PDT 2021,267,343,-1
1627691825028,Fri Jul 30 17:37:05 PDT 2021,267,357,1
1627671074074,Fri Jul 30 11:51:14 PDT 2021,267,382,0
1627664884831,Fri Jul 30 10:08:04 PDT 2021,267,383,-1
1627666419195,Fri Jul 30 10:33:39 PDT 2021,267,384,1
1627675822574,Fri Jul 30 13:10:22 PDT 2021,267,386,1
1627680516816,Fri Jul 30 14:28:36 PDT 2021,267,388,1
1627681627589,Fri Jul 30 14:47:07 PDT 2021,267,389,0
1627684617613,Fri Jul 30 15:36:57 PDT 2021,267,392,-1
1627686203573,Fri Jul 30 16:03:23 PDT 2021,267,394,-1
1627703371104,Fri Jul 30 20:49:31 PDT 2021,267,396,0
1627752385450,Sat Jul 31 10:26:25 PDT 2021,267,397,1
1627770718234,Sat Jul 31 15:31:58 PDT 2021,267,401,1
1627770718314,Sat Jul 31 15:31:58 PDT 2021,267,401,1
1627771867009,Sat Jul 31 15:51:07 PDT 2021,267,402,1
1627776910811,Sat Jul 31 17:15:10 PDT 2021,267,403,1
1627838054558,Sun Aug 01 10:14:14 PDT 2021,267,404,1
1627355866363,Mon Jul 26 20:17:46 PDT 2021,268,320,1
1627515953339,Wed Jul 28 16:45:53 PDT 2021,269,348,1
1627698414831,Fri Jul 30 19:26:54 PDT 2021,270,0,1
1627697022481,Fri Jul 30 19:03:42 PDT 2021,270,261,1
1627751065584,Sat Jul 31 10:04:25 PDT 2021,270,265,1
1627671015529,Fri Jul 30 11:50:15 PDT 2021,270,322,0
1627698679603,Fri Jul 30 19:31:19 PDT 2021,270,326,1
1627685456507,Fri Jul 30 15:50:56 PDT 2021,270,343,-1
1627679675435,Fri Jul 30 14:14:35 PDT 2021,270,347,0
1627516999451,Wed Jul 28 17:03:19 PDT 2021,270,351,1
1627691890437,Fri Jul 30 17:38:10 PDT 2021,270,357,1
1627671081633,Fri Jul 30 11:51:21 PDT 2021,270,382,0
1627666520184,Fri Jul 30 10:35:20 PDT 2021,270,384,1
1627673656655,Fri Jul 30 12:34:16 PDT 2021,270,385,1
1627675828990,Fri Jul 30 13:10:28 PDT 2021,270,386,1
1627680687237,Fri Jul 30 14:31:27 PDT 2021,270,388,1
1627681874615,Fri Jul 30 14:51:14 PDT 2021,270,389,1
1627682272714,Fri Jul 30 14:57:52 PDT 2021,270,390,0
1627684000716,Fri Jul 30 15:26:40 PDT 2021,270,391,1
1627686017513,Fri Jul 30 16:00:17 PDT 2021,270,394,1
1627689926354,Fri Jul 30 17:05:26 PDT 2021,270,395,1
1627703460264,Fri Jul 30 20:51:00 PDT 2021,270,396,1
1627757009731,Sat Jul 31 11:43:29 PDT 2021,270,399,0
1627760038621,Sat Jul 31 12:33:58 PDT 2021,270,400,1
1627770424581,Sat Jul 31 15:27:04 PDT 2021,270,401,1
1627772280215,Sat Jul 31 15:58:00 PDT 2021,270,402,0
1627777094830,Sat Jul 31 17:18:14 PDT 2021,270,403,0
1627837528274,Sun Aug 01 10:05:28 PDT 2021,270,404,1
1627583370088,Thu Jul 29 11:29:30 PDT 2021,271,0,1
1627602141682,Thu Jul 29 16:42:21 PDT 2021,271,100,0
1627569450756,Thu Jul 29 07:37:30 PDT 2021,271,152,0
1627603931094,Thu Jul 29 17:12:11 PDT 2021,271,265,1
1627608187396,Thu Jul 29 18:23:07 PDT 2021,271,322,1
1627698687147,Fri Jul 30 19:31:27 PDT 2021,271,326,0
1627685484663,Fri Jul 30 15:51:24 PDT 2021,271,343,1
1627517082578,Wed Jul 28 17:04:42 PDT 2021,271,351,1
1627522386712,Wed Jul 28 18:33:06 PDT 2021,271,353,1
1627521647044,Wed Jul 28 18:20:47 PDT 2021,271,356,1
1627529037052,Wed Jul 28 20:23:57 PDT 2021,271,357,1
1627531485660,Wed Jul 28 21:04:45 PDT 2021,271,358,1
1627532084436,Wed Jul 28 21:14:44 PDT 2021,271,359,1
1627535125904,Wed Jul 28 22:05:25 PDT 2021,271,361,1
1627535409267,Wed Jul 28 22:10:09 PDT 2021,271,362,1
1627536502950,Wed Jul 28 22:28:22 PDT 2021,271,363,0
1627543722885,Thu Jul 29 00:28:42 PDT 2021,271,364,1
1627568036151,Thu Jul 29 07:13:56 PDT 2021,271,365,0
1627573593692,Thu Jul 29 08:46:33 PDT 2021,271,366,1
1627578324913,Thu Jul 29 10:05:24 PDT 2021,271,368,1
1627586743169,Thu Jul 29 12:25:43 PDT 2021,271,373,1
1627609175414,Thu Jul 29 18:39:35 PDT 2021,271,376,1
1627656104347,Fri Jul 30 07:41:44 PDT 2021,271,380,-1
1627656114143,Fri Jul 30 07:41:54 PDT 2021,271,381,1
1627663701866,Fri Jul 30 09:48:21 PDT 2021,271,382,1
1627667011474,Fri Jul 30 10:43:31 PDT 2021,271,384,1
1627675407492,Fri Jul 30 13:03:27 PDT 2021,271,386,0
1627680840436,Fri Jul 30 14:34:00 PDT 2021,271,388,0
1627681581801,Fri Jul 30 14:46:21 PDT 2021,271,389,1
1627702614323,Fri Jul 30 20:36:54 PDT 2021,271,396,1
1627770372769,Sat Jul 31 15:26:12 PDT 2021,271,401,1
1627771773237,Sat Jul 31 15:49:33 PDT 2021,271,402,1
1627777246336,Sat Jul 31 17:20:46 PDT 2021,271,403,0
1627837555024,Sun Aug 01 10:05:55 PDT 2021,271,404,1
1627521376795,Wed Jul 28 18:16:16 PDT 2021,272,355,1
1627524491847,Wed Jul 28 19:08:11 PDT 2021,273,353,1
1627530862769,Wed Jul 28 20:54:22 PDT 2021,274,357,1
1627618997804,Thu Jul 29 21:23:17 PDT 2021,275,0,1
1627751137949,Sat Jul 31 10:05:37 PDT 2021,275,265,1
1627663177976,Fri Jul 30 09:39:37 PDT 2021,275,322,0
1627698522210,Fri Jul 30 19:28:42 PDT 2021,275,326,1
1627685519453,Fri Jul 30 15:51:59 PDT 2021,275,343,1
1627530922896,Wed Jul 28 20:55:22 PDT 2021,275,357,1
1627617978019,Thu Jul 29 21:06:18 PDT 2021,275,379,1
1627654828406,Fri Jul 30 07:20:28 PDT 2021,275,380,0
1627655859772,Fri Jul 30 07:37:39 PDT 2021,275,381,0
1627663838978,Fri Jul 30 09:50:38 PDT 2021,275,382,-1
1627666848021,Fri Jul 30 10:40:48 PDT 2021,275,384,1
1627675310006,Fri Jul 30 13:01:50 PDT 2021,275,386,-1
1627680590634,Fri Jul 30 14:29:50 PDT 2021,275,388,-1
1627681839701,Fri Jul 30 14:50:39 PDT 2021,275,389,0
1627685987749,Fri Jul 30 15:59:47 PDT 2021,275,394,1
1627703562969,Fri Jul 30 20:52:42 PDT 2021,275,396,1
1627770346788,Sat Jul 31 15:25:46 PDT 2021,275,401,-1
1627771879310,Sat Jul 31 15:51:19 PDT 2021,275,402,-1
1627776469533,Sat Jul 31 17:07:49 PDT 2021,275,403,-1
1627837847097,Sun Aug 01 10:10:47 PDT 2021,275,404,-1
1627530983848,Wed Jul 28 20:56:23 PDT 2021,276,357,1
1627531167635,Wed Jul 28 20:59:27 PDT 2021,277,357,1
1627532272988,Wed Jul 28 21:17:52 PDT 2021,278,358,1
1627535348533,Wed Jul 28 22:09:08 PDT 2021,279,361,1
1627535668854,Wed Jul 28 22:14:28 PDT 2021,280,361,1
1627568663512,Thu Jul 29 07:24:23 PDT 2021,281,365,1
1627698408084,Fri Jul 30 19:26:48 PDT 2021,282,0,-1
1627751108014,Sat Jul 31 10:05:08 PDT 2021,282,265,-1
1627671004750,Fri Jul 30 11:50:04 PDT 2021,282,322,-1
1627698203821,Fri Jul 30 19:23:23 PDT 2021,282,326,1
1627685505639,Fri Jul 30 15:51:45 PDT 2021,282,343,-1
1627691831922,Fri Jul 30 17:37:11 PDT 2021,282,357,-1
1627568821568,Thu Jul 29 07:27:01 PDT 2021,282,365,1
1627671084140,Fri Jul 30 11:51:24 PDT 2021,282,382,-1
1627666554457,Fri Jul 30 10:35:54 PDT 2021,282,384,1
1627673687365,Fri Jul 30 12:34:47 PDT 2021,282,385,-1
1627675355948,Fri Jul 30 13:02:35 PDT 2021,282,386,1
1627675596012,Fri Jul 30 13:06:36 PDT 2021,282,387,1
1627680119211,Fri Jul 30 14:21:59 PDT 2021,282,388,1
1627681549792,Fri Jul 30 14:45:49 PDT 2021,282,389,1
1627684040032,Fri Jul 30 15:27:20 PDT 2021,282,391,-1
1627684683691,Fri Jul 30 15:38:03 PDT 2021,282,392,-1
1627686138798,Fri Jul 30 16:02:18 PDT 2021,282,394,-1
1627702782492,Fri Jul 30 20:39:42 PDT 2021,282,396,0
1627752575215,Sat Jul 31 10:29:35 PDT 2021,282,398,-1
1627770601284,Sat Jul 31 15:30:01 PDT 2021,282,401,1
1627771991658,Sat Jul 31 15:53:11 PDT 2021,282,402,-1
1627775689388,Sat Jul 31 16:54:49 PDT 2021,282,403,-1
1627837955199,Sun Aug 01 10:12:35 PDT 2021,282,404,-1
1627571078035,Thu Jul 29 08:04:38 PDT 2021,283,347,1
1627608317264,Thu Jul 29 18:25:17 PDT 2021,284,322,1
1627698393486,Fri Jul 30 19:26:33 PDT 2021,285,0,1
1627751114909,Sat Jul 31 10:05:14 PDT 2021,285,265,1
1627663187099,Fri Jul 30 09:39:47 PDT 2021,285,322,1
1627699456187,Fri Jul 30 19:44:16 PDT 2021,285,326,0
1627685444900,Fri Jul 30 15:50:44 PDT 2021,285,343,-1
1627679728783,Fri Jul 30 14:15:28 PDT 2021,285,347,1
1627691857313,Fri Jul 30 17:37:37 PDT 2021,285,357,1
1627610810940,Thu Jul 29 19:06:50 PDT 2021,285,376,1
1627618012189,Thu Jul 29 21:06:52 PDT 2021,285,379,1
1627654815323,Fri Jul 30 07:20:15 PDT 2021,285,380,0
1627655895734,Fri Jul 30 07:38:15 PDT 2021,285,381,0
1627663853687,Fri Jul 30 09:50:53 PDT 2021,285,382,1
1627666664375,Fri Jul 30 10:37:44 PDT 2021,285,384,1
1627675398812,Fri Jul 30 13:03:18 PDT 2021,285,386,1
1627680140317,Fri Jul 30 14:22:20 PDT 2021,285,388,1
1627681324053,Fri Jul 30 14:42:04 PDT 2021,285,389,0
1627684361949,Fri Jul 30 15:32:41 PDT 2021,285,391,1
1627686294242,Fri Jul 30 16:04:54 PDT 2021,285,394,1
1627690261145,Fri Jul 30 17:11:01 PDT 2021,285,395,0
1627703388214,Fri Jul 30 20:49:48 PDT 2021,285,396,0
1627770397501,Sat Jul 31 15:26:37 PDT 2021,285,401,1
1627771936598,Sat Jul 31 15:52:16 PDT 2021,285,402,1
1627776878185,Sat Jul 31 17:14:38 PDT 2021,285,403,0
1627838186687,Sun Aug 01 10:16:26 PDT 2021,285,404,1
1627698402605,Fri Jul 30 19:26:42 PDT 2021,286,0,1
1627751079541,Sat Jul 31 10:04:39 PDT 2021,286,265,0
1627663172642,Fri Jul 30 09:39:32 PDT 2021,286,322,1
1627698104218,Fri Jul 30 19:21:44 PDT 2021,286,326,-1
1627685538454,Fri Jul 30 15:52:18 PDT 2021,286,343,-1
1627691895442,Fri Jul 30 17:38:15 PDT 2021,286,357,1
1627610887961,Thu Jul 29 19:08:07 PDT 2021,286,376,1
1627617947003,Thu Jul 29 21:05:47 PDT 2021,286,379,1
1627655021340,Fri Jul 30 07:23:41 PDT 2021,286,380,0
1627656012591,Fri Jul 30 07:40:12 PDT 2021,286,381,0
1627663783210,Fri Jul 30 09:49:43 PDT 2021,286,382,1
1627664895168,Fri Jul 30 10:08:15 PDT 2021,286,383,1
1627666470363,Fri Jul 30 10:34:30 PDT 2021,286,384,-1
1627675842537,Fri Jul 30 13:10:42 PDT 2021,286,386,0
1627680394514,Fri Jul 30 14:26:34 PDT 2021,286,388,0
1627682611641,Fri Jul 30 15:03:31 PDT 2021,286,389,-1
1627686306000,Fri Jul 30 16:05:06 PDT 2021,286,394,1
1627703414725,Fri Jul 30 20:50:14 PDT 2021,286,396,0
1627770723312,Sat Jul 31 15:32:03 PDT 2021,286,401,1
1627772195259,Sat Jul 31 15:56:35 PDT 2021,286,402,1
1627777155063,Sat Jul 31 17:19:15 PDT 2021,286,403,1
1627838065412,Sun Aug 01 10:14:25 PDT 2021,286,404,1
1627614476813,Thu Jul 29 20:07:56 PDT 2021,287,378,1
1627656776483,Fri Jul 30 07:52:56 PDT 2021,288,380,1
1627698394975,Fri Jul 30 19:26:34 PDT 2021,289,0,1
1627751088275,Sat Jul 31 10:04:48 PDT 2021,289,265,1
1627671023221,Fri Jul 30 11:50:23 PDT 2021,289,322,1
1627699310127,Fri Jul 30 19:41:50 PDT 2021,289,326,1
1627685530034,Fri Jul 30 15:52:10 PDT 2021,289,343,1
1627691904410,Fri Jul 30 17:38:24 PDT 2021,289,357,-1
1627664557220,Fri Jul 30 10:02:37 PDT 2021,289,382,1
1627664858600,Fri Jul 30 10:07:38 PDT 2021,289,383,1
1627666479492,Fri Jul 30 10:34:39 PDT 2021,289,384,-1
1627675319053,Fri Jul 30 13:01:59 PDT 2021,289,386,-1
1627676012403,Fri Jul 30 13:13:32 PDT 2021,289,387,-1
1627680750774,Fri Jul 30 14:32:30 PDT 2021,289,388,0
1627681289463,Fri Jul 30 14:41:29 PDT 2021,289,389,-1
1627685258696,Fri Jul 30 15:47:38 PDT 2021,289,393,1
1627686319665,Fri Jul 30 16:05:19 PDT 2021,289,394,1
1627689895456,Fri Jul 30 17:04:55 PDT 2021,289,395,0
1627701938820,Fri Jul 30 20:25:38 PDT 2021,289,396,-1
1627769735108,Sat Jul 31 15:15:35 PDT 2021,289,401,0
1627772256263,Sat Jul 31 15:57:36 PDT 2021,289,402,1
1627776758893,Sat Jul 31 17:12:38 PDT 2021,289,403,-1
1627837996425,Sun Aug 01 10:13:16 PDT 2021,289,404,1
1627674963643,Fri Jul 30 12:56:03 PDT 2021,290,386,1
1627690151535,Fri Jul 30 17:09:11 PDT 2021,291,395,1
1627698287310,Fri Jul 30 19:24:47 PDT 2021,292,326,1
1627700123167,Fri Jul 30 19:55:23 PDT 2021,293,326,1
1627704975234,Fri Jul 30 21:16:15 PDT 2021,294,396,1
1627772485672,Sat Jul 31 16:01:25 PDT 2021,295,402,1
1627777516937,Sat Jul 31 17:25:16 PDT 2021,296,403,1
